Car -1 -1 0 78.3056026082921 187.55159572443196 238.32965336997623 257.8896604302127 1.53867 1.665679 4.0030403 -11.431644 1.9592524 18.635912 1.5587327 79.83329801196246 
Car -1 -1 0 313.4084780411601 181.33201876602803 517.8894539063026 257.6953411855054 1.4845622 1.6111226 3.8410988 -3.9921966 1.6743721 15.196962 0.080383755 112.6524653818012 
Car -1 -1 0 664.9280883041237 169.84387049738666 745.0107648339329 233.94446694351475 1.5404911 1.5746794 3.5247524 2.431793 1.4681504 19.12162 1.5460237 38.864272946856204 
Car -1 -1 0 636.8425320115355 171.75371561272587 683.2404865705291 210.6555070518393 1.517652 1.6422012 3.6232727 2.038682 1.4747272 29.967834 1.5618367 35.08263704087078 
Car -1 -1 0 327.66421441993134 179.64722008176238 406.1290813293659 224.86096562350775 1.4799056 1.5892186 3.896163 -8.693547 1.7447193 26.166521 1.5548344 11.599271156163146 
Car -1 -1 0 307.79862057729343 180.00311313555574 378.9184794603613 222.53357591463987 1.7103076 1.602427 3.838622 -11.569288 2.0427694 31.611597 1.601171 5.555003238690571 
Car -1 -1 0 138.70076512191307 185.80914239913398 346.3656695720573 324.14273866451913 1.4601886 1.599108 3.62294 -5.1187086 1.6704955 9.840058 0.82476646 67.00645399002644 
Car -1 -1 0 462.28852844680296 176.27427906886106 553.6279277601418 212.3391009191742 1.4429379 1.6268467 4.106818 -4.441368 1.6001862 31.207117 0.72031343 17.630962450447715 
Car -1 -1 0 683.2156166326369 134.48809708711715 835.8078391345938 264.95108888137787 2.0569172 1.8542731 4.6781645 2.6082098 1.4520292 13.731499 1.5526428 68.87970579425493 
Car -1 -1 0 358.7780006613288 178.75130934525018 490.8769107102373 239.30241057562935 1.5030739 1.6028451 3.9587004 -5.2292843 1.6835324 20.179996 0.71121716 0.27417612075805664 

