Car -1 -1 0 184.87893706272683 194.49851161804278 265.8759387304136 234.57475069177448 1.416176 1.504024 3.310666 -15.321617 2.3344405 28.95078 1.5640988 47.645049767697714 
Car -1 -1 0 66.04217217707732 198.8932352715771 198.72861555813014 252.46746545626212 1.4307797 1.6179626 3.990219 -15.166635 2.3405275 23.210506 1.5747325 54.42159808634886 
Car -1 -1 0 500.337311995147 178.94999865896295 577.6851871322463 233.36530333516254 1.4455929 1.6695963 4.4601846 -2.0297506 1.650288 21.953152 1.6293044 76.47895122163811 
Car -1 -1 0 932.1137656962211 154.06942896381787 1192.5129281960865 247.14367469392232 1.7760265 1.7339566 4.338176 9.155048 1.4175825 14.792739 -0.07376687 116.81992107697415 
Car -1 -1 0 579.5465148743557 173.12644380759758 612.3930275023582 204.63432511375342 1.6137996 1.6842551 4.3376265 -0.7208276 1.6294127 39.17209 1.5596782 12.842058853985312 
Car -1 -1 0 769.33834745864 165.64168409870223 808.2194764598205 190.81281282756447 1.6668606 1.6607289 3.6190965 12.276831 1.1892526 49.619404 1.5346676 15.524391319263723 
Car -1 -1 0 387.08828397547666 184.20475855848835 420.00335886058235 209.84064455391396 1.5477839 1.6333631 3.9742727 -13.51709 2.3280876 47.50917 1.4091077 5.528435050853698 
Car -1 -1 0 709.0534517605737 168.05843298471493 747.6757506566929 195.16452970436467 1.5663106 1.6337671 3.603933 7.118303 1.2892013 43.52009 1.5397774 7.734275787329774 
Car -1 -1 0 31.832042580677566 189.37345865852268 84.1603559961767 212.13370268319778 1.4930538 1.601917 3.895021 -40.010178 2.7413197 52.438877 1.3280025 1.406140491845778 

