Car -1 -1 0 683.7768028551659 181.86959645647062 821.1996520172803 268.7696239834602 1.4650624 1.6234614 4.28828 2.7418447 1.6779966 14.832273 1.479322 118.52226450456494 
Car -1 -1 0 783.684913882962 188.93003739174637 1090.458018102224 375.0 1.4247463 1.5684764 3.765702 3.061917 1.6369121 7.6313944 1.5815907 98.58044087033264 
Car -1 -1 0 676.0238525916961 176.18461339071058 748.487771410058 236.5239968929254 1.6255274 1.6303732 4.0418596 2.985156 1.7349968 21.688528 1.5779933 49.55209464197255 
Car -1 -1 0 269.13542077263435 176.68455945858173 492.7930242659215 249.80989285770056 1.4725358 1.6661283 4.3531237 -4.7975464 1.5608045 15.630349 -0.07616208 105.90665241536273 
Car -1 -1 0 656.7324550765838 179.64920663081796 709.9808777746456 223.46479190079828 1.4776986 1.5893927 3.838729 2.675233 1.7486309 26.849022 1.5709572 37.68008887128022 
Car -1 -1 0 416.41117239872733 176.64738055141734 539.5028615680629 221.30411245373008 1.5388544 1.644454 4.1399827 -4.6469145 1.6795437 25.886461 -0.025162619 28.932345513255452 
Car -1 -1 0 361.3702705127901 168.38226615067495 522.9633604130747 232.86991707623827 1.8213218 1.758667 4.3917637 -4.8410416 1.6950268 21.323086 -0.029964868 76.11606481164628 
Car -1 -1 0 640.6013849468127 180.01838027568132 675.5994561346082 211.660626399949 1.5091584 1.5396724 3.5869892 2.447336 1.8946192 37.02372 1.5665302 10.193035267801996 
Car -1 -1 0 635.7742761676452 175.86486673174548 669.3909800416735 203.32923825840427 1.7046016 1.6274979 3.5810232 2.7663667 1.908747 47.05712 1.4669032 8.261202805536794 
Car -1 -1 0 648.8046153644306 180.6523523390231 694.7463323315544 216.51373584802226 1.483486 1.536654 3.350216 2.7360506 1.8515385 32.326546 1.4968408 1.9621042751551723 
Car -1 -1 0 459.7002490765546 173.51488845769927 550.1625513195446 213.24931879129937 1.7769446 1.6778625 3.8381498 -4.797344 1.8084526 33.351032 0.112243496 4.953975758241137 

