Car -1 -1 0 671.9609683141772 180.91759422066292 753.7189158562916 238.59591793754103 1.4913263 1.5936694 4.0520716 2.9384532 1.7526288 21.308617 1.5066067 74.15887009236799 
Car -1 -1 0 721.5353364822157 181.3978139822118 842.9661046892678 272.42246286169313 1.5050004 1.603342 3.732376 3.2337863 1.6952606 14.176365 1.603503 80.64460823752641 
Car -1 -1 0 766.7580255243225 186.79675199093703 1013.8179692417214 343.45890091088035 1.4453909 1.6046323 3.9183626 3.1562617 1.6570262 8.980088 1.5871542 127.5871044848771 
Car -1 -1 0 380.0223906287938 176.16352047365766 529.2378006419646 227.32792762254596 1.5007634 1.6671685 4.2860737 -4.6760335 1.6070807 22.23294 -0.053149126 59.7725968402315 
Car -1 -1 0 468.40116742548724 178.0424038615386 562.7988980876747 212.96888851628603 1.5243556 1.6321273 4.054588 -4.186529 1.7644802 32.565422 -0.005943901 22.269624529435735 
Car -1 -1 0 431.9478768786978 171.8904781958107 554.6933357072973 218.7610552845239 1.7589631 1.7555772 4.491553 -4.431164 1.7228038 27.984646 -0.012913448 45.77686596037056 
Car -1 -1 0 655.0934837010875 180.5378638296429 697.2756425384936 214.885492399137 1.4672155 1.539932 3.519926 3.032993 1.8418226 33.397285 1.5447004 18.970836832117598 
Car -1 -1 0 0.0 183.72132226989183 418.02950162715194 361.7069383017079 1.5202653 1.6457635 4.123388 -4.210647 1.6433508 7.225463 0.0608935 62.307521304938746 
Car -1 -1 0 88.01407305703287 189.33841038812596 431.4915430712202 307.46753448105943 1.4193816 1.6025001 3.9861379 -4.6547894 1.6679153 9.909346 0.085855946 36.986257585254904 
Car -1 -1 0 496.73235394214277 175.92745687673516 574.0097334464486 208.17251726722537 1.7252533 1.6816988 3.9509923 -4.088211 1.900696 40.008945 0.17879505 9.348018203371515 
Car -1 -1 0 676.7321249257948 180.50334957742623 722.5709459402314 225.10276393896805 1.5901229 1.6409249 3.6477826 3.4686174 1.9097251 28.25984 1.656129 3.68714680256523 
Car -1 -1 0 641.5199675758798 180.3770119125437 672.5846254208416 207.4941849107128 1.5239149 1.5561057 3.8044715 2.8244536 1.997731 43.52791 1.5524799 0.9619029555780976 

