Car -1 -1 0 675.7183391943512 179.40349537947444 754.2489178369834 248.85222297901373 1.5864284 1.6299894 3.6406484 2.6287813 1.7727829 18.680582 1.6082072 102.14586690259006 
Car -1 -1 0 751.9961314687683 189.38716231491563 958.3185992142486 331.38311661373973 1.4454567 1.5156128 3.2366517 2.957096 1.6973891 9.360191 1.5487952 84.1448822958867 
Car -1 -1 0 251.17798030480142 175.31352845680715 326.99920257828575 214.94352802993174 1.5968299 1.6223477 3.7090337 -13.742047 1.7093694 31.159363 1.5723369 56.13199181491513 
Car -1 -1 0 578.5459475390224 173.93385390656738 638.8678519703831 233.48634634975443 1.6273713 1.656471 4.083325 0.01823318 1.6631529 21.850277 1.5915426 44.084247985011764 
Car -1 -1 0 649.5406419605584 177.0736513421063 689.0798797017746 213.10940358193199 1.5926199 1.6352713 3.791907 2.7837312 1.8040878 34.248184 1.5905297 21.810883887132892 
Car -1 -1 0 342.37881920912525 176.02622242200653 398.8403699443843 204.88532894603148 1.5476713 1.668363 4.1958466 -13.597048 1.7386398 41.300697 1.6195606 21.166055148558346 
Car -1 -1 0 155.93486911488253 180.74044771039186 269.55135720537913 226.82977228402882 1.4625525 1.6359267 4.221113 -14.003617 1.7674563 25.761465 1.6012025 19.665466037234467 
Car -1 -1 0 644.3174108881536 182.5110305120596 700.6439799149236 232.28037434266412 1.4970038 1.5664794 3.4731104 2.0355258 1.8430796 24.117826 1.566776 1.3425516606449472 
Car -1 -1 0 383.73111322080314 176.04857653347804 419.2970028311882 200.51254407664922 1.5324562 1.5370567 3.771396 -13.690344 1.7520038 47.64647 1.49036 1.8224965674039615 

