Car -1 -1 0 152.7721015600138 190.74443500541324 445.4185001880091 309.6138414742789 1.5465348 1.6591806 4.1593556 -4.9779677 1.8846263 11.789367 -0.58983064 160.1571641172316 
Car -1 -1 0 634.9870999333482 178.29439486793942 667.5596644105866 209.42342843591737 1.5214248 1.6200038 3.9400973 2.1494906 1.8226986 37.959877 1.6053945 19.922027225198562 
Car -1 -1 0 680.088764269842 157.2034851743601 783.3662347030986 257.7521079096596 1.8529677 1.6187372 3.7065816 2.4342232 1.564551 15.167399 1.5925896 112.91664785155601 
Car -1 -1 0 763.9315569545653 168.80297678222578 913.5406633805783 223.87332139693365 1.5053737 1.6093119 3.8028226 6.5686803 1.394637 20.835632 -0.16845761 35.22013337046537 
Car -1 -1 0 374.27555691952244 178.23537174280736 422.1348167648905 210.60310563727896 1.7152371 1.6594279 3.819907 -11.888449 2.0339346 40.803944 1.5494314 5.705760507052475 
Car -1 -1 0 446.46789795028565 185.66076627929948 475.6771527493492 209.39288590160203 1.7932594 1.6216542 3.8261704 -12.003656 2.8660307 58.518093 1.5593526 6.313671493700355 
Car -1 -1 0 619.931483622156 178.82531820027577 639.3114884018477 197.83960108081862 1.5158256 1.5213888 3.4807491 1.7027327 2.0305939 60.420643 1.6277549 3.2388938089675436 
Car -1 -1 0 342.40173158205954 187.31494208460546 395.84050253867343 220.23489677264178 1.4710021 1.5600688 3.640849 -11.833586 2.2239285 35.717365 1.5304948 1.311199223775616 
Car -1 -1 0 448.5503607065727 182.81638475158172 535.8128893002099 217.595491570153 1.5057532 1.5842195 3.6873543 -5.4297247 1.9862251 33.41513 0.35505572 0.2855789363384247 

