Car -1 -1 0 704.3266625798475 179.99427386501435 781.5998533659995 241.35091439374563 1.4680232 1.5553564 3.3424666 3.4875107 1.6763277 19.353893 1.6033658 102.89707475012483 
Car -1 -1 0 784.5484224476247 175.88288849691185 982.495532252657 306.8847887953891 1.5050278 1.6075367 3.8327 3.6588144 1.5567145 10.346571 1.6382915 105.09226223458879 
Car -1 -1 0 55.90156670754039 207.07649122327922 190.97353492181043 263.90290841259895 1.459233 1.5587802 3.6544693 -15.130985 2.6257176 22.700972 1.6657128 97.26471734303122 
Car -1 -1 0 191.41081176092248 195.60024808244646 269.99250030785146 223.72187123746696 1.4694616 1.6857708 4.2576866 -22.839487 2.9185271 43.68203 1.877875 18.27108858153021 
Car -1 -1 0 699.0476245204762 178.82102836377675 765.8905698982607 231.4523857084939 1.5571854 1.6510695 4.0309577 3.9686527 1.7713368 23.853159 1.604576 20.279809121108258 
Car -1 -1 0 410.97307623463877 189.960095297653 469.5497179005894 209.37547912495376 1.4683462 1.6684332 4.4216127 -13.9367695 2.9196033 59.44775 -0.48359972 16.329458718018348 
Car -1 -1 0 566.7920472786824 179.2877116233885 617.6169597376246 200.77690478266396 1.6740625 1.6486508 3.8037674 -1.4159024 2.2117767 58.728767 0.4545559 13.002250736288994 
Car -1 -1 0 277.80672968349154 190.51111804499956 335.6484297325861 214.95540014405938 1.5079249 1.5944498 3.7173715 -20.689257 2.7671018 49.438835 1.896025 4.5657911510222355 
Car -1 -1 0 335.47567105184305 189.8329269273696 389.88619201166944 210.49389656945294 1.4097915 1.5513829 3.9507725 -18.703485 2.7494965 54.819336 2.0388734 5.984114172673432 
Car -1 -1 0 465.18472002074407 187.21800182950133 486.3937618179242 203.81184151411708 1.5148573 1.664221 4.2345586 -13.283569 2.9880548 71.82256 1.4867749 3.0435242797286834 

