Car -1 -1 0 459.6140349512117 176.76325502791707 529.4978455682716 219.56068308216388 1.6140022 1.798962 4.501155 -4.670989 1.7889278 29.961094 1.6650496 52.68830851308159 
Car -1 -1 0 233.63710103973935 181.39074178056856 383.5572310180387 240.03504321285104 1.5836512 1.5997066 3.6132712 -8.518003 1.8376737 20.603668 0.037310593 37.445643224917404 
Car -1 -1 0 359.58509483063807 183.72944791731138 454.71558494380844 220.42492963236532 1.422066 1.5579535 3.634126 -8.465343 1.8981514 30.188303 0.3803362 12.576973267844572 
Car -1 -1 0 323.45028347862535 184.6207272481114 438.45387220364586 224.77450223615725 1.4363403 1.5841262 3.841435 -8.538158 1.8932192 27.162958 -0.0319119 11.866585067407806 
Car -1 -1 0 298.93440429693965 183.42235529666314 421.5359493444855 229.19729518519242 1.4868276 1.5777981 3.6687105 -8.538329 1.8651351 24.856728 0.10202636 12.134475536640409 
Car -1 -1 0 391.5308271546333 178.058144845049 458.40658223532915 205.30094717450274 1.4665625 1.5980983 3.9823847 -10.616559 1.7784331 41.393856 0.65443045 4.748565229997638 
Car -1 -1 0 262.35722909651537 182.1046797578817 402.2793150181014 233.92237417052675 1.5445559 1.6137042 3.7967424 -8.686384 1.8485711 22.777004 0.068929 11.921242984314576 
Car -1 -1 0 167.584508888035 191.22375199129027 345.4367189822406 252.72973027807245 1.4095154 1.5710243 3.7342286 -8.77154 1.8943269 18.077324 0.0985391 2.624957440072988 
Car -1 -1 0 370.39407930210706 160.96944871586592 419.5906905712754 178.3100248167833 1.5245275 1.6255071 3.8840418 -19.130222 0.47967577 64.40495 0.0823172 8.407927708888828 
Car -1 -1 0 363.68644043956385 183.4771787776045 456.768532184445 216.12407919099078 1.4056418 1.5730078 3.7886586 -9.0685215 1.9069517 32.92417 0.1872189 1.8778692532873926 

