Car -1 -1 0 676.14682314375 178.1394754878413 744.0756363872405 225.1443510211882 1.4291213 1.5572339 3.501738 3.2850816 1.6191828 24.144268 1.4998107 59.59038668016284 
Car -1 -1 0 632.013822342315 175.2429349192475 681.7817689213396 209.22657450405 1.4907577 1.6138883 3.8959033 2.165917 1.6099814 33.973724 1.4412794 31.97400554265055 
Car -1 -1 0 90.8493876200857 178.36390105384524 437.69957267512774 308.99680757082683 1.533087 1.6607409 4.1862926 -4.7704043 1.6255298 10.360369 -0.5091294 99.7571798006711 
Car -1 -1 0 386.0202448702624 177.76219572178908 520.6302928888459 226.2354619609089 1.4854268 1.6427282 4.1109233 -5.2048073 1.6610816 24.137342 -0.4851356 31.404469462304966 
Car -1 -1 0 269.2487654999628 182.33130037170162 473.58504725482817 257.68640693535394 1.4151816 1.6108202 3.951326 -5.144506 1.6459278 15.783409 -0.60321975 47.93575732841151 
Car -1 -1 0 615.8684703929216 174.57788799248436 655.8769232319906 204.63644983292073 1.5295029 1.5940907 3.7726564 1.3695698 1.6271598 38.907547 1.452667 22.021812478283756 
Car -1 -1 0 335.0686147969419 179.08298812755183 503.54842672268046 241.66818490423933 1.4623353 1.6255399 3.9751506 -4.953809 1.6409721 18.949291 -0.559043 25.983271995586843 
Car -1 -1 0 419.262258979941 170.21399826503662 518.5214597588384 211.54141666508255 1.6110902 1.6291668 3.6859937 -5.787386 1.5081733 29.772314 -0.5382583 23.19744050052588 
Car -1 -1 0 573.8891162964054 171.05146994985404 596.3170177675428 193.3926680760047 1.6959851 1.6553125 4.109975 -1.9588753 1.5591495 56.875767 1.5096152 0.2670537829399109 

