Car -1 -1 0 740.9826698452396 175.75124918698504 869.2613477347231 280.1426858838956 1.4377005 1.580838 3.8897398 3.0942426 1.4943829 12.083173 1.705019 77.55572906145397 
Car -1 -1 0 783.5154478732443 127.48594267236959 1124.34037527683 375.0 1.8740996 1.5972012 3.7800846 2.9124694 1.5510205 7.0467753 1.5945754 162.56583510512525 
Car -1 -1 0 511.65448296070787 165.45111989228025 628.3108602534975 232.88424761999534 1.785198 1.6104419 3.9568305 -1.0537335 1.589217 21.226389 2.0603154 116.37811491152821 
Car -1 -1 0 684.6410472497818 163.78684497892306 772.1332690479825 230.6726001894312 1.6833998 1.6309602 3.6690361 3.4052935 1.455195 20.166643 1.9603976 78.63312736335263 
Car -1 -1 0 644.6829013252734 173.92462884763233 709.0898810518192 210.64316898443488 1.5106691 1.5510815 3.3991256 3.0025027 1.5603994 31.654593 2.08833 12.269566753442875 
Car -1 -1 0 104.62410556941323 186.4912909170494 204.04143044972454 233.04225703797113 1.5552897 1.6687486 4.148143 -17.113445 2.1022506 27.070532 0.6072707 5.95019603949917 
Car -1 -1 0 179.2300324358527 186.6699832822773 253.02753619603382 220.4529074866427 1.5189917 1.6350561 4.0167994 -19.536629 2.2393074 35.781696 0.6237864 4.798124496541805 
Car -1 -1 0 0.0 193.97308752977634 39.2031027457867 227.51761741777045 1.4873295 1.6015414 3.9498124 -30.166182 2.602108 36.216705 0.68531686 2.3356689406368223 
Car -1 -1 0 845.0838197984395 168.77013962193993 924.3656097342966 234.93059632139867 1.5643854 1.6517894 4.101805 7.224519 1.4678211 19.261053 1.8543307 0.2989634573459625 

