Car -1 -1 0 662.5454110070333 168.43899640000083 776.2396875213933 264.8427787108417 1.696156 1.6147196 3.7842317 2.0772583 1.6184771 14.611829 1.5389205 129.55668334905315 
Car -1 -1 0 878.4559527327391 175.3170848406213 955.4030167061221 210.4378023229714 1.4973919 1.650769 4.1736255 14.021004 1.6178377 33.171463 1.5389374 30.643329790425057 
Car -1 -1 0 354.28744255577476 177.597049461658 473.9542815442544 213.68207391616167 1.4189291 1.6846688 4.5358567 -7.9581275 1.6211122 29.70322 -0.095139615 105.26307126479485 
Car -1 -1 0 826.6987877012604 170.7041774317432 935.5660556986528 233.50657502056353 1.7095374 1.6945772 4.214737 8.02671 1.6510172 21.748394 1.57065 42.88055936425453 
Car -1 -1 0 392.56419475157355 174.10833145627916 489.9266987928195 208.09574096918976 1.5858433 1.6777678 4.2759056 -8.00812 1.647416 34.57405 -0.0028299566 18.525859672238713 
Car -1 -1 0 559.331781754416 173.24711451033974 586.4818608317016 200.79576739008968 1.7268598 1.703588 4.141245 -2.4080138 1.7538352 47.400658 1.5195662 20.938662489970536 
Car -1 -1 0 637.3716614010899 160.34344478728286 722.5150400755788 242.79777565988664 2.0387444 1.7645938 4.506493 1.8325825 1.7294116 20.127151 1.5309607 45.85111103064124 
Car -1 -1 0 500.55366120808924 174.59773232698603 525.686671436901 195.11925639836582 1.5629493 1.569706 3.6386538 -7.599828 1.7053732 57.099342 1.5513325 3.299626830803639 
Car -1 -1 0 469.62417534389726 175.81264310070293 524.736716698827 197.8617490775295 1.5235691 1.596135 3.7323756 -7.913365 1.7366526 51.0363 -0.07153452 2.2359781970297368 
Car -1 -1 0 516.3650532566766 175.0283870832016 537.8579283637902 193.24539116563173 1.5646961 1.6001863 3.9124126 -7.332673 1.7648318 64.42986 1.5367777 2.2578369034764996 
Car -1 -1 0 600.0828448847628 175.24768053595048 625.8819128377562 192.3560943151346 1.528347 1.5817039 4.0331707 0.28643954 1.7583435 67.19205 1.3614516 1.7597220574577792 

