Car -1 -1 0 395.95198921182373 184.33105196315157 474.9279054089953 238.1518705121053 1.4599137 1.5857983 3.5973146 -5.245883 1.8409345 22.148096 1.5615983 57.710334286546576 
Car -1 -1 0 185.32567280182647 173.6309114640682 411.59692149611897 300.4599320674311 1.6759193 1.7396902 4.335246 -4.7277656 1.6909206 11.74667 1.591895 155.6335401999612 
Car -1 -1 0 466.6535618449449 178.92614492997288 514.1865427539349 215.6395683872143 1.5432229 1.6114199 3.9828153 -5.3836155 1.8379095 33.005737 1.5455024 20.84289233604515 
Car -1 -1 0 157.31518242806712 180.99238404182188 260.90272864227114 225.04454981187857 1.4307995 1.657661 4.190723 -14.479592 1.7523321 26.366375 1.5122496 24.466338765272685 
Car -1 -1 0 0.0 197.31403420489033 227.12209674510066 296.5973772596916 1.4578502 1.5730871 3.651444 -8.547176 1.8920696 11.920694 0.056388084 57.75052317378027 
Car -1 -1 0 81.95780890728912 178.61419050881898 205.4380217306137 215.60834637362484 1.4858757 1.653027 4.2032547 -19.481842 1.735276 30.262873 0.07306576 19.654603019353473 
Car -1 -1 0 211.407446163862 184.02085835208217 322.023849167908 233.19046924274792 1.4168596 1.5645931 3.7094507 -11.079367 1.8029199 23.252663 0.5994576 18.664039054568835 
Car -1 -1 0 329.5345195757951 178.1909533001656 418.2983876977634 211.11190675355806 1.4250536 1.5755545 3.795378 -10.843526 1.6815505 33.195644 0.412075 4.327939812054182 
Car -1 -1 0 432.63349142828974 182.61538030113974 479.0305532534561 224.71688433501532 1.4364563 1.5098664 3.2229865 -5.721998 1.8263448 27.114246 1.4224292 2.1537452573590685 
Car -1 -1 0 13.955878029202944 198.30912110267604 249.10509505245022 279.048661114515 1.4453542 1.593954 3.8047848 -9.532578 1.9931138 14.534344 0.10510813 1.5075791116208601 
Car -1 -1 0 276.5168149364058 158.8295076948126 347.57475774369385 185.24961783402242 1.6574879 1.6674292 3.8612976 -19.004879 0.7776493 46.180862 0.04228666 2.4498417180079137 

