Car -1 -1 0 45.1270226452173 189.5874025429024 193.08426067347528 248.7074439884795 1.4933255 1.6344327 4.0085535 -14.324418 2.0356736 21.374851 1.5790987 87.45169439801616 
Car -1 -1 0 671.4271039269298 180.42114880004988 750.8196567718596 239.94820411578817 1.4579226 1.6109302 3.802158 2.7217722 1.6885278 20.073563 1.5531886 73.35281383006203 
Car -1 -1 0 226.59457188655745 186.90778594306414 309.4143937020889 225.52019397025524 1.4397595 1.6448704 4.0841794 -14.303574 2.0733209 30.466356 1.5465473 38.5006683844229 
Car -1 -1 0 575.2430878097096 172.77151483711953 632.3264485450411 229.8136353655287 1.6684756 1.6721936 4.2547016 -0.11670126 1.6660628 23.252491 1.5958058 36.90598543011146 
Car -1 -1 0 736.2834804350024 192.50311052525564 1010.0754951388867 370.64067314385704 1.3958292 1.5773233 3.8368816 2.5666633 1.6666925 8.013303 1.5517569 93.1177307655261 
Car -1 -1 0 703.8213331418879 188.4821726299743 835.7903654230751 287.904277271943 1.399056 1.5750831 3.785201 2.6386924 1.7149293 12.669376 1.599193 52.56746755588251 
Car -1 -1 0 368.5233349377758 181.9811248974935 412.9088575091909 205.51554272383802 1.4033846 1.5888119 3.982852 -14.069918 2.018107 46.58957 1.5907078 21.644539877882252 
Car -1 -1 0 641.0417563882742 176.88462708518946 677.7611799231837 212.57328778625757 1.5692397 1.6343278 3.6050215 2.3220162 1.7694075 33.987877 1.6261283 35.04817892839608 
Car -1 -1 0 630.3362625042663 176.28796921670832 654.8562158722186 200.62502756690185 1.5874794 1.618427 3.8703723 2.2948046 1.8329692 49.602715 1.6291761 5.668526566587415 
Car -1 -1 0 409.5579236126132 179.307577971832 450.1252506294664 200.35722945942803 1.542895 1.6924322 4.0707417 -13.9750805 2.0657043 56.32271 1.7038845 3.986413189872649 
Car -1 -1 0 666.3002939196456 182.16614573323758 725.8786275128856 229.14100064959982 1.4445477 1.5819545 3.4887192 2.8827338 1.78511 24.635567 1.5605022 1.54451589640503 

