Car -1 -1 0 268.18839417104545 185.32700797164998 403.0499282369344 235.61104094593912 1.4446689 1.5574056 3.6060607 -8.429686 1.8488746 22.319786 0.16403423 25.923701356644607 
Car -1 -1 0 345.30338104324807 179.4205068345108 422.1567247059101 212.35635947946741 1.4087801 1.5515734 3.5951867 -10.423021 1.7265546 33.22714 0.6345682 23.339695146304212 
Car -1 -1 0 403.04549098903976 174.5268576258113 506.1307095033131 235.2762480027904 1.6574016 1.8103936 4.425787 -4.5971184 1.7139697 22.105402 1.6729319 78.27422369333969 
Car -1 -1 0 189.0513941502715 185.79958163353436 368.176723547276 249.1485436731475 1.4490349 1.5989813 3.8166375 -8.204997 1.7917855 18.024508 0.15194055 6.2625128645917 
Car -1 -1 0 285.17255511556874 186.55122207531682 412.18558318410606 230.04643268512692 1.4152501 1.578022 3.815268 -8.957165 1.9056938 24.938803 0.057123475 9.732339459620874 
Car -1 -1 0 0.0 181.68668377046828 252.7375633364253 280.9416589597683 1.617661 1.6053201 3.628893 -8.509228 1.7837726 12.738566 0.015682891 46.514949289079105 
Car -1 -1 0 77.65146180661851 178.13062188201607 303.7659134199765 264.91342651198556 1.6847436 1.6315185 3.7652097 -8.577198 1.8006535 14.981422 0.028121136 15.331245942651801 
Car -1 -1 0 347.2366185923796 177.0541118342467 429.17106276315616 207.58972683885352 1.4635947 1.5959814 3.8306272 -11.190303 1.6845396 36.473896 0.400985 1.6309897469280792 
Car -1 -1 0 339.68151105482417 158.2979901238261 394.8844974357813 178.68778762047663 1.57399 1.6338246 3.769405 -18.981562 0.4503388 56.612015 0.051541977 0.7819857952224342 

