Car -1 -1 0 720.8904612838355 178.22761137964946 862.2704650009894 269.2898107771931 1.4599218 1.5823482 3.555433 3.2630177 1.5748179 13.605232 1.5102055 112.15804405289668 
Car -1 -1 0 636.354045685432 172.64056116592684 711.9278191161627 222.6745000279832 1.4840106 1.6153235 3.7363245 2.000671 1.4776798 23.365976 1.4260758 71.5971930705422 
Car -1 -1 0 204.67313437211217 176.30831634293455 443.08274003774835 265.20154177146384 1.4691802 1.6278125 3.9844675 -5.332596 1.5422747 13.659115 -0.45658648 90.19378588465507 
Car -1 -1 0 616.5472930716799 170.6925811847884 672.3239104948207 212.63839748023346 1.5371565 1.616653 3.772754 1.3040032 1.4579484 28.405718 1.460191 41.89911575481051 
Car -1 -1 0 0.0 179.38325865964947 367.2669997765478 341.6737062373945 1.4824879 1.6261251 3.9723277 -5.0182123 1.5731678 8.372316 -0.48740786 65.60079874143817 
Car -1 -1 0 303.88983173134307 165.2039856023357 461.42716857119655 233.35681387651888 1.6462773 1.6274791 3.6746852 -5.9771338 1.461486 19.126553 -0.5890041 73.85109978134425 
Car -1 -1 0 352.88101565731665 171.36672596757995 489.16535537288735 224.86379625934111 1.522542 1.6177393 3.7410493 -5.7797327 1.4802136 22.261484 -0.602347 12.37805323146253 
Car -1 -1 0 605.2459264226794 171.088713160262 656.4519877820161 205.09304944307465 1.5013607 1.5975643 3.8271103 0.93873066 1.4234195 33.888752 1.3774198 13.4262523208966 
Car -1 -1 0 563.3855047166132 165.35066182545177 590.4137348643176 193.52935800020245 1.7365267 1.651841 4.1939707 -2.148036 1.2741294 46.61297 1.5034194 0.4634656703000935 

