Car -1 -1 0 703.6770757070475 187.44197918714443 863.7415373133969 292.7975778426155 1.4152689 1.6287036 4.387857 2.779766 1.7130452 12.516711 1.5483642 99.00373454348673 
Car -1 -1 0 664.1005833072571 184.96137453205407 727.8427588917805 235.12710696222683 1.4122059 1.5623065 3.5214076 2.6696377 1.8267964 22.936983 1.5580715 78.17425020814386 
Car -1 -1 0 782.2507408417414 189.00806750239897 1192.10764670811 375.0 1.4335983 1.5884645 4.2222667 2.9438632 1.6325486 6.7648764 1.5575856 88.28613519712327 
Car -1 -1 0 626.9026533389473 182.36798653948858 662.4347754965228 212.90866877470023 1.4651735 1.5305558 3.4376206 1.7811848 1.9821597 37.457184 1.5266551 27.261076940528024 
Car -1 -1 0 200.48577703339464 187.112360997957 284.32531310737136 221.70625194820377 1.4437821 1.6761885 4.293679 -17.214598 2.159981 34.0727 1.5997758 60.73382139464818 
Car -1 -1 0 650.1872753685649 182.87095143827278 700.1033348750071 224.9612323350338 1.49805 1.5907283 4.063051 2.537413 1.9245667 28.686266 1.5645418 17.930072136475196 
Car -1 -1 0 269.51357161565335 185.25367949392776 331.02581804819096 216.61733898302583 1.5665846 1.5834291 4.0140986 -16.918447 2.283058 39.6665 1.5943224 13.47289417018311 
Car -1 -1 0 558.5756594870808 179.91400321865555 600.6728343951578 194.9449145537281 1.5184519 1.6424692 4.102139 -3.1163874 2.2681158 75.34895 0.23005453 1.026454816083281 
Car -1 -1 0 422.48820757532485 182.90729891526533 465.5577625440766 197.47062018182606 1.4719152 1.647182 4.2292414 -17.607143 2.5638525 76.75941 -0.41752422 0.2585959732532501 

