Car -1 -1 0 714.1820613483256 186.4567706435848 883.2731986029503 301.49305143500135 1.430237 1.6054313 4.17222 2.7845006 1.6873889 11.552402 1.5686601 93.48518344144686 
Car -1 -1 0 669.292664775724 181.7117404900752 729.3720829413876 232.1740114199977 1.5239537 1.6275735 3.7125018 2.94773 1.8454525 24.317966 1.5891091 72.7187172296284 
Car -1 -1 0 234.93307312801545 183.81302029573868 473.90968778806354 265.3898047067442 1.4134214 1.6536843 4.401845 -5.164886 1.6646606 14.760753 -0.49996382 157.7456904309172 
Car -1 -1 0 650.7326310539644 182.080337103224 691.2540513343736 217.21138368425665 1.4993998 1.5779152 4.1254215 2.8324199 1.9599307 33.948288 1.5764606 16.392487771145728 
Car -1 -1 0 300.35513087628476 173.38318216637975 488.1983848916017 253.55530501329972 1.742059 1.7024977 4.0510187 -5.180984 1.756341 17.588373 -0.6335804 30.737374167999064 
Car -1 -1 0 477.6150293645229 177.29487072340177 554.7225372679304 208.5171815019115 1.6905556 1.6615812 3.9955316 -5.2711782 1.9501851 40.81996 0.28787565 7.0228722436641915 
Car -1 -1 0 643.5303280293775 182.56758715289462 678.1537845611933 212.65551376112828 1.510648 1.5920928 3.7789361 2.751295 2.0658529 39.345978 1.5633172 4.516902135042601 
Car -1 -1 0 492.04383213897626 181.58355603006248 574.7497781229308 214.5609029377743 1.5450218 1.6163015 3.812518 -3.8058615 1.9985287 36.029694 -0.37808028 4.337223394329197 
Car -1 -1 0 387.9630800632821 165.8591897836283 526.1605556251958 223.98182102490566 1.9665198 1.8214349 4.6019425 -5.5375013 1.7298574 26.399845 -0.55557835 1.9827807589726774 

