Car -1 -1 0 536.9028534409374 169.90164221098306 606.8603138771899 201.55913777692138 1.4326515 1.5140198 3.4798205 -1.754358 1.2990432 34.5111 2.1852045 52.507250097901114 
Car -1 -1 0 772.3621246952932 163.73776793117165 907.8852102897521 207.27587849652764 1.4980497 1.674439 4.2857018 8.1259165 1.1843803 25.67293 -0.004296532 95.64485207340745 
Car -1 -1 0 616.4631455347487 165.7709914400802 747.3041700705563 213.30485114192393 1.6211826 1.7322296 4.482961 2.5603702 1.3796104 25.706533 0.10575315 121.05779558582559 
Car -1 -1 0 905.2934763230544 155.98650229896094 1047.778260751408 201.96459004410227 1.5576057 1.6730077 4.165639 12.808318 0.98618317 25.33495 -0.026462413 100.84414375801592 
Car -1 -1 0 268.96173312568385 180.01662307157162 364.6970307513593 216.50035012876273 1.5527008 1.6059715 3.583556 -12.909625 1.8785192 31.938246 0.045461938 38.56791274087376 
Car -1 -1 0 590.0097818614312 166.85261847003125 664.8954230541709 199.09689258204367 1.4498272 1.6625656 4.0100775 0.9183242 1.1799817 34.565536 2.1747842 27.501572342981436 
Car -1 -1 0 1055.5073222395229 155.91784064698757 1210.964360285048 199.57856240700372 1.4582225 1.6379236 4.174617 18.003582 0.89257234 24.929173 0.005565631 31.972663084336094 
Car -1 -1 0 901.746549773708 155.09252111288754 947.6618757672088 186.6704261457299 1.4508135 1.6208664 4.072171 15.46962 0.63478094 35.31925 2.0929956 8.46354818503407 
Car -1 -1 0 725.3676597400782 160.3205842114294 809.0990726248818 194.3520589840261 1.5073056 1.6105216 3.8683715 7.39286 0.95218146 33.71641 -0.6014715 3.884674319099386 
Car -1 -1 0 952.6572063516978 154.6098550634614 1062.990143449025 191.78174726234684 1.4792185 1.5824624 3.7563043 16.456127 0.7532107 29.99065 0.2789409 0.7566715385859941 

