Car -1 -1 0 947.0376794264473 174.7577922743421 1242.0 337.65532839862226 1.4917984 1.6220826 3.8981087 5.6718655 1.5198758 8.647856 1.6298063 97.23562924082573 
Car -1 -1 0 270.7212597340056 189.16273010348746 391.5956639862819 228.7491472542596 1.4329925 1.6754035 4.454024 -11.269538 2.1330087 29.252474 -0.4469389 53.37700984677097 
Car -1 -1 0 426.85598562493783 183.858845763771 475.2341052913133 211.15166140503908 1.4354815 1.7102357 4.3237753 -9.13621 2.108164 41.911552 1.6092956 39.00227995534391 
Car -1 -1 0 982.3868361659568 153.22340148129507 1105.928616417491 199.45035337253248 1.5867069 1.5849556 3.4195797 15.337726 0.91290057 25.579962 0.012447526 43.147825248038664 
Car -1 -1 0 465.4933299328355 179.56996363566878 555.877461406103 219.66359477032026 1.639302 1.6345291 3.6789768 -4.3468304 1.9487526 31.642454 0.5038171 70.38506778426893 
Car -1 -1 0 77.12289768406873 192.83779166858878 211.29650584140296 240.82360109533957 1.424113 1.5687406 3.5662186 -15.981227 2.167733 24.930515 2.15876 45.27056926675642 
Car -1 -1 0 647.2813585095479 170.21237372208404 682.8786891446465 200.09230817717878 1.7108998 1.6182911 4.117261 3.2908566 1.5596423 43.412865 1.5183405 11.09973561734057 
Car -1 -1 0 1051.8111718585833 155.23072594851385 1218.3698931252575 203.0542140256783 1.4458861 1.6173556 3.9885 16.49771 0.91306734 22.808258 0.09459409 33.83173886946414 
Car -1 -1 0 182.38652352559777 185.37850169387394 289.7530356988967 230.29675017633068 1.6903026 1.6472362 3.6812618 -15.484719 2.2427335 29.998278 -0.71343577 28.497901120585617 
Car -1 -1 0 20.72647125280853 192.39008725211858 150.33280171856038 238.5655836367289 1.4575684 1.5446323 3.5418804 -18.945269 2.2167854 26.190872 2.2749305 21.253804955589814 
Car -1 -1 0 265.6535204447959 182.77045722590702 299.9633303544365 211.45080213670815 1.4881582 1.5676482 3.927532 -18.5237 2.0809119 41.015404 1.1993873 1.4490799595186086 

