Car -1 -1 0 0.0 190.4963685610281 230.79786187262724 354.44484881169495 1.5076225 1.5634539 3.449497 -6.1521454 1.7676867 8.829942 1.4503703 103.41206059604993 
Car -1 -1 0 323.37970042066604 181.104610089618 418.55731045119626 234.89553262394088 1.4231997 1.6632493 4.2522707 -7.104638 1.6985493 21.917025 1.5235484 60.45962919553136 
Car -1 -1 0 178.5648440944539 184.3765387102904 353.394056070092 279.9108378182612 1.5127486 1.7068665 4.35739 -6.4963956 1.7756331 14.214548 1.4798489 69.4774020218069 
Car -1 -1 0 611.6135805089621 170.95359656190828 718.3698019862447 209.21166006642125 1.41152 1.5930654 3.8441114 2.1545463 1.341405 28.206661 0.47378045 76.0548132229101 
Car -1 -1 0 464.4378312054133 175.55488759689993 497.3316263531847 200.62278290916947 1.5116248 1.562591 3.7434168 -8.128093 1.6902618 45.821022 1.5305368 18.71529201634907 
Car -1 -1 0 544.3492383302496 173.76055776859678 580.0105516657859 205.76622456990467 1.517554 1.6300123 3.790626 -2.4277344 1.5656347 36.29579 1.4626086 16.47492859744657 
Car -1 -1 0 440.2101723265021 177.12957018479463 482.7145725607821 207.70120358093484 1.5267358 1.5528853 3.616457 -7.819522 1.7647941 38.357872 1.5600467 19.824077649205172 
Car -1 -1 0 703.8371425156839 160.5230253138346 779.314614900172 189.17190041173944 1.514852 1.6008437 3.774485 7.2716107 0.86283314 39.83845 0.56464005 36.54526493620169 
Car -1 -1 0 1078.3485711314147 152.9849374441805 1144.3477603189906 176.98811847542783 1.5353041 1.512733 3.2676177 33.295544 0.2644284 47.94552 1.0538741 1.8899473059154277 
Car -1 -1 0 482.1317284972617 175.16495825446663 515.4003062482417 197.28525793080655 1.5115676 1.6052876 3.9669354 -7.9008975 1.6837671 51.746166 1.6175578 0.9655579374948012 

