Car -1 -1 0 0.0 187.65041069195055 138.89114215579488 286.5282503341718 1.6220527 1.6892366 4.235616 -11.289886 1.9482014 14.135244 0.5087461 69.4569449686309 
Car -1 -1 0 168.71318208056732 189.41700978519725 267.23765254447346 236.6285704474812 1.4502004 1.5454714 3.467475 -13.511646 2.066526 25.11477 1.5715855 38.865482109822985 
Car -1 -1 0 527.9708845658873 174.9336179220575 607.7691451525969 214.3930431905074 1.4716759 1.6720053 4.2770243 -1.785146 1.5631025 29.436207 1.0994589 28.742537447346756 
Car -1 -1 0 270.0400536161997 195.91402155141728 336.60784068535617 226.64878404430075 1.5172902 1.654014 4.0001698 -17.254148 2.889971 40.856564 1.7072818 8.934555798346997 
Car -1 -1 0 307.3119342512079 185.3736579972004 364.6693435631952 234.39906968746985 1.4359925 1.6782551 4.152012 -9.291726 1.9002365 24.516678 1.2046806 21.35123587400625 
Car -1 -1 0 463.50192613620794 177.4176480496801 549.4108185796478 222.2121793016944 1.4845476 1.6723496 4.041499 -3.865739 1.6659181 26.514378 1.025281 25.061476963754576 
Car -1 -1 0 1167.9920055559655 156.1574499223761 1242.0 193.8834877453597 1.5106866 1.6509742 4.258098 25.827894 0.8420964 30.461515 -0.3873466 9.571657725671743 
Car -1 -1 0 590.3590586190976 172.53866445168643 650.1037707212453 209.8666019183102 1.519444 1.6484053 3.9646368 0.39439958 1.506608 31.493042 1.3270038 10.943119356987365 
Car -1 -1 0 386.78358574650434 191.84769583691875 466.2779864359319 223.45639699025415 1.4603395 1.5789232 3.8015306 -9.3241205 2.46784 36.731026 0.45333037 6.892915928997926 
Car -1 -1 0 903.1680952223865 162.04123936757648 928.81805856717 180.65441633855528 1.5156323 1.6318276 3.9495344 25.818707 0.63517135 60.882584 1.8792628 1.8963371586369493 
Car -1 -1 0 112.82915767866648 191.31574394093548 212.31405768985312 235.3782919348344 1.4089051 1.5782161 3.5751848 -16.248173 2.1319823 26.43163 1.5157511 6.296441989984524 
Car -1 -1 0 632.2882883157636 172.93691983144745 714.78479401152 203.14341659445765 1.4514891 1.5890651 3.8210475 3.207509 1.4558148 36.161224 -0.40400636 2.815468496661846 
Car -1 -1 0 880.0825666654646 164.79004664007667 905.3885224033471 187.7864517689135 1.5041027 1.5499625 3.9158704 19.339916 0.9766716 49.298603 1.9433753 1.618666522384677 
Car -1 -1 0 616.4664294928031 161.17665006183853 671.6642842615406 181.6102234761304 1.636517 1.6872721 4.214563 2.8382301 0.70128226 59.398556 0.4082342 0.2990669310092926 

