Car -1 -1 0 917.7716851431958 157.58317535167203 1085.216414998443 230.01553341745188 1.4540341 1.7193054 4.5991397 8.876464 1.1474818 16.845638 1.6512539 73.32328294949119 
Car -1 -1 0 691.2411826726283 171.25667814419333 769.4963787093551 236.20628184601208 1.4049292 1.6826646 4.248679 3.0935545 1.3703773 17.864452 1.7910234 38.78746039202397 
Car -1 -1 0 1068.3340831602661 155.52351953413034 1242.0 217.4483791653883 1.4429743 1.6807963 4.207139 14.450664 1.039139 19.00868 1.4396698 40.09208312026131 
Car -1 -1 0 1000.1464770631966 160.05561444528018 1186.0497765523883 224.08609777206993 1.4059374 1.6360884 4.191783 11.791305 1.1249192 17.987011 1.506707 51.18712608742279 
Car -1 -1 0 535.331168640641 174.49361359226725 660.4740455721524 230.02833210419718 1.4216391 1.6601429 4.047543 -0.2249268 1.4736962 20.753304 2.131486 74.23409657406161 
Car -1 -1 0 455.2482561495486 177.10550431998905 563.6864127213639 221.17524142152934 1.4038976 1.6371665 4.004 -3.4454908 1.5669299 25.533184 2.1178818 21.663200027377425 
Car -1 -1 0 490.97849126430333 175.98206527049337 607.0180828211437 224.45848408753503 1.4024324 1.6861153 4.064577 -1.8528278 1.513022 23.332218 2.1093163 35.82560301438691 
Car -1 -1 0 150.9149016336149 176.0328967574987 246.6347762372282 243.6545669653778 1.7118262 1.7456946 4.4148526 -11.893459 1.8132675 20.752073 0.9016347 70.79111357238219 
Car -1 -1 0 792.5705509616334 178.98525014346544 883.7910682671184 217.4545112551234 1.4652857 1.604082 3.8727715 9.484211 1.7339764 29.835993 -0.62562203 23.99510937363203 
Car -1 -1 0 743.1334620431195 180.50201312913026 830.8490305949424 217.00516461810744 1.4928229 1.6178781 3.8951652 7.9051147 1.8512411 32.03406 -0.6113357 17.50410850001316 
Car -1 -1 0 411.0815308890585 178.42625468673373 508.1476535332907 219.258265623726 1.3961788 1.6264141 3.9692137 -5.593338 1.6243541 27.401445 1.9768476 8.570611865149473 
Car -1 -1 0 848.5077057297615 176.9874036146447 942.1767956871312 218.02304372969041 1.4653394 1.5852368 3.6741924 11.038694 1.634353 27.805456 -0.6061604 13.412438554204043 
Car -1 -1 0 300.6842302527158 178.15494768836726 379.9806273959361 207.522097323548 1.4928472 1.6479628 3.7545834 -14.642959 1.7968667 39.38965 2.22328 8.957405026108336 
Car -1 -1 0 675.1117423957993 181.00452928453217 719.7219307465544 212.9717698049602 1.4614768 1.6455743 3.9854805 4.32588 1.8911817 36.027058 1.5450957 6.28257090952728 
Car -1 -1 0 383.4745695782473 182.07524137810555 462.7854664724113 218.77173124395011 1.3498187 1.5475696 3.724534 -7.5431514 1.7528107 29.538113 1.8178751 3.7963950529618313 
Car -1 -1 0 1144.652489484613 134.1715733644742 1242.0 169.17442410389287 1.8076725 1.6873305 4.112527 32.360905 -0.21465337 39.907024 0.9969225 2.7486602980582173 
Car -1 -1 0 897.6680749021673 175.6124690569371 999.3276522456173 219.82994806983544 1.4631491 1.5716552 3.7659485 12.141614 1.5682387 25.788126 -0.58983696 0.8086642486187997 

