Car -1 -1 0 283.6472816510079 192.03033066573772 428.7181400673767 272.3459880706828 1.4569169 1.6474898 4.224122 -5.498598 1.9458139 16.253471 1.609026 108.5996798191444 
Car -1 -1 0 794.82619646214 175.02390082245853 1143.4365399785836 278.213252501093 1.4042896 1.6586237 4.3555007 5.142267 1.4393232 10.753212 0.030907258 167.80865019651867 
Car -1 -1 0 721.5677913348901 177.4208038788617 903.467050770283 241.12296190962584 1.4730606 1.6227884 3.986662 4.873329 1.5903184 17.667229 -0.024043038 80.49542754881095 
Car -1 -1 0 712.6690012137849 178.07059971401108 863.5369311363957 233.1645124665457 1.4666934 1.5889308 3.8172433 4.9313164 1.6192274 20.23492 -0.03615941 23.923544573747368 
Car -1 -1 0 669.2089951766065 176.62713296840528 757.548652988258 211.5589458175098 1.5722605 1.6248946 3.8187253 4.7955985 1.7529783 33.618904 -0.06776603 16.443533740566465 
Car -1 -1 0 698.095394485903 175.1116711572502 828.6756033404354 226.72201555494343 1.5541542 1.6039348 3.7432942 4.7525167 1.6275187 22.623379 -0.011533635 18.873967512405805 
Car -1 -1 0 680.4312404183939 176.3399649715801 810.7237622420326 222.54387017819096 1.554455 1.6601478 4.233418 4.787321 1.683878 25.619873 -0.1660795 20.68149918049252 
Car -1 -1 0 622.0319034709474 175.2337596634226 662.9702898618614 189.22749302287133 1.4775164 1.6423366 4.168585 3.5762258 1.7424176 78.55072 0.5333707 4.488288395188075 
Car -1 -1 0 750.0543955859983 161.4404202845114 783.7562450940466 179.58288675171096 1.4854895 1.5939419 3.8640795 13.2805 0.5509551 61.094807 1.446534 1.5608101095205036 
Car -1 -1 0 478.72601749047516 182.5705925261893 517.4601698971259 209.81937879230898 1.4744477 1.6381321 3.6907434 -6.4743934 2.0681455 42.227867 1.5879425 0.49734844205020345 

