Car -1 -1 0 173.14074989695325 190.0674079537683 356.3224421085186 266.8740881861014 1.4684937 1.6295354 3.8011806 -7.8288 1.918144 16.78424 1.9133476 105.65023184715821 
Car -1 -1 0 661.193375648165 201.07592489653143 794.0507225526345 287.7423446279241 1.4045742 1.5484595 3.6459968 2.5558944 2.0660086 14.942922 2.0866401 112.6650408024222 
Car -1 -1 0 740.8321030001108 195.3622042164551 842.3808209971696 264.62405437704876 1.5418706 1.6160123 3.9298916 5.017771 2.216724 19.531216 2.1058228 65.48914125414686 
Car -1 -1 0 90.00319989337814 189.16385442929501 288.85770758837043 259.39206890748085 1.4252661 1.6393986 4.224455 -10.22001 1.8824186 17.959694 1.9077132 44.307745940455966 
Car -1 -1 0 1075.271954429258 193.6739076528829 1228.1461755107657 244.3218622511649 1.574478 1.648128 3.9325247 18.672638 2.3389633 25.054115 0.34468862 37.80998370647447 
Car -1 -1 0 15.709600153867218 193.28768923020164 196.79243399006958 257.6954316656087 1.3911307 1.528573 3.6255784 -12.937971 1.9792278 18.79942 1.9514889 46.875027921971096 
Car -1 -1 0 820.3872109178262 184.82938795848847 866.4409146710215 226.94005344809884 1.7855357 1.6374762 4.120049 11.091124 2.387729 34.068405 1.9913318 37.983787012262674 
Car -1 -1 0 1038.6201824766003 192.49922879428553 1157.156868721913 234.23187913624855 1.5814018 1.6165515 3.7351234 20.073883 2.4278595 29.815071 0.26800603 4.5852985667191986 
Car -1 -1 0 957.3030888625345 191.42948901162748 985.9464641908719 214.9725076819381 1.5427878 1.613188 3.7626166 26.376862 2.9470673 52.5169 2.1033974 5.987413839200659 
Car -1 -1 0 983.1725924074302 191.77047855145557 1061.916485319278 220.71263681777225 1.6355724 1.6489747 3.8533647 24.981281 2.8170834 43.769184 0.2633452 7.9801433813904215 
Car -1 -1 0 998.4182011803207 194.82458246531687 1089.0933954842362 223.8440097800613 1.46587 1.6021128 3.919182 23.582909 2.6974463 39.308357 0.17944591 1.417034628803437 
Car -1 -1 0 1022.3513530687463 193.09372382021255 1127.0472355458621 226.7454445626064 1.4752607 1.5985211 3.8415217 21.911966 2.4639368 34.117435 0.17899315 1.5354430351790413 
Car -1 -1 0 0.0 190.36700335176187 153.55523962575663 254.65734001306402 1.4573957 1.5851685 4.0898085 -14.970047 1.9898467 19.74414 1.9262733 2.5368801723157857 

