Car -1 -1 0 678.4484407255686 174.82581038432437 735.3840972420103 218.5422308863498 1.6709379 1.6060473 3.9200623 3.940615 1.7577504 29.763288 1.512091 55.361292500326314 
Car -1 -1 0 0.0 184.87038367183553 236.06203205875278 258.0045519207205 1.3969347 1.6439328 4.366662 -10.765909 1.6893291 15.935993 -0.40823132 112.53006604320703 
Car -1 -1 0 295.35704794753235 181.0378753707573 448.5917808762017 241.62805748301267 1.4595176 1.5979111 3.781723 -6.346607 1.694913 19.26794 0.40960196 112.30667227106457 
Car -1 -1 0 473.01904501113387 178.26151410867 510.3127564348197 202.74534554961355 1.496837 1.5944352 3.8577948 -7.6232915 1.8635032 46.953857 1.6280241 21.498998678779927 
Car -1 -1 0 662.367405145447 177.6930557526812 706.047816659636 209.7662648536864 1.4754174 1.5962193 4.1010165 3.6530213 1.7301335 35.899796 1.5315688 6.593538137175886 
Car -1 -1 0 98.4077590172692 172.49678751816757 164.04264735141444 214.34344705434657 1.4842931 1.5567404 3.3909001 -18.11831 1.4716227 27.458353 1.1469126 6.2491465924263805 
Car -1 -1 0 823.3647122041385 141.96564365245274 859.1770680774074 161.21964335191103 1.4703116 1.7260334 4.2714653 19.175049 -1.0003679 59.87728 1.604192 6.752099417996723 
Car -1 -1 0 414.07335350694285 178.20864235269522 465.25895660781754 215.31824129808973 1.5594788 1.6070856 4.154513 -7.7084317 1.8205614 33.057625 1.5084717 1.5942878230284114 
Car -1 -1 0 366.5100656295679 159.0178003670367 411.39111218107263 184.03228008936054 1.7380457 1.6804161 4.406718 -15.949448 0.77668434 52.38386 1.6315062 1.068078733988747 
Car -1 -1 0 442.6375786713194 176.70538380525525 485.1923326709937 198.951853407303 1.5010264 1.6029451 4.0666523 -10.354227 1.787717 51.567924 1.7466769 2.173137546553937 

