Car -1 -1 0 442.7865141185229 180.1015780034047 526.7757281338617 242.78664118265607 1.4999955 1.6428422 3.7314155 -3.2748797 1.7152936 19.565952 1.5677267 80.66158594186425 
Car -1 -1 0 724.4796521698348 183.38205942545207 931.0629799082709 328.47393805315266 1.4570984 1.5894108 3.8819804 2.5880075 1.6239283 9.481527 1.5850527 101.7652694768228 
Car -1 -1 0 680.4690735429788 175.7000632180081 795.0947875722694 263.96427013540074 1.5441754 1.611192 3.7044458 2.4497287 1.609147 14.607581 1.5557693 82.4692352184865 
Car -1 -1 0 145.85674824905212 189.00071055223185 377.7133043108361 266.799299483213 1.4336789 1.6058543 3.92482 -6.9065495 1.782825 14.647444 -0.07865003 127.14730393814521 
Car -1 -1 0 632.8933653428601 175.90983240733186 680.0888764215653 214.56741143361654 1.532201 1.5941081 3.4877298 1.9391407 1.6696377 30.665947 1.5153056 30.68838623765293 
Car -1 -1 0 664.6024129078608 175.42103063804132 743.7770387391184 239.04019688752047 1.5006418 1.5551105 3.496304 2.3869047 1.5742416 18.924591 1.5515623 37.88728508023418 
Car -1 -1 0 645.4629323947177 177.01253056783216 706.007986971 224.79150794416398 1.5085187 1.5933092 3.7369537 2.2175255 1.6636616 25.015413 1.5248092 20.02067998158034 
Car -1 -1 0 303.0473416916519 176.9891089509129 452.7725262554726 229.30585730351115 1.6153498 1.6924617 4.3492093 -7.4182878 1.755291 23.426826 -0.06780663 23.967802751802548 
Car -1 -1 0 231.57963210546936 174.59635840181963 417.5003449427912 250.5516212383776 1.752912 1.6725128 3.8928308 -6.842262 1.7977191 17.62492 -0.048916068 69.93782382825009 
Car -1 -1 0 409.96921731182704 176.75162801585995 467.93524346167436 223.73706856894512 1.5782121 1.6135217 3.7708547 -6.1923046 1.7320685 26.521772 1.4642998 3.716907673092553 
Car -1 -1 0 631.8745532840777 175.04616051445726 670.9738165761789 209.6256260666289 1.5892546 1.607994 3.7930646 1.998409 1.7023774 35.319054 1.5474628 0.8726122379302979 

