Car -1 -1 0 703.3327766749879 184.22381796908886 790.9118012823672 239.95039583261453 1.4002438 1.548716 3.3918986 3.8332686 1.7529705 20.617664 1.4676586 93.26726048449571 
Car -1 -1 0 59.43439540434508 166.3164451900926 187.12080255259812 222.63431040263444 1.7062128 1.5911548 3.8947897 -15.873066 1.5081501 23.808 1.5697732 70.00612983357257 
Car -1 -1 0 287.72085641507084 168.77234795764755 483.4735553427045 305.25278859851124 1.6156907 1.633764 4.081461 -3.0090308 1.567371 10.588776 1.5630141 103.54805786678594 
Car -1 -1 0 426.5865854550494 179.51144235324708 516.2075227342066 249.32933257883005 1.4395242 1.5397007 3.414 -3.1353848 1.6117232 16.934753 1.5422294 64.5131141645542 
Car -1 -1 0 196.0016819213497 173.78369095201077 281.6834442674541 212.15275844995475 1.4948609 1.6073937 3.9147065 -15.385689 1.5362718 30.1729 1.5593083 18.910677105241888 
Car -1 -1 0 689.267789929338 181.95115134320636 749.9556917217915 226.8477802476444 1.4008975 1.5701687 3.5698037 3.741836 1.7389508 25.025408 1.5737325 29.894940134438645 
Car -1 -1 0 669.9623400653004 179.98827539693227 724.2165389112689 219.37170546330546 1.4937054 1.6263882 4.036117 3.583793 1.8121462 30.15718 1.5308598 16.587174195650686 
Car -1 -1 0 642.5486614421915 177.2174852460852 680.7704613223517 201.50829494326257 1.5115768 1.5859362 3.641568 3.3897564 1.8108279 47.54086 1.3689754 9.05316373823631 
Car -1 -1 0 526.9320518295884 176.13713891203602 559.1086554849504 204.47173919914817 1.5334607 1.629652 3.69263 -3.7721372 1.7301717 41.35751 1.5356025 13.149815858677025 
Car -1 -1 0 547.3227616827477 175.38523485445253 572.178838588715 198.46881177394113 1.6171653 1.5916976 3.918477 -3.621124 1.8098108 52.947258 1.5607836 3.5763537276058877 
Car -1 -1 0 297.63820021971793 172.34924355392067 355.87645242831246 201.2947383353384 1.5333282 1.601721 3.8133173 -15.6666565 1.5065895 40.16398 1.6175418 3.5171360908135636 
Car -1 -1 0 1023.5125402255917 196.19069684745054 1143.4563803147325 244.1469991013083 1.643671 1.6136378 3.5690207 17.58777 2.546492 26.843168 -0.15387127 5.044780096235667 

