Car -1 -1 0 705.4478870171358 170.22618990508371 884.2007644070343 300.89938152378136 1.5729249 1.6030538 4.1009107 2.5028625 1.5412936 10.7365 1.5697587 104.33756156798796 
Car -1 -1 0 678.2390425510491 173.79987425208074 773.5851227462043 248.69104223804663 1.5432324 1.6025662 3.9873667 2.595715 1.5680224 16.914576 1.573587 63.63175205049733 
Car -1 -1 0 667.480909893409 175.16918863576151 733.0376580019669 231.06160627647878 1.5313823 1.573898 3.5501678 2.6470525 1.6067529 21.703388 1.5851316 32.18586655757898 
Car -1 -1 0 272.3089634309123 184.94941402555602 494.14809868404905 273.73386698937605 1.5019774 1.6505741 4.0721984 -4.505539 1.7850764 14.827801 2.3107138 105.10522841476661 
Car -1 -1 0 440.2244939600233 178.8985713438383 525.6764516563109 219.96117284314641 1.485631 1.6265081 3.713749 -5.068619 1.7413739 28.600227 0.8434588 21.293181122867725 
Car -1 -1 0 484.1339454193964 177.67766388222117 567.2505006390645 211.3786497568043 1.5231862 1.5908406 3.6152468 -3.9024801 1.756187 33.872513 0.104974836 27.282915932507343 
Car -1 -1 0 630.9252303675883 174.9050952371914 654.1047338962413 198.2307692967903 1.5056858 1.505372 3.3395262 2.2163005 1.6486099 48.57655 1.6153283 2.6035131112851233 
Car -1 -1 0 646.5918258555232 168.1580145904146 693.2473742703414 210.47989799585662 1.76086 1.6600448 4.2491617 2.621903 1.5654769 32.157833 1.5552 7.342719638235729 
Car -1 -1 0 0.0 195.75030090562436 306.93599100498113 357.4485951398045 1.4780372 1.6012864 3.8293378 -5.9466233 1.8376262 9.257345 1.9384027 1.447987390753822 

