Car -1 -1 0 388.7515901121456 181.12503859673953 481.7624494920911 247.8966338654371 1.4203488 1.6319417 4.016121 -4.1972237 1.6495142 17.925888 1.4924756 90.48039268665059 
Car -1 -1 0 741.9110391236004 186.418908480433 967.8824352800648 261.7910070787342 1.4011228 1.607129 4.0545025 4.8978014 1.6954391 14.705034 -0.07341295 51.857180316659644 
Car -1 -1 0 716.9455726147157 171.7820760770245 914.1936695935193 243.40319619038567 1.6349432 1.6931674 4.276291 4.904357 1.6104736 17.49478 -0.08437064 78.54916653941952 
Car -1 -1 0 925.2720960643667 181.4311467280141 1242.0 356.34630218492765 1.5864145 1.6468384 3.9703007 5.636903 1.6866024 7.530141 -0.037874646 59.002723866653504 
Car -1 -1 0 591.0494922674894 178.86251052753337 621.5134046383938 204.96959004812643 1.5066302 1.621682 3.8895407 -0.24213299 1.8943187 44.557724 1.498512 19.47715491825939 
Car -1 -1 0 674.7395717430069 178.24923734177327 798.1059782805185 224.95114769923646 1.524452 1.6239455 3.8839629 4.2903733 1.7164614 24.72567 -0.07379088 22.96608100731587 
Car -1 -1 0 835.2298567779184 189.30966800505888 1191.876415232753 308.8038002555795 1.4401565 1.6012933 3.9799798 5.314169 1.6838655 9.811462 -0.037423972 37.99643659620302 
Car -1 -1 0 654.354823115365 177.07442202713776 758.5034380401555 215.20917781305954 1.5256943 1.6308792 4.060767 3.9739318 1.7064254 29.98405 -0.049244203 6.351470503201674 
Car -1 -1 0 660.9805182671324 179.75506391339974 772.3954299359036 220.04064214179715 1.4639914 1.6017704 3.930756 4.070851 1.7390876 27.677608 -0.14965667 2.281624992271443 

