Car -1 -1 0 0.0 193.0323586038985 215.96250796878513 319.9037786801754 1.4497197 1.6889148 4.564888 -7.6264553 1.8380218 11.451818 1.2379168 113.5540758929764 
Car -1 -1 0 847.9453799507876 170.59234167631337 952.6712897696959 254.17321936652132 1.4220892 1.700836 4.3541865 5.9527907 1.3836081 14.611093 1.9923714 47.34363265396462 
Car -1 -1 0 662.1344519685586 177.83865905159828 806.7864588749878 243.8475168438356 1.4180905 1.66282 4.2089853 3.2193847 1.557087 17.972668 2.2678564 68.42040073104033 
Car -1 -1 0 262.209608267586 181.20566758588413 328.60818794591876 237.31777677302233 1.6221607 1.6979774 4.163239 -10.412368 1.923101 23.762346 1.0852187 54.712116939316324 
Car -1 -1 0 805.7823143319554 184.0743525337347 901.5994348152195 220.55075213087548 1.4753456 1.6284974 4.0880203 10.797548 1.9968028 31.869884 -0.47785807 28.53703053230372 
Car -1 -1 0 958.5590819012278 181.225919208354 1066.1851446801406 227.98501895340985 1.4933476 1.6089721 3.8603718 14.170527 1.806994 25.340572 -0.5471202 23.67250097893105 
Car -1 -1 0 503.95802044791833 179.52001006619795 591.4400892847475 219.89688154674948 1.4188793 1.6888626 4.2512274 -2.3343887 1.702366 28.397835 1.9550804 15.655103416772729 
Car -1 -1 0 532.8364354534044 179.34790920761228 617.3431682674085 224.45398090051194 1.4211134 1.6497588 3.7852197 -1.1246887 1.6681277 25.385838 1.914745 11.670532949730841 
Car -1 -1 0 1103.7161035726763 174.63863603327778 1242.0 231.27832765389306 1.509926 1.6125416 3.9405613 16.3779 1.5653272 20.865383 -0.41597176 16.939164872344605 
Car -1 -1 0 1034.0851154117786 179.7686305997219 1155.3312075087235 230.7497159699137 1.4888866 1.6057444 3.9132218 15.591656 1.726565 23.159653 -0.49949753 14.936331736177458 
Car -1 -1 0 611.5215359878804 179.74520189923734 739.2660838465983 235.6347614641033 1.4020344 1.6732907 4.0616283 1.983584 1.6200428 20.72276 2.253238 32.52915722060104 
Car -1 -1 0 576.8510709321035 181.86953629781337 688.4909058811045 230.8893094887384 1.3887861 1.568303 3.7682052 0.81184196 1.70172 23.100998 2.2744324 18.688524762589964 
Car -1 -1 0 427.36339456970865 182.27870697906206 510.67923965449955 212.73389442539235 1.5170801 1.6398602 4.082613 -7.514865 2.0436883 38.646065 -0.4801216 16.23158025492275 
Car -1 -1 0 912.8619180844544 183.72806811693195 1012.7216272361013 225.2424950131166 1.4729522 1.5979943 3.8702252 13.785244 1.9216824 28.121021 -0.5193102 9.870894852475445 
Car -1 -1 0 347.9737382849787 182.33775831879277 375.1388029083337 201.0852523975311 1.5423491 1.6729016 3.9222813 -21.897272 2.4066691 63.63433 1.0827141 1.3055966414023839 
Car -1 -1 0 776.5436303418753 184.8773312874277 860.8795840363305 217.68069766988052 1.4331888 1.5979168 3.9983792 10.025851 2.0370667 34.514282 -0.54941297 0.27260348200798035 

