Car -1 -1 0 640.3557438830343 177.24009535226037 709.0093972379054 230.30785340108844 1.44451 1.6397371 4.395273 1.9015254 1.5930194 22.218348 1.5524398 56.22332652179046 
Car -1 -1 0 0.0 204.52262524094277 268.75540300668337 311.33206422403464 1.439666 1.5880133 3.7759755 -7.4839354 1.9618351 11.059605 0.023148438 127.43663189306729 
Car -1 -1 0 63.16323952826424 201.43809671720985 325.6412964224393 285.77902547415727 1.42343 1.6049476 4.0167537 -7.6595564 1.9932096 13.559204 0.010508042 58.050268806046304 
Car -1 -1 0 436.8389839765476 182.32216460222656 498.23770353090276 209.64924760180756 1.5844188 1.591155 3.4468622 -8.498504 2.165494 43.373093 -0.066748545 18.901076762748424 
Car -1 -1 0 336.7545151699343 186.370727878212 457.1685465383757 228.6374998283853 1.4649042 1.6007257 3.9237807 -7.7126675 1.9750834 26.39043 0.02208845 18.52559643847435 
Car -1 -1 0 219.52680080174548 177.31555736213684 416.17560211733155 255.78262278637865 1.847019 1.7541596 4.322405 -7.232594 1.9672792 18.28281 -0.13802285 93.38688778242025 
Car -1 -1 0 628.3944147113218 176.18293766790777 677.3360569908859 221.00128291556123 1.5830615 1.6115863 3.8845787 1.5984423 1.7199734 27.725466 1.5613035 6.065106505480693 
Car -1 -1 0 616.6587024940477 177.10770156824267 652.7938354143234 210.06939117813627 1.6083605 1.6025758 3.9030297 1.2669215 1.8422959 37.70012 1.5316217 4.40947543216739 
Car -1 -1 0 560.7696939592705 173.9818947729056 596.7846440860561 211.07769790279258 1.7302518 1.6341887 3.8148782 -1.474555 1.7890155 35.681625 1.5665498 9.613490930550139 

