Car -1 -1 0 180.97699468336887 193.49987729074746 352.68433451138844 302.5631180129931 1.4907866 1.5622942 3.4556894 -5.645761 1.8950568 12.335127 1.4769796 92.82982732648124 
Car -1 -1 0 399.6647064896193 186.401314151286 472.5912450396185 232.88923658387702 1.4232315 1.6267182 4.2479224 -6.0152693 1.9417063 25.475405 1.5520052 50.747636737307936 
Car -1 -1 0 640.8349439788808 175.0998025257915 740.2748937389016 211.22491841342534 1.4757578 1.6266367 3.9745436 3.5027468 1.5785623 31.356544 0.504668 74.74261138139661 
Car -1 -1 0 309.01264428496904 190.97856799448834 431.4046936294872 264.8720892033284 1.4850079 1.697924 4.321503 -5.705702 1.9860237 17.759167 1.539525 52.00527839060745 
Car -1 -1 0 581.8624970996483 179.4495017191824 612.5339718956615 209.7166188374353 1.5445001 1.5978187 3.7487555 -0.63721573 1.92288 39.51604 1.5755647 11.346623692755205 
Car -1 -1 0 508.32816103813565 180.4491925658623 534.2825259981272 203.48039719935358 1.4770966 1.5554577 3.7947714 -6.019774 2.018634 49.501694 1.5056365 12.73762875524108 
Car -1 -1 0 487.20677447836727 181.9669132999111 523.3333554655899 211.650646981133 1.5948884 1.5993934 3.9800925 -6.0209103 2.1507092 42.00364 1.5518034 4.911780289944327 
Car -1 -1 0 580.7941317698259 176.58293251638077 608.088152979114 203.02346502979424 1.5927703 1.6114293 4.1288304 -0.9275465 1.8418545 46.1236 1.5822532 2.9307284933162223 
Car -1 -1 0 731.2545404794754 166.70465878305052 798.2935560620896 193.56760376181234 1.5526569 1.5973723 3.5558083 9.211686 1.1972296 42.899082 -0.23763943 3.338233157114895 
Car -1 -1 0 276.0781536401214 173.8013807012172 338.697332036786 203.06176218327397 1.4608184 1.6460674 3.8851879 -15.8719635 1.5134056 38.1001 1.5813062 0.39991316199302673 

