Car -1 -1 0 604.0241085176272 181.9941040387778 650.7229109181797 221.0630040962975 1.4688109 1.6409478 3.7642746 0.6801578 1.8726132 29.952055 1.5150876 57.50193520955277 
Car -1 -1 0 794.1960254053407 181.3069985512289 1141.3122144130116 295.99938948586833 1.4477943 1.6245499 4.04854 4.8154044 1.5757554 10.077662 -0.016190981 127.91431219355678 
Car -1 -1 0 711.0368387716651 182.0812201275418 928.5057185443369 255.26975062467724 1.4411582 1.624976 4.151905 4.387964 1.6503929 15.405204 -0.07027855 31.959674129531344 
Car -1 -1 0 761.0922760308881 181.6817667138135 1011.2266914484175 270.557518939663 1.4593968 1.5861616 3.8339345 4.771909 1.6259704 12.811321 0.0054809805 22.30936317875959 
Car -1 -1 0 695.3259443197734 180.81357503178353 852.7542179404496 236.60103488774342 1.479707 1.622411 4.031191 4.530843 1.7124635 20.241213 -0.02344778 14.058363652607289 
Car -1 -1 0 417.5316570962571 184.1916190863012 495.5958292530901 231.87744663398058 1.4117204 1.6116763 4.097805 -5.0720778 1.8283668 24.433428 1.6148224 3.3028473587555407 
Car -1 -1 0 678.9709117499368 173.24304258127887 820.9482479169504 229.57990540477618 1.676228 1.6730313 4.038392 4.3183527 1.6889225 22.513336 -0.0983341 8.650823498446675 
Car -1 -1 0 590.93314822828 178.583100949904 628.2788686950776 212.14215292461247 1.5838218 1.5934384 4.011689 -0.047735825 1.892552 36.819775 1.4916869 1.5634564218690064 
Car -1 -1 0 525.501898827264 182.37922254359677 555.7428301160598 200.89207915397546 1.4954268 1.6065385 4.1233435 -5.94859 2.351457 62.678703 1.736242 0.27800020575523376 

