Car -1 -1 0 585.9911693219507 172.92276899850944 1100.721460044126 375.0 1.5257478 1.5696257 3.4976735 1.2594419 1.5264298 5.2400994 1.118042 111.09826366394329 
Car -1 -1 0 430.27752231257386 184.128635018091 659.8743166185844 335.07447763301 1.4519621 1.5840527 3.7660105 -1.0330658 1.6287057 9.277639 1.0764222 104.59293053859992 
Car -1 -1 0 88.63531852244941 179.26247484492367 162.7900744681579 237.44304452279903 1.4719106 1.5923724 3.5552251 -13.723502 1.6721628 20.613361 1.0276294 45.68425058366995 
Car -1 -1 0 422.4057166681934 179.61897866010125 615.1362884071477 254.93108673598962 1.5180929 1.6275872 4.1218596 -2.0391576 1.6913561 16.674276 -0.5764545 26.780656895129756 
Car -1 -1 0 392.95778578010635 181.02195511230374 516.7701976929321 229.50631626265402 1.4455571 1.574987 3.6706254 -5.0419564 1.7298737 23.573977 -0.4767399 17.111895385346276 
Car -1 -1 0 378.6143191929268 178.07785820201443 492.3270213519575 223.57323486097013 1.5294753 1.6053407 3.7103004 -6.3263435 1.7323596 26.333935 -0.58100176 22.368798210624657 
Car -1 -1 0 433.4001270646614 175.50541074327984 589.6669275575106 238.94574738552922 1.5635965 1.6266068 3.894925 -2.6321259 1.642184 19.657204 -0.56460315 24.285631734960738 
Car -1 -1 0 337.68160753216534 177.31466913426945 438.84273343875685 212.56558469115893 1.4812312 1.6253463 4.082746 -9.9491625 1.6931908 32.525005 -0.55063134 11.632456859087116 
Car -1 -1 0 363.7599234859115 177.60407393321864 475.9576571990234 219.8862038012396 1.5310208 1.630364 3.942411 -7.4006634 1.7284588 28.25391 -0.5594059 6.299458577802364 
Car -1 -1 0 493.180037069186 180.89547887452707 687.504130357936 265.93477242566684 1.4951212 1.5875881 3.6603966 -0.34513366 1.6771586 14.667283 -0.57946885 12.482447366652922 
Car -1 -1 0 324.3710239691404 173.69206128097872 373.9292546859718 207.80191026609648 1.5526943 1.6222278 3.8170643 -12.676526 1.5957435 35.00486 1.0495894 7.662889793358755 
Car -1 -1 0 244.29359815785523 176.94665716805753 269.35272595800154 197.01189927157984 1.5045934 1.6159399 3.6955137 -27.854315 1.8389227 56.933334 1.0722413 2.64014595416037 
Car -1 -1 0 299.2968881723476 178.01576109956838 340.92400701204946 205.43497833605113 1.4690498 1.5554092 3.6191993 -16.612274 1.7786275 41.331932 0.99863076 1.5984908864091738 

