Car -1 -1 0 747.8174650839985 173.71553193683067 825.4597997031492 225.59598616889545 1.4498632 1.5967588 3.7785175 5.3323236 1.4786017 22.1484 1.611747 58.36582355491718 
Car -1 -1 0 540.451983123188 174.83870298890508 603.0844391928725 202.16453533224737 1.571904 1.5908206 3.5145607 -2.2869334 1.6957829 43.390663 0.5968507 61.084491315500806 
Car -1 -1 0 138.2819402019411 185.5227864211887 251.7500603393236 222.35904684419964 1.4838706 1.6779081 4.37057 -18.835266 2.1045954 33.013653 1.9753828 39.418055505404666 
Car -1 -1 0 358.74595632768813 183.1292864829196 443.3982118231452 210.31488943515117 1.47433 1.688334 4.5223966 -12.196918 2.1017475 42.269836 -0.47686735 47.635935454895915 
Car -1 -1 0 0.0 193.04338029357982 119.91759061034476 239.51492065899674 1.4840091 1.6693454 4.247813 -21.206455 2.3118916 27.305588 1.9276252 57.3400090565068 
Car -1 -1 0 251.56538746741387 183.83671473979504 335.19570477885105 213.44562307013013 1.4150674 1.5742319 3.7866447 -16.58168 2.0240173 37.992268 2.152826 50.03429529232798 
Car -1 -1 0 458.6530495719192 179.19701238411105 492.3628763518367 200.12919425616127 1.4985769 1.7252822 4.1636844 -10.174683 2.0007436 55.025375 1.5896262 15.965382452503654 
Car -1 -1 0 625.691998113513 172.47992993447428 651.2977474957934 192.04651418046828 1.485084 1.5777731 3.9396715 2.2434483 1.4566922 56.786346 1.4974346 2.444864023251725 
Car -1 -1 0 292.7372603192987 180.8811824344956 368.05338734527857 209.57294832574183 1.5972321 1.6458937 3.9029174 -16.598598 2.095107 42.96093 -0.6091362 2.4321997659653034 

