Car -1 -1 0 728.5181077253492 195.91943927276722 887.2766722763039 309.41097147799866 1.5620389 1.6132295 3.5691154 3.2430816 2.0197475 12.495024 1.5201399 114.59604963456877 
Car -1 -1 0 683.6126392875766 192.90202899796728 789.8420113176533 268.7033618759411 1.519951 1.6143928 3.9386594 2.9560573 2.0643272 17.56613 1.4928199 75.10663070176523 
Car -1 -1 0 0.0 186.772854254094 293.88894763421126 361.2556525320855 1.5433956 1.603184 3.7364917 -5.5171423 1.7093098 7.5735474 -0.12442893 101.83487664695691 
Car -1 -1 0 96.75772604097692 193.1571719052456 392.62199951077196 291.5010928765719 1.4604484 1.6171371 4.0953264 -5.891192 1.82496 12.0261755 -0.059000723 53.4115317922445 
Car -1 -1 0 222.71581424433188 189.82639793094796 442.6557523968121 266.22780943324784 1.4566978 1.6095338 4.069972 -5.6955996 1.8399166 15.254676 -0.1170362 43.99437107279993 
Car -1 -1 0 303.9821970892091 183.83525406401742 456.6628091663638 242.2014545994603 1.5804713 1.6200488 3.9188197 -6.5138083 1.9112604 20.810492 -0.0591544 14.121716310679206 
Car -1 -1 0 262.76471378738984 181.42010205275346 442.87240241629087 251.0623543461057 1.6252201 1.6455717 3.9637055 -6.307436 1.8515718 18.074158 -0.086986855 23.638156697627767 
Car -1 -1 0 395.6046412525514 183.7062654484445 492.6784739755945 222.2161753701484 1.5816985 1.6161108 3.77526 -7.135939 2.068141 31.286362 0.13564157 7.841555734746718 
Car -1 -1 0 509.19420731833253 182.17876273091173 540.6929741449691 201.70555299737333 1.4864476 1.5742754 3.6097062 -6.921997 2.2714775 58.775566 1.161515 15.1859045360841 
Car -1 -1 0 412.20690154335693 182.5972471199703 506.1850755129262 217.83026072108677 1.5967909 1.6524099 4.0813518 -7.1672792 2.0790253 34.5325 0.18067634 3.3129067102321614 
Car -1 -1 0 616.6989104197386 177.85060382526615 655.7370351191933 212.5824889049633 1.9777014 1.749133 4.4180713 1.5702846 2.2985327 44.037598 1.4598513 12.755966903406403 
Car -1 -1 0 610.1051436592082 183.21540286555506 636.1604564002259 207.1670419037307 1.5655687 1.5971951 3.8808286 0.9220761 2.3240187 50.842968 1.5273218 1.0171785676363791 
Car -1 -1 0 348.4503497689483 188.50376622585907 473.50881572767116 232.43280209505647 1.455852 1.5974199 4.040479 -6.9485216 2.0306938 25.548145 -0.07873377 1.1222187518824265 
Car -1 -1 0 371.31115839267517 187.32275431889335 476.59090217628915 227.37793793937365 1.4746416 1.5723038 3.7655435 -7.177868 2.0581472 28.167488 -0.07838994 0.6354984153138656 
Car -1 -1 0 500.4249814422199 180.79145021484723 527.7305077729409 205.24105614363165 1.5748641 1.5580081 3.779013 -6.6211834 2.1447818 49.794968 1.3556283 0.5497316195267787 

