Car -1 -1 0 0.0 184.26763150933837 170.57623701960722 298.0811542259698 1.5251588 1.6974487 4.425977 -9.434224 1.7592332 12.46697 1.3876164 126.50909009453328 
Car -1 -1 0 501.33164261747396 175.42794365500438 567.8272655389447 236.36733997467599 1.6137146 1.6315227 3.0012922 -2.229828 1.6940166 20.877663 1.3705267 54.911348172650015 
Car -1 -1 0 126.16980469340722 179.02289302518318 264.5891602919369 252.11887581816467 1.5588022 1.6752869 4.321141 -10.142518 1.7326 18.04985 1.3847703 81.99702737363523 
Car -1 -1 0 832.2754474183909 171.16460361421255 956.7199633131834 220.3971275264866 1.4830743 1.5935723 3.6810908 9.164954 1.432183 23.205585 -0.41414446 80.6797176837487 
Car -1 -1 0 354.95495906169845 171.1119747802332 395.60495979837293 195.94123768440411 1.5416905 1.665078 3.9699223 -15.154899 1.433525 46.852238 1.4823312 13.298505700928947 
Car -1 -1 0 632.2079683130756 173.02759441275757 712.7467711864541 201.62228718881582 1.4084636 1.590245 3.8701704 3.2470598 1.4177778 37.13708 -0.46452144 39.80012239931583 
Car -1 -1 0 782.4866061341254 171.85422749642643 901.1252093778425 214.350299103903 1.4159391 1.5919769 4.01082 8.259061 1.3826272 25.622272 -0.44461378 23.129883979705546 
Car -1 -1 0 611.0130396920259 170.50103977346933 686.2519358373282 198.84377087743434 1.4879576 1.5997834 3.7666907 2.1240437 1.36443 39.29763 -0.36388403 19.556266997140852 
Car -1 -1 0 275.5172189162896 173.4712242264229 339.63596041199816 215.22403825401983 1.6297503 1.6265162 4.141508 -12.63032 1.6576291 30.40961 1.3948792 12.248914332272568 
Car -1 -1 0 492.44637074673864 174.87937062747113 536.8151256792447 213.96724597057107 1.4846327 1.554492 3.5246923 -3.9271598 1.5726731 29.482418 1.369916 9.471011247034285 
Car -1 -1 0 505.43704261110526 177.0405096880413 556.9585771685693 223.8273284912923 1.4707077 1.6395057 3.6717477 -2.6559575 1.6262913 24.917538 1.4884868 10.208390142111151 
Car -1 -1 0 485.5605567344629 173.61404184814782 523.7615214884976 207.66819920847448 1.4980721 1.5620003 3.74693 -4.9615164 1.5357965 33.8217 1.369673 5.491970809541348 
Car -1 -1 0 305.9796902315767 162.4702895730696 351.48305148267866 204.74357950649704 1.9964137 1.6208603 4.0449057 -14.034222 1.5060287 36.233253 1.3290725 7.395957919528617 
Car -1 -1 0 488.9424442598456 165.4227789531438 522.9440136975627 196.06348591011647 1.8161516 1.7211809 4.3992143 -6.4109135 1.3756843 45.01095 1.5157875 3.1794571226092407 
Car -1 -1 0 740.841359751093 172.6470723565176 851.0792909262755 210.97898242545867 1.422474 1.5837814 3.94021 7.264725 1.4147949 28.156418 -0.3256701 2.3966751615688575 
Car -1 -1 0 203.375827000664 167.02791229185797 253.58076930245264 195.55212210183547 1.5132712 1.5718114 3.892513 -21.241549 1.2041844 40.355457 1.3339827 0.2720585763454437 

