Car -1 -1 0 713.956029224999 192.29399512556367 848.9258091754434 288.42228700371703 1.5417689 1.6080511 3.5773377 3.2076483 1.9723349 14.147503 1.5111029 112.05858694375888 
Car -1 -1 0 676.3824476681123 188.46586260458585 771.0579751597032 256.55813662282566 1.5370059 1.623426 3.8943117 2.9165401 1.9960794 19.211765 1.4914515 71.97563024147655 
Car -1 -1 0 0.0 184.41695666806484 343.92924320074786 322.4057642724141 1.5337213 1.6340919 4.031186 -5.688134 1.6977873 9.214556 -0.104739256 70.08363558751925 
Car -1 -1 0 173.8132186514472 189.31559177554965 417.01313092645205 273.3826250435076 1.4653764 1.6036795 3.918687 -5.8282256 1.7962744 13.698217 -0.0019061414 42.4810191863939 
Car -1 -1 0 263.8350697635317 186.43774138537563 455.66780518891903 255.00122398748255 1.4682177 1.6059473 4.0138254 -5.720998 1.8069336 16.93149 -0.1321108 39.1879963400287 
Car -1 -1 0 617.732902310184 178.9787950247559 651.3950499358112 210.35284299494342 1.8503282 1.6508912 4.12222 1.5306145 2.254608 45.50444 1.4882177 41.46086405327058 
Car -1 -1 0 301.0903300347825 179.42990358200217 455.96468904732313 241.91888869423352 1.6127543 1.625246 3.7692065 -6.230078 1.8016951 19.777096 -0.076538 12.493155800863077 
Car -1 -1 0 422.37347184106324 180.30357321719256 506.7462179159691 213.45739965407665 1.574041 1.631762 3.9258547 -7.1107464 1.952341 35.667286 -0.08175042 4.008397828311016 
Car -1 -1 0 505.8096610781506 182.1659146258875 534.7397519034948 201.1350524983759 1.526361 1.5555248 3.5131078 -7.681691 2.3495655 61.865562 1.1690658 3.026047720753338 
Car -1 -1 0 524.4388130055082 179.88402529939006 547.5737966518387 195.93696085016143 1.508037 1.592986 3.7339306 -7.320486 2.224992 71.56784 1.2752287 3.942888284395863 
Car -1 -1 0 387.32661841412136 185.35932414095464 484.6710299304729 222.75584689190862 1.4748678 1.569227 3.7163892 -7.146221 2.0097818 29.961716 -0.06408253 1.6206126178587277 
Car -1 -1 0 319.8936311320731 182.05419105401174 462.2906843991599 235.18545969919296 1.5515918 1.6188673 3.9502907 -6.667375 1.8481021 22.32377 -0.062111467 4.004246631825298 
Car -1 -1 0 608.3678385470789 184.16726317340644 631.5391849242752 206.64857050591596 1.5153623 1.543289 3.593913 0.724522 2.3634787 52.276573 1.5472245 2.2979813676358645 
Car -1 -1 0 367.36635184383863 183.58979050596122 477.78848860306977 225.4230954044452 1.481533 1.586194 3.8551748 -6.9503646 1.9006466 27.1277 -0.13225015 1.0959514989615926 
Car -1 -1 0 401.7513221881936 181.92055288300335 494.3345924398383 216.834649270045 1.524389 1.5958555 3.8546925 -7.278763 1.9462605 32.75175 -0.012412621 1.5247063434980448 
Car -1 -1 0 496.15408642224736 179.4891360715666 527.431047370198 202.48905559546384 1.5329149 1.598258 3.973956 -7.0080657 2.0256934 51.45384 1.2763264 0.2612348794937134 

