Car -1 -1 0 674.7998466152023 176.09215402608788 780.5993771902364 257.0599545719611 1.5230169 1.6070726 3.708158 2.4183557 1.6013885 15.59246 1.549721 86.91345572244904 
Car -1 -1 0 456.79742090605447 179.07707264019402 533.4032399722118 234.79215298937808 1.4687352 1.6286381 3.640588 -3.2769856 1.6679251 21.262703 1.5860443 84.11479721269441 
Car -1 -1 0 713.2756351208118 182.37987368619198 894.6780810485267 310.53813423805445 1.4727519 1.602016 3.8673744 2.589633 1.6370792 10.513076 1.5710797 114.72799922552962 
Car -1 -1 0 169.8514252602956 186.58676406045655 387.1446119227374 258.7246335268482 1.435585 1.6111846 3.9732146 -7.043066 1.7515419 15.659163 -0.06951482 107.42034028824013 
Car -1 -1 0 661.27020583589 175.8241474166509 735.6389805589159 235.99816288539 1.4992882 1.5173409 3.2741566 2.3576534 1.5876837 19.808065 1.5311389 36.356265537548865 
Car -1 -1 0 630.5568625704452 174.02244195117015 674.9820626827882 212.01392847634838 1.574216 1.6188904 3.5781486 1.8518716 1.6286991 31.827003 1.5341183 21.78042713185315 
Car -1 -1 0 641.852513807868 176.36271631386487 696.1251571866593 220.20663250812498 1.4547362 1.525706 3.5216327 2.0780687 1.5899713 26.018616 1.5287011 19.572978016656954 
Car -1 -1 0 245.28305620156272 173.79783701001688 425.2017169892792 245.10725847984762 1.7479558 1.6872313 4.021741 -6.9733267 1.7735786 18.649708 -0.047599822 67.92564191144679 
Car -1 -1 0 330.2344240388693 182.1507425016741 459.3958489600428 227.89097546463157 1.4736965 1.5932955 3.88825 -7.1874714 1.7983239 24.38554 0.0065761795 16.469149021215603 
Car -1 -1 0 359.8651378698692 174.88442412608333 479.3514611104357 220.68617974014788 1.6794394 1.6718447 4.169989 -7.164962 1.7596556 27.524965 -0.07061694 7.532752961289144 
Car -1 -1 0 0.0 195.88037686382813 252.40012565026575 320.08786058635656 1.4499422 1.6104258 4.0293684 -7.1324453 1.7801192 9.53494 0.0029961558 17.69450590606901 

