Car -1 -1 0 718.807081713942 177.6816390847044 912.6735305229655 300.30052628832675 1.4557321 1.6137357 4.284177 2.8286781 1.5430965 10.896854 1.5470768 119.6296179349012 
Car -1 -1 0 670.4999928412208 174.74144686814802 740.7036273199722 231.18803613143336 1.5200994 1.5809613 3.4898908 2.7505548 1.5803971 21.299425 1.5625782 75.9619082098021 
Car -1 -1 0 186.6835343830719 165.79329774855753 435.6818943630372 273.68974144973157 1.6234992 1.6281152 3.7255077 -5.0125046 1.5172579 12.205063 0.31308877 114.6848346001731 
Car -1 -1 0 650.2021091946303 175.62803043505426 685.9509722265612 207.343830347983 1.44149 1.5391755 3.554774 2.7864408 1.5826087 34.90715 1.5991526 15.703673085202134 
Car -1 -1 0 338.61845286323324 156.23185418794722 528.049002589626 238.9378691925508 1.982566 1.8070385 4.58045 -4.647167 1.5841124 19.213776 -0.5171199 8.761640473485079 
Car -1 -1 0 443.30907270776913 172.8416542796894 531.8667198232816 207.1285861506066 1.5138438 1.6122309 3.7780209 -5.6327705 1.5132985 33.30106 -0.37608534 2.533233961115646 
Car -1 -1 0 622.2469554208824 171.74016324969335 641.6271443851894 187.28250022285235 1.5626103 1.6126924 3.5943213 2.284162 1.4506259 74.3978 1.4918568 2.2621267657103585 
Car -1 -1 0 229.8697127214541 171.33105835857938 438.4721964481719 248.0557011153016 1.5227886 1.6010985 3.801739 -5.729261 1.492562 15.260042 0.074251994 0.6035230657138039 
Car -1 -1 0 527.4714567312695 167.98688956370648 571.8244047549904 183.21598643580984 1.4894955 1.6354114 4.116877 -5.9927235 1.013463 72.26901 -0.4956946 0.2561984658241272 

