Car -1 -1 0 722.4849542566595 180.7775533038825 872.1777024103508 278.69614719833567 1.4383103 1.556024 3.4917157 3.1216202 1.5970898 12.673194 1.5162843 102.60242490206372 
Car -1 -1 0 777.8469860137782 185.79924182453155 1104.8465786412235 375.0 1.4406209 1.5908358 3.8677683 2.913765 1.6065092 7.2970753 1.5904686 156.56446804545197 
Car -1 -1 0 685.9850855454163 179.64892329151922 771.371238366649 247.46299516752902 1.444894 1.5411487 3.44766 2.7791169 1.6256108 17.455544 1.5847154 70.74854727434985 
Car -1 -1 0 666.1946344016442 170.49250500107925 722.523272295487 216.8206406199556 1.658564 1.6452075 3.3993883 3.173525 1.5740215 27.557701 1.5371685 47.939820320663436 
Car -1 -1 0 178.0046864429448 182.45417574165137 443.1540876200975 288.7007510608342 1.5504973 1.5848634 3.55953 -4.6105566 1.7138183 11.474666 0.0044543985 71.36076347944756 
Car -1 -1 0 676.5586766392076 177.57774225605817 755.304849721937 231.33971778445473 1.4910531 1.6368024 3.9208643 3.1942542 1.6506644 22.372208 1.5079302 16.075821081484776 
Car -1 -1 0 650.6995189686475 173.6483479913562 693.9405373242035 204.794109503203 1.5018908 1.5903553 3.841617 3.1516705 1.54466 36.871765 1.4920992 9.972431852061806 
Car -1 -1 0 267.63573333592484 166.21919269045063 490.7947648184742 270.146727573752 1.8603659 1.6845702 3.7454445 -4.347927 1.7415987 13.9370775 0.09779689 52.412522978430815 
Car -1 -1 0 17.74904223069919 188.48164096345607 398.1939207079406 323.12740470409534 1.482292 1.5930372 3.8223934 -4.7609725 1.6932683 8.935566 -0.00461924 6.596067236202904 
Car -1 -1 0 486.6909983581659 171.24447914913063 557.5869597129187 201.24308306195056 1.6401938 1.6446493 3.7667282 -4.839869 1.552192 40.284973 -0.00642791 0.5757757273432293 

