Car -1 -1 0 193.9920877293246 206.3227222117502 371.5049019766727 313.52800929139863 1.4531047 1.5796453 3.6298835 -5.5550485 2.1303227 12.763295 1.5425073 104.33524843701477 
Car -1 -1 0 404.1805067055062 193.48891249432225 473.2776731336268 247.76131148134357 1.492101 1.5424595 3.5421722 -5.36448 2.202332 23.02415 1.51641 61.27763844192999 
Car -1 -1 0 331.3905903809258 199.81448132636518 441.05429630821686 272.83823386025824 1.4750957 1.5647597 3.7290401 -5.3741975 2.2107406 17.820877 1.5675707 84.56958226233299 
Car -1 -1 0 644.9045283878143 175.13851126823545 720.689112500473 201.8568079635329 1.4745451 1.6290263 4.0608597 4.2301335 1.6124549 41.83617 0.5240297 45.6892521889243 
Car -1 -1 0 903.0715387112114 181.06798575208353 1242.0 360.16287021009725 1.4668086 1.5940164 3.8633928 5.0202613 1.553408 6.7955256 -0.0075652646 26.99702355007092 
Car -1 -1 0 594.1934529149224 179.33822305353988 625.9596288793979 204.01926540502433 1.6145773 1.5908865 3.7038994 -0.0011448264 2.0832791 50.19365 1.3970053 10.897932291310516 
Car -1 -1 0 478.1827659754499 187.86967303852998 524.0887615717688 221.93490456467788 1.5246677 1.5986518 4.01092 -5.36224 2.3181777 36.104748 1.5963727 14.90114835285327 
Car -1 -1 0 443.9344196146659 191.42282823189066 505.8985600107272 236.38626950828362 1.528679 1.6376588 4.332362 -5.222718 2.3175285 28.48647 1.5708601 10.315202063345161 
Car -1 -1 0 534.6343570053536 184.10849793767431 565.0325895786474 203.82740345833278 1.5167577 1.5840526 3.8837993 -4.9984016 2.4850888 59.985943 1.2313969 1.628268562067911 
Car -1 -1 0 668.2852470553888 173.7311345917905 744.1756754640718 199.90428546682054 1.4909291 1.6392711 4.1713033 5.740367 1.545321 42.981586 0.53016305 0.4339332490698273 

