Car -1 -1 0 715.2137906189911 181.5778150939622 799.3034700346722 247.0027190016825 1.4390355 1.5669214 3.4273 3.600698 1.6789093 18.088554 1.6215152 100.9519065951141 
Car -1 -1 0 24.351635951165203 205.85645715835912 174.4374928766512 267.0326104354118 1.4807479 1.58496 3.756773 -15.021721 2.553561 21.509434 1.6667044 95.19923398627238 
Car -1 -1 0 806.5181855859068 177.5032812112162 1051.320507843816 330.5275044245759 1.4827894 1.6013415 3.8381944 3.6849747 1.5539849 9.0801735 1.6385552 112.55068912636716 
Car -1 -1 0 702.6181270988358 179.06205272387632 774.413845134257 233.60651940361103 1.5254569 1.615912 4.229995 3.9688208 1.7400041 22.800726 1.5967708 30.58307628424516 
Car -1 -1 0 467.10850604467373 186.16001343173673 489.1180976060144 203.0737948773861 1.5320843 1.652983 3.8985028 -12.811025 2.8687677 70.489624 1.5126646 6.66112336448647 
Car -1 -1 0 181.29817105062713 194.93175940284485 264.4235298613296 223.20418795530782 1.4331559 1.7129624 4.294971 -22.671787 2.8039773 42.4914 1.9022887 22.046773474906658 
Car -1 -1 0 332.8141898972251 189.18651567479395 390.03858649951576 210.37433958946718 1.4169387 1.5537431 3.9744635 -18.384499 2.6782422 53.613007 2.0961504 15.915137987697985 
Car -1 -1 0 566.6212207225624 179.59418043090577 617.5662737916642 201.47047586519912 1.6677387 1.6331223 3.7346582 -1.3972714 2.220052 57.55092 0.47051346 17.651879514784756 
Car -1 -1 0 407.9646567553418 188.68269049926204 467.5488885185598 208.77104305170985 1.494885 1.6748017 4.4032927 -13.848108 2.8101678 58.20479 -0.47481617 16.821878940253246 
Car -1 -1 0 668.559426842299 179.3105888109051 707.9962546778163 212.23810941503876 1.6355155 1.5897686 3.9663904 4.1602597 1.9990557 38.6251 1.5472815 4.304332406496206 
Car -1 -1 0 273.5689955569916 188.96979884173248 334.36316484668833 213.52766803712194 1.4828227 1.5621557 4.0110445 -20.481968 2.6146498 48.528652 1.8635627 1.1741363736738961 
Car -1 -1 0 55.22154226178002 191.46213884529217 128.19515795929127 219.13822677814937 1.6107373 1.5462446 3.5441413 -33.322853 2.8604393 46.524937 1.9566228 3.2166713737660295 

