Car -1 -1 0 669.0084748291864 175.45102833055208 871.0278705624944 245.94205450551274 1.4830936 1.6487498 4.2083797 3.6203687 1.5469998 16.513731 -0.20818847 97.12775985869281 
Car -1 -1 0 773.0339402170309 177.06269160519363 1049.496831638147 278.73683635549 1.4532163 1.5941254 3.8671658 4.7665844 1.5275776 11.579088 -0.20236523 53.924013577217785 
Car -1 -1 0 596.6301695444606 178.61750465915094 710.5608708131143 221.43803859156628 1.433504 1.5747592 3.758786 1.5656513 1.6507217 25.854546 -0.32034123 22.340841355796147 
Car -1 -1 0 620.0781275731235 169.34859132187725 767.3632073032164 231.17376405324336 1.7114593 1.6759877 3.9801226 2.4532437 1.6144216 21.294285 -0.2594552 39.71184468826178 
Car -1 -1 0 638.2972235322383 176.63315605946488 797.4375724718572 237.83500123506326 1.4984958 1.6031356 3.816368 2.7907639 1.6035064 18.927149 -0.17530817 35.52799260390666 
Car -1 -1 0 277.0866740838619 169.0272709402843 379.15608777103984 244.8158106895395 1.8871017 1.6589143 4.1683536 -7.699729 1.7918177 20.13321 1.4529665 88.64887409308704 
Car -1 -1 0 835.4936487573646 174.8413699230647 1196.9230066299458 309.6707999594635 1.502845 1.6003458 3.8192353 5.031892 1.5310233 9.152342 -0.15087593 49.77287839662479 
Car -1 -1 0 551.6780379036983 175.56589290383238 634.793673566371 209.1441883278994 1.5941114 1.6321182 3.8509624 -0.8271283 1.7330093 35.706142 -0.23958994 16.024807889485956 
Car -1 -1 0 566.3430529793482 177.63511295479464 653.0038373862204 210.71770581881404 1.4661705 1.5865022 3.7572122 -0.01339978 1.6966753 33.55931 -0.2461794 7.397036309831698 
Car -1 -1 0 523.3502162382661 175.19019612456432 551.5111458798675 204.12147636782117 1.6688702 1.632582 4.087962 -4.389369 1.8184018 44.072567 1.4784076 7.947302835778555 
Car -1 -1 0 589.0084352615424 176.0372063420099 687.8692688099012 217.15229222398796 1.5336785 1.575252 3.5710597 1.1135609 1.6640606 28.32912 -0.26292676 6.9768403215677335 
Car -1 -1 0 565.6781014288439 179.21427044156394 663.9603217958507 214.97835047019774 1.4505801 1.6020957 3.937546 0.22156823 1.7380698 31.192558 -0.346204 6.709360427590506 
Car -1 -1 0 384.11297385283916 181.06620368139184 416.75854008452495 204.59112487883976 1.5134872 1.5742463 3.7941313 -14.382894 2.1025686 49.779602 1.4500154 0.304507851600647 

