Car -1 -1 0 225.40567202436068 174.8979669614258 425.9441663906727 291.039269642469 1.6947931 1.7618556 4.3926964 -4.7414017 1.737381 12.820434 1.5907382 122.37063324819849 
Car -1 -1 0 406.6755014597309 186.1448882273293 479.66907947366786 237.19035361611702 1.45008 1.5844395 3.6329455 -5.2764974 1.9127147 23.283424 1.5505173 37.9682269885032 
Car -1 -1 0 0.0 197.7728551144582 260.57552432095054 287.53677557634296 1.4435687 1.5876892 3.776936 -8.549669 1.9235089 12.999424 0.055556405 62.41577509018126 
Car -1 -1 0 471.70520239936815 180.8984662154717 519.3764927839412 215.52288296193313 1.495239 1.6282918 4.0423784 -5.3254013 1.8982489 34.123577 1.5674804 17.03898688283981 
Car -1 -1 0 116.0030109702668 180.00600593718474 220.03525756120297 215.17790775064898 1.4623034 1.5770215 3.5861244 -19.077583 1.7809715 31.255592 0.059418663 15.921564199880736 
Car -1 -1 0 283.2436265925738 161.82573497863393 353.7550763302745 186.8081108440902 1.6017065 1.6514174 3.9478471 -18.998388 0.89464605 47.1848 0.05061615 17.59379560650611 
Car -1 -1 0 232.45847121866026 180.52984236668482 332.39762336862526 227.04654478501044 1.4186273 1.552955 3.6261442 -11.051132 1.6954721 24.298912 0.65978 11.008892945921543 
Car -1 -1 0 174.98378904302902 183.36360224195215 270.53619831236637 225.96929211543204 1.4244195 1.6456461 4.1031733 -14.476811 1.8521969 27.265018 1.5008297 7.420397689109262 
Car -1 -1 0 436.71086499140824 182.9059394591972 489.2667093725059 224.152405305082 1.4887573 1.4982338 3.137749 -5.7117767 1.9065316 28.402285 1.5474102 1.3115219621114125 
Car -1 -1 0 49.94954213508323 198.86666794884567 272.89256513521866 273.59437174264104 1.4355323 1.6010946 3.890483 -9.536369 2.0297015 15.50923 0.08981542 1.5093706753838427 
Car -1 -1 0 353.4785618551031 165.7289906576222 413.3475837109261 185.15412234896462 1.479663 1.6426767 4.1142855 -17.450148 0.93693215 55.785126 -0.0011546754 1.8975101819990905 
Car -1 -1 0 341.34883261530257 178.38288651990592 424.87815085802146 211.2733148713502 1.469485 1.5757296 3.7728739 -10.782295 1.7444965 34.3263 0.47517332 0.6811645782487407 

