Car -1 -1 0 90.3202468439129 195.2819806959316 238.21818751724666 266.18214765977484 1.6046693 1.6239146 3.9357343 -11.869754 2.274261 19.562199 1.5562721 99.58680792606496 
Car -1 -1 0 482.7811530918675 188.39453019975278 555.0134832330754 244.92944733668762 1.6052368 1.6492615 4.097919 -2.8813453 2.1613388 23.728188 1.6259624 62.84765783346549 
Car -1 -1 0 514.7614681159226 185.6490242184204 565.8936681741725 229.70736400618736 1.7195001 1.6345723 3.820455 -2.93269 2.3083463 31.250978 1.6300583 45.866770377263464 
Car -1 -1 0 330.9807264629064 193.66084655855008 383.13974618669613 224.20145827152518 1.5599036 1.6162308 4.1511087 -14.54617 2.824935 41.782402 1.557347 16.032283871321393 
Car -1 -1 0 687.5860727284959 189.46002374219722 742.8170161838252 228.93148213698564 1.4735382 1.6556699 3.579928 4.368285 2.2127063 30.29379 1.5285358 27.943383560477884 
Car -1 -1 0 40.94259838693928 199.27161365160347 171.98460700475934 254.9151218600518 1.4658666 1.5825741 3.8896008 -15.766532 2.3757486 22.8703 1.5219939 4.350507915412637 
Car -1 -1 0 743.6372091588457 185.4786296517768 801.7327630539387 205.3978582466081 1.4711006 1.6370119 4.0666914 12.44507 2.4514081 55.18924 -0.009839192 18.52579980856041 
Car -1 -1 0 672.4479321157215 186.99030207973013 709.7829208795581 216.62898808055186 1.4935992 1.5417851 3.4264798 4.451292 2.3068328 39.76595 1.5307834 5.474263001643094 
Car -1 -1 0 368.5988910027452 191.68641306622615 410.4945853905708 218.69830454197623 1.6181031 1.5861216 4.1557837 -14.644089 2.9313104 48.224625 1.556396 6.659264684863999 
Car -1 -1 0 770.7381904572769 184.98303571523542 823.7960084846853 213.6289960909311 1.4877689 1.6127067 3.8259585 10.644513 2.2134814 41.170204 1.4408569 6.999348259638417 
Car -1 -1 0 541.7495329167199 187.10027345664878 586.0533516459084 221.3774588828262 1.6244515 1.5756648 4.1075115 -2.3522398 2.419156 38.111168 1.7009189 0.52948397397995 

