Car -1 -1 0 642.9455775410272 176.14330774257397 725.7449147154551 235.08648030823989 1.4469657 1.6227293 4.27973 1.967896 1.548747 20.141571 1.5102472 63.31546869996989 
Car -1 -1 0 0.0 204.83767041143554 284.688971213196 305.25719499324924 1.4267669 1.6037235 4.0136247 -7.5981283 1.9789844 11.621181 0.017375164 70.28194921525002 
Car -1 -1 0 315.7876920407971 186.23675928646762 449.43376588094884 231.67879169135665 1.4511316 1.6124332 4.0071664 -7.583398 1.918128 24.352932 -0.009596286 23.095460453087203 
Car -1 -1 0 637.4085997629217 176.2236953494891 689.5755366356975 223.07581138967234 1.5152369 1.6009953 4.1080647 1.8460829 1.6448797 25.695946 1.5833585 13.273109257401622 
Car -1 -1 0 177.11071101118898 176.00525325537404 401.342806249734 264.0136363331254 1.8449807 1.7540412 4.3108087 -7.074295 1.9211795 16.32674 -0.11591007 103.57778216995203 
Car -1 -1 0 433.59389548726364 181.50277411511385 496.5720169615852 209.40482063492072 1.545218 1.5686893 3.375295 -8.254844 2.0525718 41.42298 -0.07207066 16.610003343678432 
Car -1 -1 0 564.5924177812111 172.74140728729253 601.4038172413983 209.03265644837938 1.6695385 1.6491163 3.1900194 -1.2400852 1.6643586 34.79076 1.573485 19.010541456403107 
Car -1 -1 0 243.1336588932367 188.28122304293498 416.9956437323633 253.07602539619387 1.5686026 1.6241201 3.9304686 -7.190153 1.9918053 18.854095 -0.065673515 2.4492007896050545 
Car -1 -1 0 619.9022455514581 176.38258453074315 660.730878287491 209.68032312968444 1.5285606 1.6071446 4.027022 1.4627979 1.7128104 35.617588 1.5101541 2.363158691180638 

