Car -1 -1 0 150.54343815837296 192.41241284577896 366.9247332945163 304.6885307879665 1.4555013 1.6902078 4.22074 -5.6243553 1.8445523 12.223992 1.5485398 102.64195836440388 
Car -1 -1 0 309.9682632983396 187.43002503432908 427.54954870654046 258.5847434963427 1.4841315 1.6450958 3.8986568 -5.7848926 1.8835561 17.812408 1.5578811 75.07044101181597 
Car -1 -1 0 692.1477453204742 179.4666812119632 849.541686548797 227.18971137352392 1.4140239 1.6845785 4.5262156 4.9288297 1.6276984 22.464787 0.0034818738 108.31180396045137 
Car -1 -1 0 419.9636106348994 183.24015264592538 487.3308896368151 226.80458630815244 1.4882433 1.6095302 3.9398317 -5.8722177 1.9141829 27.595444 1.6033536 49.136581515375106 
Car -1 -1 0 859.6820542859053 186.95217162424262 1242.0 341.9093819153999 1.456833 1.6282253 4.0675488 5.031023 1.626956 7.825377 -0.033332504 102.63958459304872 
Car -1 -1 0 670.3079615785969 180.31489551917775 769.7828643646744 218.35319695260884 1.4760997 1.5900509 3.731893 4.4394917 1.7885382 29.289402 -0.07150807 31.919180433650556 
Car -1 -1 0 748.9567907836498 188.45313453855937 1086.2840357062764 297.39925562914044 1.422809 1.6367197 4.264131 4.351091 1.6713619 10.589823 -0.04192022 80.50504495225395 
Car -1 -1 0 652.3241211800778 177.61784935239282 694.6991046382943 211.39432153066406 1.538137 1.6307417 4.010262 3.0841393 1.7855854 35.453957 1.5458046 13.77520223424779 
Car -1 -1 0 644.7059404191724 179.20471777614404 710.3701797183239 204.0320387122468 1.5119288 1.619214 3.9168468 4.234992 1.9185352 45.29819 -0.04583332 5.899965639250796 

