Car -1 -1 0 708.4786625883047 189.31728724707858 875.2613273282384 300.38116962563515 1.4935948 1.6020485 4.0550237 2.904375 1.823805 12.395541 1.5037684 106.55811791199802 
Car -1 -1 0 791.1125788932649 197.8204673032135 1132.1255261376652 375.0 1.4850647 1.584588 3.6166925 3.177563 1.803853 7.3686094 1.5225384 88.12333731151082 
Car -1 -1 0 278.6752174243405 177.56409480720953 438.3009689707572 232.03302924134047 1.456861 1.604027 3.9990764 -7.004552 1.5966295 20.438969 -0.08669389 22.69082714677345 
Car -1 -1 0 207.36442392574824 173.35117119300705 408.80070141254623 251.08720951239576 1.5865713 1.6049166 3.6980247 -6.4040093 1.5979457 15.622641 -0.045060657 29.792332431786818 
Car -1 -1 0 618.3764184580024 169.92352536676947 657.1267552712553 207.66263464026812 1.9112502 1.6812568 4.2420015 1.456753 1.7628398 38.70626 1.5145824 66.54403860377603 
Car -1 -1 0 0.0 178.88069145396662 362.4707137671129 299.0882495757444 1.4979365 1.6366845 4.1373577 -5.7934823 1.5912669 10.134665 -0.109343015 47.84186014588327 
Car -1 -1 0 372.18741350805294 171.02454020101158 477.1584755975295 213.29731468739755 1.6372193 1.6287452 3.8313065 -7.3313727 1.5663644 28.875572 -0.0614648 28.475467279774755 
Car -1 -1 0 343.8627695290328 174.02047588270847 462.9328751825839 217.27472277225323 1.4988335 1.5925453 3.80687 -7.331893 1.5420184 25.880018 0.019161642 16.075566819080553 
Car -1 -1 0 102.47866463798785 169.42574083947642 377.56020497430734 270.57495352960586 1.664457 1.6681376 4.0498123 -6.412891 1.6080433 12.905603 -0.1001616 36.50782922846316 
Car -1 -1 0 309.9155391993989 175.94000816589497 448.1768617043111 224.30905765724714 1.468178 1.5957084 3.9862378 -7.2716866 1.571305 23.073 -0.12445306 12.852702008724664 
Car -1 -1 0 604.5370370008678 174.78259588949965 634.8189629639843 200.81423147751042 1.5655565 1.6164454 3.6029968 0.60183936 1.692183 45.521294 1.5016193 6.664118235202797 
Car -1 -1 0 507.2877694334615 171.2520226769156 545.4287999238267 197.3964853056029 1.7187254 1.637579 3.783945 -5.7453556 1.6134119 49.494705 1.1823871 19.36790662432989 
Car -1 -1 0 408.4149316330051 173.31259425146834 492.6867752345152 204.68503045190084 1.5257802 1.6100416 3.808456 -7.9164515 1.5493352 36.090508 0.088713944 3.942049488570987 
Car -1 -1 0 237.7650281488203 153.17974957077428 280.46167106666957 171.668208248437 1.5169849 1.567751 3.6867118 -29.749886 -0.10398173 61.359447 1.6697456 0.29989612102508545 
Car -1 -1 0 272.9904374014859 160.35565410865993 322.2485325599932 175.7281235800247 1.4283643 1.6121693 4.0323334 -29.460823 0.26705468 68.239296 -0.20307809 0.4982475858239724 

