Car -1 -1 0 758.5745294224724 183.48475886797755 953.6357627873621 316.1115167178731 1.4412336 1.5703461 3.5980146 3.1560736 1.614847 9.958508 1.6053952 94.12648705722607 
Car -1 -1 0 727.1901480233374 175.9177033025779 849.0738015771569 261.24329345050916 1.5557971 1.6152227 3.62401 3.58715 1.6276875 15.109071 1.5582887 70.40655255223676 
Car -1 -1 0 681.7832207117655 178.13711452978964 741.684092090861 225.18514828286786 1.4818499 1.6115634 4.1566525 3.4948716 1.6824238 25.295197 1.5961273 46.40609733161466 
Car -1 -1 0 703.5484333065453 179.51349658446654 788.1594826224215 241.21035197615285 1.4674437 1.5996513 4.023088 3.5878887 1.6672286 19.622314 1.5864632 38.47612841116843 
Car -1 -1 0 667.757053221397 177.372096282553 714.3447063795122 215.25983038590758 1.4963555 1.5638318 3.4908466 3.4071474 1.6993325 30.664795 1.5641918 22.942080417361534 
Car -1 -1 0 600.7794226510864 175.55150289021145 626.0789970561706 199.26977495287858 1.5394638 1.6499465 3.902919 0.230102 1.7308959 49.241924 1.5564451 9.600666578524875 
Car -1 -1 0 641.6225573880293 175.82115398452157 669.1266206406717 197.05035307442984 1.5190324 1.571949 3.7914586 3.4013062 1.7495799 54.11807 1.5017943 2.4886347172867804 
Car -1 -1 0 462.98885986920266 182.21015048329926 484.25259123547517 198.1285276358561 1.5301089 1.6430533 3.9708686 -13.868788 2.5130258 73.7718 1.5125709 1.6283143317741944 
Car -1 -1 0 658.6423005992407 176.01490923014134 697.2872242396522 209.1416035021468 1.5587251 1.5804684 4.07758 3.3946042 1.7270594 36.38308 1.575475 1.1030937835795154 

