Car -1 -1 0 725.5927736873326 190.28940074702697 856.7021426946568 287.7842544684188 1.4778107 1.5791118 3.5331917 3.1982274 1.8433368 13.349653 1.5842979 115.45396039538463 
Car -1 -1 0 145.25470900178524 198.2292337402757 469.8419408902206 375.0 1.4994388 1.6206114 3.799161 -2.55441 1.8168491 7.1243753 1.5689155 121.03793639212763 
Car -1 -1 0 688.4540847245825 183.99697029636943 768.4359860074397 250.97649518284118 1.5886607 1.6256967 3.6737142 3.1236606 1.9196362 19.580648 1.5884598 79.36908783404081 
Car -1 -1 0 387.1833009716661 191.0180119131347 515.2799911168468 301.82562225347476 1.5223836 1.540065 3.498272 -2.5356107 1.8761661 12.274887 1.5307126 89.88116521541943 
Car -1 -1 0 454.01295390733526 189.62817506754067 542.1796512344702 265.0621314193263 1.5249228 1.536862 3.38731 -2.5293124 1.960582 17.040771 1.577837 49.02935578405645 
Car -1 -1 0 661.906044349011 180.52502683464033 705.3067227965049 220.59442276416715 1.6048009 1.602963 3.920977 3.1872337 1.9622267 31.638088 1.5978401 29.321058654021325 
Car -1 -1 0 680.7475668072431 183.68593428806224 743.8398412076199 232.50686796845122 1.5277078 1.6277845 4.015198 3.5412374 1.9405398 25.485811 1.5631044 40.871223871368365 
Car -1 -1 0 507.31618063880023 179.06230345668297 563.8714516774536 228.4067162688438 1.6832628 1.6357734 3.7989106 -2.6958756 1.9322369 27.016346 1.5964229 13.297522038270571 
Car -1 -1 0 490.2867517876484 187.65964432732798 557.8159947252908 243.37548516176744 1.468514 1.5963871 3.8194494 -2.5112205 1.9580033 21.943996 1.5721004 9.746273890999454 
Car -1 -1 0 639.1786550757733 180.4283678150823 670.6627698020791 197.13320431265413 1.5240698 1.6575402 3.7310758 4.3510284 2.277296 69.715096 1.2131639 3.084624129525003 
Car -1 -1 0 242.55976589034645 182.8871256459896 352.74460842608113 219.1085449699492 1.5209181 1.6555735 4.179371 -13.720787 1.9778032 31.854734 0.085105695 0.7456655967160339 

