Car -1 -1 0 874.4166969085453 185.69423237250552 1242.0 360.0016296940764 1.4557738 1.6389753 4.1350265 4.9315925 1.5948503 6.982029 -0.0066257725 89.23345183357193 
Car -1 -1 0 698.8274501222048 178.08841485325945 831.9384080190565 228.21939950552357 1.5246587 1.624188 3.8738184 4.8865204 1.697334 22.961296 -0.015050194 49.459387436961705 
Car -1 -1 0 724.4102891038241 179.2384975143302 946.4449557689354 261.99834298317364 1.5596395 1.6274147 4.0306606 4.5415754 1.699708 14.79361 -0.11317893 64.21438375537153 
Car -1 -1 0 810.6086612273822 185.69681588876477 1167.058014509559 305.3556351463939 1.4199486 1.594613 3.9282033 4.8713827 1.6063752 9.61069 -0.033772998 53.68922513314203 
Car -1 -1 0 763.1011068514363 183.2290263255316 1028.814741148951 278.09294989921136 1.4448407 1.5862654 3.8176165 4.6629753 1.6311688 12.070955 -0.049902074 49.481392064298305 
Car -1 -1 0 480.88992980243944 183.71302264794392 516.2888431897101 213.93277973832957 1.4789121 1.6024134 3.9844341 -5.9224234 2.0942364 38.83525 1.489739 11.155704239369053 
Car -1 -1 0 498.96131218329674 183.57849697698464 533.3055096465187 210.8915666950231 1.532417 1.5978392 3.9244602 -5.649154 2.2154632 43.990128 1.5675403 12.315541504772055 
Car -1 -1 0 687.1588406419079 181.00973861180296 810.1319001929131 224.04712991838718 1.4521197 1.6071936 4.0124702 4.896243 1.753334 25.680332 -0.083485745 16.253394175097252 
Car -1 -1 0 669.4151469127103 176.24761961206949 776.6912577029898 213.79534582749812 1.5392157 1.6703813 4.2814236 4.7456284 1.6869016 30.564926 -0.00013867879 9.248787976181335 
Car -1 -1 0 625.2358457435548 175.52770805349942 670.1796928731206 192.2138864418807 1.5189478 1.6172997 3.917135 3.581296 1.7768052 67.90379 0.5260318 4.112459012122308 
Car -1 -1 0 443.72198910494205 184.550542511313 489.2330003945487 220.92593975523985 1.4374394 1.5894247 3.6847055 -6.2157497 1.981415 31.648487 1.4775338 0.9933488021967878 
Car -1 -1 0 598.6958977708202 177.83543354680688 617.1446658509032 192.7433079727955 1.5005143 1.5765743 4.1864867 -0.19886017 2.041649 76.22362 1.477913 0.6647768470194673 

