Car -1 -1 0 665.889153475924 177.5402730860089 780.0123268510088 253.39324039108556 1.4335188 1.6310683 4.377001 2.3679998 1.5528673 16.143896 1.5129132 88.6772659630969 
Car -1 -1 0 660.9064020413934 177.79055628638184 721.8333200967046 233.39625603533457 1.4749185 1.5878863 4.144579 2.363038 1.6373613 21.628475 1.6283603 37.97018288740915 
Car -1 -1 0 286.36850605220815 186.00387114294918 438.63876019875886 242.01630189673864 1.5025295 1.6000133 3.7943742 -6.953215 1.8921666 20.559803 -0.010413285 46.9207566524756 
Car -1 -1 0 432.0725641564173 182.3688790037113 504.71045150086326 213.61854038947985 1.5678897 1.594532 3.505623 -7.3097477 2.0748024 37.582394 -0.03500089 27.894018447785832 
Car -1 -1 0 172.08693100447366 192.06069102018486 392.723881955597 272.5923382743328 1.5441539 1.614114 3.876 -6.7095256 1.9672022 15.062 0.012208274 12.233856651916543 
Car -1 -1 0 640.3033439914689 175.85535967010202 688.2024553110112 214.48287062415622 1.5645418 1.6127269 3.9499083 2.3272533 1.7041414 31.548767 1.5225908 11.343832477951114 
Car -1 -1 0 59.119372246114075 178.51579814034451 357.8505166066693 294.61677240012466 1.8265182 1.7339158 4.186411 -6.738842 1.9331117 12.519709 -0.096467584 121.77795494645432 
Car -1 -1 0 578.7319582526666 171.209848384841 617.5949520124308 211.1898728212465 1.7710559 1.6201292 3.815982 -0.4849278 1.6982223 33.90099 1.6095396 14.643307679424787 
Car -1 -1 0 230.02172284397022 191.29928819785772 408.97865702025825 254.14262718644986 1.4355631 1.5782603 3.8036392 -7.102488 1.9152417 17.882048 0.049300108 3.055630759753678 

