Car -1 -1 0 365.72473627627596 181.05090694951244 447.0309870353557 234.72898701559035 1.4627364 1.625515 4.070875 -6.185857 1.7407236 22.384483 1.5034411 88.57707521207809 
Car -1 -1 0 131.27672922220282 190.10441396725642 364.64662195922443 306.495623465225 1.4693387 1.7145773 4.4941936 -5.6693573 1.8113763 12.043108 1.5512818 133.12644361770455 
Car -1 -1 0 717.3697182142475 167.95272990709427 952.6159597767117 256.52879963573037 1.5214409 1.6257076 3.8842595 4.0143213 1.4372534 13.344813 0.0723973 75.08592697575115 
Car -1 -1 0 830.9281239760575 170.2543980703003 1233.8721320629002 309.2550142804355 1.487793 1.6146544 3.9523268 4.8906693 1.4599681 8.664411 -0.06888466 41.44349812169079 
Car -1 -1 0 415.50353259578185 179.44844057950695 480.28320504681807 222.4953641955111 1.5236831 1.6404605 4.160349 -6.2396445 1.8011034 28.266655 1.5616395 19.61037466083401 
Car -1 -1 0 667.3445632785536 168.314451717909 765.698976693554 209.19637250481622 1.6203017 1.6301206 3.7185032 4.3331404 1.4403825 29.542883 -0.07142952 16.1106225958339 
Car -1 -1 0 684.9220856078605 170.6937869347551 797.6715599368645 211.9763594992897 1.4688048 1.5929148 3.8077621 4.872722 1.3919458 26.85041 -0.21163067 13.57118350730423 
Car -1 -1 0 463.7935499127207 176.63559507363235 500.70520716358305 207.26313046962215 1.4964797 1.6085378 3.894291 -6.6124935 1.7049959 37.769062 1.4729977 8.919180003909203 
Car -1 -1 0 629.3738195059746 167.77712773130932 693.6701910024037 191.7670029178083 1.5796005 1.682151 4.23198 3.4485567 1.2453163 48.413734 0.030145183 12.57919187286019 
Car -1 -1 0 720.5841660445963 157.7597379880197 931.9491133138255 242.84166483493829 1.7613602 1.7009943 4.150363 4.6273265 1.4488797 15.854 0.03215629 15.05555087161452 
Car -1 -1 0 476.8147830646697 174.72917299035112 509.7838811418342 201.87420612724813 1.5626826 1.6057792 3.873527 -7.0111837 1.6816506 43.794262 1.5086437 0.41734227538108826 

