Car -1 -1 0 688.7063526792491 167.34252707621968 831.8263084256344 277.7942211213236 1.5982851 1.6401914 3.4787555 2.375773 1.5185316 12.193762 1.5541465 130.82944110677823 
Car -1 -1 0 234.56330445451067 192.18125439482483 467.72729177680924 294.54052520230135 1.4076113 1.5852982 3.8608057 -4.4116726 1.7784231 12.194258 0.52162486 83.2604953267401 
Car -1 -1 0 366.46394987597796 181.2409877814296 516.2870413730395 234.67908888635904 1.4802 1.64849 4.2245145 -5.176512 1.7623708 22.421658 -0.58508337 91.28783642937668 
Car -1 -1 0 635.9734417780312 159.93866176447054 694.1508930966339 217.59226902682244 1.9073256 1.6148146 3.6812575 1.908275 1.4800538 25.74953 1.5199904 93.61944684058776 
Car -1 -1 0 90.28266433158366 196.28740603526987 328.6981418659313 328.9375905777819 1.4187967 1.513855 3.2608938 -5.479807 1.786992 9.798971 0.5921981 28.388678719458227 
Car -1 -1 0 38.890385521743376 205.1692836714859 183.99118678487574 278.3261189906343 1.3873053 1.47237 3.4250498 -11.609339 2.2329788 17.079063 1.421044 15.724558710397496 
Car -1 -1 0 613.7347037516347 174.75372353252325 639.0897653643742 198.79647076463752 1.5412265 1.6374668 4.0286236 1.1625506 1.6746145 48.619263 1.607791 6.367916255753651 
Car -1 -1 0 695.4293029507073 165.51353778444079 794.0170193924902 202.31874418224922 1.5496845 1.6271745 3.9098709 5.867072 1.2406139 31.497974 -0.1616398 6.69716893818687 
Car -1 -1 0 384.75868030392076 180.55844519034025 427.43168984420856 213.025703873215 1.9076686 1.6980425 4.277563 -12.797289 2.4179857 45.61129 1.5174391 5.243441257623408 

