Car -1 -1 0 710.9161131670814 178.6449779396941 903.2975417675581 317.6980077753606 1.5323365 1.6208314 3.8079808 2.48854 1.6280153 10.015608 1.5687064 107.64176284318968 
Car -1 -1 0 670.9635607903236 177.01044896035913 794.7373477802462 259.85430701433876 1.5386913 1.6307461 4.0606985 2.5190787 1.6413289 15.714874 1.469327 94.86805408437863 
Car -1 -1 0 42.775241170694315 179.3352248479533 381.80128166928097 316.37971813153354 1.5222361 1.6196216 3.8003755 -5.268247 1.6264509 9.889259 -0.5747667 82.35144828585565 
Car -1 -1 0 583.9391333931634 168.5762526541853 634.368426494906 214.8531074164811 1.6810222 1.632463 3.9733367 -0.08251628 1.5256314 28.26115 1.4822702 58.68138282676891 
Car -1 -1 0 226.63178365569487 179.36728154399208 431.01263314231244 259.9553558458593 1.4706103 1.5882251 3.723929 -5.8462543 1.6235985 15.198832 -0.64021105 55.20875747879159 
Car -1 -1 0 552.7452984414011 179.80165221375432 588.4090408129133 198.5972708272206 1.5173811 1.6296692 4.049962 -3.388066 2.1357164 62.038307 1.1220505 5.228012869607405 
Car -1 -1 0 450.93517556586295 177.60235408378807 475.7633504911383 198.19422378959135 1.4664745 1.5405388 3.6905696 -10.949268 1.8358064 54.19738 1.4500922 1.3405490973990584 
Car -1 -1 0 371.9203604044518 178.88802220146556 395.5067371998394 196.99047022751392 1.4249611 1.5863669 3.8572397 -18.890057 1.9464402 60.272327 1.1899381 0.3594518005847931 
Car -1 -1 0 472.5422953800622 178.06489105820089 502.9838156664198 202.20640346485342 1.4966601 1.5904907 3.5975728 -7.95718 1.8520654 47.36966 1.5120506 1.0937264650075686 

