Car -1 -1 0 98.66036770411453 180.7362971040182 295.0504349189444 363.24574578287513 1.6545117 1.6392338 3.8228164 -4.9825063 1.6329896 8.439199 0.9447727 130.4953172555128 
Car -1 -1 0 548.6552173028009 177.69766998956075 589.851874511366 214.63195625558913 1.46176 1.6302211 3.5551834 -1.3260045 1.2475388 29.77771 1.5515668 48.083600521951 
Car -1 -1 0 616.716011645151 174.2187046176867 646.4200574225823 201.1857775953543 1.5048816 1.6033597 3.9833498 1.7826722 1.008686 41.50627 1.647831 11.312137664968033 
Car -1 -1 0 346.7712218148784 184.56457478336364 408.4459793084239 215.13552796154184 1.4895226 1.727493 4.249855 -11.585181 1.5696629 36.81255 1.6079609 33.58082629212003 
Car -1 -1 0 650.2206636522111 162.9501335583447 786.9327408734727 218.59444684672292 1.6526043 1.6701429 4.0332146 3.5305262 1.053856 21.949926 0.05757093 34.28573668683009 
Car -1 -1 0 415.1335633844898 182.43166500782272 452.73847197366604 204.42039129578083 1.4127793 1.5358927 3.6508396 -11.182683 1.3691707 47.281456 1.6051642 11.584384128478515 
Car -1 -1 0 382.2735059818701 182.64784341662627 431.6912677241242 209.82933643484793 1.5219095 1.607891 4.0503573 -11.412832 1.4960108 41.655346 1.6236904 1.6295621382048155 
Car -1 -1 0 317.7020234408478 174.97898430443487 365.71049146438975 201.71235807173528 1.6364455 1.6003258 3.7596064 -16.562904 1.1386926 45.184204 1.5976644 1.0059544848655928 
Car -1 -1 0 560.3928958803554 173.52286960778912 591.5452541485441 200.23877390959944 1.5351114 1.5997492 4.002671 -1.5201266 0.9842065 42.657207 1.6047508 0.32357367873191833 

