Car -1 -1 0 622.1140941320216 182.51044631832085 681.8091004216897 228.05440498065568 1.4381232 1.6571648 3.7032747 1.4239597 1.8047563 25.492771 1.5046332 60.29635739155966 
Car -1 -1 0 863.5148731229889 186.28221599679875 1242.0 333.72599379063314 1.4525089 1.603869 3.945294 5.1397724 1.6237688 8.242588 0.08142033 43.95049253696594 
Car -1 -1 0 778.3370325086104 182.39446421988058 1104.4698464740695 288.8100757374046 1.4554276 1.6279886 4.164525 4.817276 1.6101594 10.860738 -0.013247192 47.7714878606297 
Car -1 -1 0 483.8942560981817 179.9150234640105 531.9580803175154 219.8602400526952 1.5363612 1.5540138 3.4346943 -4.1804647 1.8476782 30.086899 1.5603721 10.597701009969818 
Car -1 -1 0 745.2193937064061 179.60538798572836 963.1532589024081 253.3180200729291 1.488539 1.6382179 4.169365 5.1604033 1.64288 15.613433 0.030054394 22.754920943668363 
Car -1 -1 0 720.2536254138087 171.60226387387652 905.1873804125926 243.154654176716 1.7012537 1.6943852 4.176004 5.0692396 1.6714919 18.263968 -0.1288396 16.81133483182964 
Car -1 -1 0 399.3751429744983 183.8758307180669 496.742263353377 244.67395918426524 1.4480708 1.641156 3.625028 -4.2962346 1.7778041 19.723242 1.6366278 14.794757200664371 
Car -1 -1 0 617.5701045967689 180.68433352075465 658.8821291522897 216.22050973647688 1.4653689 1.586269 3.6606102 1.236825 1.8374461 32.42865 1.5357441 3.48017886113835 
Car -1 -1 0 100.61983334943591 192.07141806158793 360.8566088160284 344.54933668178967 1.4059702 1.5797864 3.6597588 -4.3943357 1.6965003 9.018839 1.487248 0.2754940986633301 

