Car -1 -1 0 1107.541752417398 181.31013121005338 1242.0 242.5107426090687 1.43928 1.6009145 3.9047616 15.106146 1.6710515 18.54298 -0.23522048 57.477497402718356 
Car -1 -1 0 804.7626233727339 157.322029278488 936.9061927123323 283.08123238253637 1.6706256 1.7145541 4.3324165 4.442656 1.4642938 11.912912 1.9880259 63.535830745403786 
Car -1 -1 0 520.6330147672749 173.2314575903762 554.8124600977575 201.63739783413754 1.5434736 1.6726278 4.213979 -4.070804 1.5662441 41.39517 1.5386249 11.133123086099149 
Car -1 -1 0 775.7388624007535 176.52014464653047 923.0621818913961 225.225105729102 1.4834288 1.6355194 4.21727 7.6750956 1.6071657 23.247686 -0.14056467 16.323831576773333 
Car -1 -1 0 282.32941717278493 174.57121680975368 342.2441232207851 203.73838860676642 1.5436049 1.669291 3.9309013 -16.564413 1.6444749 40.401314 1.5913653 10.068608993581698 
Car -1 -1 0 359.06124156079085 172.96515003197027 401.36882586479885 198.89523461614928 1.5533192 1.614727 3.5913334 -14.392897 1.5605788 45.183815 0.98949134 7.68047087100991 
Car -1 -1 0 646.3030408164853 176.0848165945623 673.5094974513719 199.38832780013823 1.4841787 1.5997994 3.658864 3.335637 1.7086775 48.300385 1.5803239 6.355726030542522 
Car -1 -1 0 395.3187386581863 175.97334195521967 428.60279378194355 195.0465373560661 1.4881048 1.5427563 3.9811077 -16.101444 1.7516887 58.960957 1.5954194 3.3734168021466995 
Car -1 -1 0 0.0 172.8748192383292 86.35156391733807 209.8040162953883 1.5119029 1.6066401 3.8287864 -24.500738 1.5128015 30.344963 0.00029281183 4.130552212913941 
Car -1 -1 0 704.332226251794 174.0984241832046 734.7867533598973 192.85994122236238 1.4867905 1.6651627 4.3301635 9.0527115 1.5935085 59.674393 1.5226676 3.978361044584873 

