Car -1 -1 0 99.74007405589771 198.37066295105495 349.85802509350356 326.2622045772581 1.4497824 1.6773659 4.2290397 -5.5815845 1.919757 11.159443 1.5517766 105.88313170297191 
Car -1 -1 0 696.6718116732998 183.15848551881206 859.6886163390103 234.47802617118893 1.4374897 1.6831247 4.4608765 4.9111824 1.7561758 21.43875 0.015575537 117.23026338366482 
Car -1 -1 0 293.48603991680653 194.84400881341878 419.4743350338693 270.7018553798221 1.4442747 1.6101484 3.8394945 -5.717598 2.0143936 16.78054 1.5626466 80.35858140283563 
Car -1 -1 0 415.42148302907896 189.74160985909228 485.03785530754504 234.49277461480168 1.4289674 1.6062722 4.0950174 -5.7878804 2.1010594 26.655264 1.5872655 48.6912130079818 
Car -1 -1 0 764.4286933462344 192.5672408781043 1135.1766144571416 315.2649113810442 1.4258162 1.6224201 4.144039 4.3014474 1.7099779 9.532277 -0.027813938 84.32386354248823 
Car -1 -1 0 672.4349969919439 184.30965645108643 779.8296670234096 223.89688179000063 1.4703296 1.6125809 3.8911245 4.5185137 1.9341502 28.27743 -0.067907535 29.638851645466087 
Car -1 -1 0 649.2963650408162 183.71652014309646 740.9482191071802 216.1287563888447 1.5445263 1.6724973 4.2893615 4.2696075 2.1078618 36.282272 -0.1448324 6.137167918954282 
Car -1 -1 0 646.565422909815 183.2445305439069 714.2087418225015 208.62606845725793 1.4993844 1.6155969 3.945683 4.306284 2.1488304 44.220787 -0.03583725 0.865601743759787 
Car -1 -1 0 526.2596731180802 186.41154158156957 546.8778632467594 205.63384644521375 1.5982773 1.544068 3.9312763 -6.59984 2.8583179 64.98805 1.3914729 0.2658706605434418 

