Car -1 -1 0 694.0236749084527 178.18767613606732 786.1237074576936 251.70898916325456 1.5565841 1.5960681 3.9956517 3.051765 1.7014337 17.58182 1.5907971 85.01999729076194 
Car -1 -1 0 710.363372734323 181.93913845928378 925.1999482486468 313.00505644626725 1.4915235 1.6393427 4.298169 2.787648 1.6544497 10.728557 1.4856981 117.60798024762623 
Car -1 -1 0 665.7801079740955 181.48885731183825 731.0521514162227 233.05755507669215 1.4478445 1.5757523 3.8240018 2.723362 1.7438067 22.815197 1.5660398 65.18658585248971 
Car -1 -1 0 142.29339925864176 179.22837017422492 453.43572759002035 283.38901684480567 1.5105959 1.668261 4.2704725 -4.7864537 1.6215701 11.573336 -0.07328731 133.6246773939069 
Car -1 -1 0 295.72923336291274 167.66033790032995 504.9934496439546 249.72394629235944 1.8570101 1.7814186 4.5087814 -4.871607 1.7394831 17.277678 -0.026470158 105.72636027793003 
Car -1 -1 0 383.6608245802841 180.39402530238436 531.3926919870813 232.35700303225576 1.4867694 1.6327919 4.151898 -4.501751 1.7239382 21.800161 -0.03843396 27.9048902683429 
Car -1 -1 0 645.3360832470552 180.63708397320536 688.121984055637 216.73089640199495 1.5177193 1.5578588 3.7134027 2.562716 1.8942745 33.02974 1.5408893 11.741368724593068 
Car -1 -1 0 659.2626023046952 179.78402923558463 716.03762336723 222.55385197406088 1.5258505 1.5882474 3.5314107 2.979805 1.8137088 28.151184 1.4962728 15.801242433400855 
Car -1 -1 0 448.6368879953852 173.66784604444686 547.7813027459996 220.74762264998964 1.841474 1.6753734 3.6549754 -4.491398 1.8758183 29.354471 0.14589992 4.1373486978509435 
Car -1 -1 0 498.05377112038406 179.44467281620993 561.1373580133451 204.61270273589759 1.5194424 1.5848424 3.8448641 -4.966022 1.9395019 45.02591 -0.08980666 0.6516763463963299 
Car -1 -1 0 643.2919184937217 176.70762823382196 675.6859866240087 206.49256245313842 1.6777619 1.6264544 3.8934107 2.9392877 1.9184191 43.10464 1.5603621 2.8042849171234994 
Car -1 -1 0 951.1015410433905 187.14992344231084 1242.0 339.14929829193096 1.4820738 1.5820625 3.5588617 6.038673 1.6999652 9.186648 1.5293499 1.9109916409059748 

