Car -1 -1 0 422.04201392403917 182.26911678138666 520.0930205984664 256.1183997598373 1.4929314 1.6617286 4.0143905 -3.1507237 1.7429857 17.133625 1.5429239 114.40044469572057 
Car -1 -1 0 175.5972807233216 193.1954118503181 451.6916304388563 372.19596653077144 1.4282084 1.6596274 4.3630767 -3.0545835 1.7300833 8.485064 1.5172024 115.25668664191987 
Car -1 -1 0 1002.0843006540754 208.85105337696908 1242.0 302.68532215283443 1.460545 1.5902971 3.6619527 9.697784 2.2332823 13.950247 0.47049063 116.39559983521553 
Car -1 -1 0 766.8566524295427 195.3011369642737 1053.8685921446015 375.0 1.4839312 1.473751 2.819449 2.6298943 1.7455341 6.9601192 1.5147179 74.97377264967832 
Car -1 -1 0 476.1520305424322 179.65903598608037 540.7962010745775 233.35004623519185 1.5056572 1.595876 3.76601 -3.083796 1.736956 22.620667 1.5436745 24.764244998519004 
Car -1 -1 0 997.5566227346663 190.78549831988673 1102.5987522746175 230.5350396064501 1.443016 1.5998359 4.2350025 18.363625 2.2505448 30.323044 1.4969323 17.034411964245272 
Car -1 -1 0 927.4562702988791 204.22915445427793 1123.758920307876 277.3199514181758 1.4655586 1.617225 3.9260485 9.772763 2.2847128 17.30925 0.41328776 19.141032209250717 
Car -1 -1 0 499.2899694676706 179.78750544663706 549.7905560306115 222.68888353307543 1.4743716 1.5762007 3.649437 -3.1450882 1.7538738 27.240051 1.5422506 4.847663170030811 
Car -1 -1 0 532.7665886819456 178.7184328665441 568.2015889520295 206.83466531911543 1.5143033 1.5925164 3.775607 -3.4563627 1.869642 41.70956 1.3667161 3.0051956772461823 
Car -1 -1 0 618.2238986231196 177.23427801610836 638.5276136808459 193.44925417929443 1.5075171 1.5604491 3.8506384 1.8555981 1.945804 70.18308 1.7070086 0.7367574924343668 

