Car -1 -1 0 647.1708649409449 181.87355404026147 716.0280329996939 236.94434791808808 1.4741416 1.607688 4.0053253 2.1016955 1.774391 21.997707 1.5467994 73.26644629367732 
Car -1 -1 0 700.0272044530394 183.59369396112575 874.2782064911215 304.24547050916163 1.4689804 1.6023792 3.7828345 2.4953425 1.662058 11.049488 1.5303347 98.70188982069176 
Car -1 -1 0 628.6468221433876 181.67841828468858 680.7603669815329 224.0384490395155 1.4561436 1.590713 3.9032428 1.6584655 1.8181115 27.61314 1.5284309 33.55231658331971 
Car -1 -1 0 195.94153030216785 187.05199892778725 415.7734524096366 261.77993463541134 1.4464543 1.6208116 4.0405674 -6.329026 1.7705083 15.417042 -0.12254378 141.59829421481794 
Car -1 -1 0 289.4576243204877 183.238413672721 440.2885942235081 238.91941216131792 1.530881 1.627589 3.9562812 -7.102 1.851823 21.262373 -0.11615534 39.07945053011127 
Car -1 -1 0 616.8911558846007 180.05964919987343 660.0018577736156 215.94400051684954 1.4991113 1.5819579 3.5831633 1.2582152 1.8442681 32.72219 1.5044131 24.164710239110565 
Car -1 -1 0 517.8992461122418 179.1331088708507 542.2736375399702 202.2542171254694 1.5221424 1.6352443 3.9578245 -5.5618043 1.9809145 50.666683 1.4698465 5.046753213659642 
Car -1 -1 0 330.022063126305 186.83141007781464 467.9143949329681 234.62072804459177 1.4630282 1.6081524 4.1210365 -6.816662 1.9413587 23.685265 -0.10061407 12.278152665171158 
Car -1 -1 0 370.8691716903031 181.51209982349113 471.88357294862044 216.4306647349061 1.4813809 1.6333375 4.2081194 -8.335438 1.8816195 32.25512 -0.13856815 9.314008725615546 
Car -1 -1 0 589.6280032124569 178.4428365700928 629.399333051077 206.9707081916115 1.5979486 1.5971258 3.9440641 -0.05126746 1.9498239 43.332676 1.3595154 1.6712383637074075 
Car -1 -1 0 394.15482036517034 177.68457096390273 479.7643062718828 212.4905384355185 1.6372712 1.6294878 3.873507 -8.3639345 1.8796599 35.211227 -0.094668604 3.9429851125909057 
Car -1 -1 0 438.71642225669353 180.44648231816396 504.2299019815063 206.4633102901377 1.5373087 1.609059 3.8570557 -8.427997 2.0142822 44.285866 -0.12708434 3.4245093489850067 
Car -1 -1 0 593.5875480103111 177.28717884145837 620.3557333930386 200.6422099233909 1.5003626 1.536382 3.7081826 -0.20881924 1.8130814 48.98773 1.4901271 0.8462208318314339 
Car -1 -1 0 612.4545042158394 178.9520012459732 653.2490346882673 210.4929929456838 1.5057875 1.5683677 3.7472236 1.1492409 1.8362613 37.151966 1.4563247 0.2903377413749695 

