Car -1 -1 0 692.6176804050403 185.3272269560393 797.3681413256159 260.9675009755145 1.562829 1.6251612 3.5978413 3.133935 1.8950742 17.36881 1.5019507 100.46921980461279 
Car -1 -1 0 664.276949392759 182.86178457750648 744.993280693869 238.66357414449018 1.5184654 1.6218808 3.9124334 2.8462288 1.8571725 22.391039 1.4682478 63.0616435597336 
Car -1 -1 0 255.15841241414847 181.49041239014858 446.57870749968714 249.81213450852073 1.4933627 1.6051214 3.8999524 -5.9250374 1.7051907 16.842388 -0.027046947 27.062826624483662 
Car -1 -1 0 131.42368660384798 180.05272153322144 397.3612265565089 278.8856976598173 1.5243832 1.6061583 3.808815 -5.7165976 1.6585301 12.365955 -0.150641 54.51301438826088 
Car -1 -1 0 315.0118952195444 180.87257258696548 475.6625467391491 238.07713010032336 1.4767209 1.6173753 4.1033745 -5.830559 1.7120453 20.05748 -0.15608615 19.407815111009892 
Car -1 -1 0 614.2362674894255 173.07018413882295 646.0723181092761 201.7167111704369 1.8490014 1.6674654 4.220951 1.3476291 1.8642688 48.781097 1.4816619 40.312704512663984 
Car -1 -1 0 337.65165188103737 173.40059220493475 471.1290824072745 226.28344525248298 1.6075444 1.623111 3.8085823 -6.4189043 1.6255697 22.873613 -0.058288433 9.483204501998893 
Car -1 -1 0 519.8591580641181 176.75369584801697 550.502423418565 192.28614311289888 1.5444372 1.6812078 3.7939124 -7.739003 1.9600003 74.83317 1.0190783 5.9976040103085815 
Car -1 -1 0 447.1876045776781 177.56651367846385 488.4063543540541 214.7131287992125 1.495465 1.6193607 3.7332788 -6.135867 1.7141639 31.516382 1.4165989 2.5597397446912944 
Car -1 -1 0 431.40772876709457 174.93308912573752 509.1537665346403 205.55641318632996 1.6109178 1.6236537 3.8416226 -7.49554 1.726059 39.02129 0.06665436 1.9407989345451575 
Car -1 -1 0 592.6851452691764 176.73674353897042 619.1877625448618 198.1838584450865 1.562614 1.5781759 3.9480026 -0.3122127 1.8716419 55.371136 1.4472901 1.778933952262791 
Car -1 -1 0 353.6764613420402 175.09662685285517 477.6909280194254 221.01789039051192 1.5691184 1.6447816 4.046317 -6.8319025 1.6522124 25.743065 -0.08514155 0.9996520723859931 

