Car -1 -1 0 805.6499301324216 188.32864821724726 1242.0 375.0 1.4473419 1.5496969 3.4458628 2.7448876 1.6040688 5.577696 1.5800416 89.73752845191493 
Car -1 -1 0 715.2302731191818 188.08136794499015 863.9446426234498 297.89881241983545 1.4376327 1.5488394 3.5185876 2.7369857 1.7217143 11.697847 1.5758101 83.54015252715014 
Car -1 -1 0 682.0666511467172 181.32197373207427 768.9348747708408 254.68848206455402 1.5573971 1.5298856 3.1161366 2.678684 1.7782621 17.249222 1.5546488 85.03375873768957 
Car -1 -1 0 0.0 185.97502502676807 316.98768305138964 313.86152576563626 1.682477 1.6867182 4.1107235 -6.659713 1.8890138 10.511886 -0.0011743956 118.395080375179 
Car -1 -1 0 127.53741239287783 185.27652341955095 396.9707661954173 282.234809109907 1.67066 1.6947427 4.247814 -6.3672223 1.920295 13.583456 -0.03257841 82.91536163618584 
Car -1 -1 0 293.1705536094343 188.47664108002903 458.379735742832 248.54122364072728 1.6099398 1.6735715 4.1859784 -6.607107 2.076542 20.673096 0.019341148 41.36451718584612 
Car -1 -1 0 665.3945019877945 182.20386016089668 736.2403025507202 239.0502844416939 1.5350844 1.5303452 3.1479297 2.6624832 1.8365289 21.640446 1.5027809 35.29254929349963 
Car -1 -1 0 655.2868364649152 184.0074989754469 710.880546498103 230.30090284253689 1.5156918 1.5477536 3.4479604 2.6064894 1.9480665 26.219448 1.5335882 17.90855312486747 
Car -1 -1 0 654.4398077700533 181.98212542964743 698.1089777011003 221.94096883216153 1.551276 1.6175948 3.9052026 2.7962942 1.967037 30.888943 1.5996591 1.5391441583633423 

