Car -1 -1 0 749.6845241640399 179.68429486244287 867.3079302962717 266.50181358088054 1.4687021 1.5624266 3.3946962 3.7790008 1.6197993 14.220911 1.6301214 91.18775977254478 
Car -1 -1 0 731.2239297521212 177.05410495562555 823.6704392553726 243.47667614825326 1.5104733 1.6394962 4.155537 4.2371626 1.6321943 18.793163 1.6225051 42.6711189108986 
Car -1 -1 0 401.61493508728756 182.81698518772532 466.5271868914543 203.6306842753984 1.4739095 1.68907 4.501327 -13.2608795 2.2520087 54.57408 -0.47312063 27.266459590164704 
Car -1 -1 0 248.74348056206782 182.20872114499406 322.57410578804786 209.2372760481165 1.5357375 1.6139874 4.292153 -20.05791 2.1472878 44.876766 1.9411504 18.43685934541009 
Car -1 -1 0 319.14399338626447 184.57572226556084 384.3120389726546 206.69437445075198 1.3961806 1.5962218 4.219799 -17.847374 2.246584 50.124165 2.1033273 13.956747793181636 
Car -1 -1 0 151.53019664234466 188.22430438812094 243.04842708924693 218.96170571896795 1.4664373 1.6912498 4.3411674 -22.20443 2.3480673 39.065865 1.8571324 17.597638046202878 
Car -1 -1 0 85.34942612531178 188.09762725270411 174.03006003360107 218.6292469734589 1.507277 1.59914 3.9771004 -26.424137 2.3950338 39.88643 1.8621626 4.751974866267736 
Car -1 -1 0 565.1317382847375 177.58816383676384 618.0598341108133 198.96566907903846 1.533925 1.5951543 3.6950407 -1.3582134 1.8999424 54.14286 0.5470307 17.76807042412118 
Car -1 -1 0 681.8674502537108 176.77988912893727 727.9254143405901 211.76841847950496 1.5664034 1.5837481 3.9751124 4.530676 1.766489 34.763668 1.541315 5.041306617342141 
Car -1 -1 0 16.00659203554939 186.0388664948155 97.84903983564503 215.47009004872763 1.6041589 1.5381954 3.6008284 -32.883392 2.4263515 43.03754 1.9410714 15.53040289021488 
Car -1 -1 0 467.143631863091 182.59519877977436 490.0615063126907 201.33740273243947 1.632477 1.6445211 3.8428478 -12.103624 2.5616908 66.85999 1.5103633 5.549977696567964 

