Car -1 -1 0 761.1984234915761 184.39445587775703 866.5063713268746 262.6309845699251 1.4714681 1.6080992 3.9959266 4.4497933 1.7644441 16.249214 1.6709988 75.62166918778725 
Car -1 -1 0 801.3873713847022 184.09470808324212 1023.6265799307205 322.48439557409193 1.520448 1.6218498 4.2584763 4.052895 1.7170069 10.448351 1.6230899 84.84443465576351 
Car -1 -1 0 746.571297732478 181.59433678626462 817.7393584685859 238.4000304714614 1.4894763 1.5877076 3.8119686 5.0471416 1.773987 21.507679 1.6770703 41.449239855253374 
Car -1 -1 0 719.1678364590983 179.77756845870493 778.2562908870798 222.56017022639597 1.5323179 1.603048 4.1066914 5.4264674 1.8263305 28.575794 1.58519 34.63884165083942 
Car -1 -1 0 169.8125048459318 175.60486491601853 495.9138969998829 297.80850300844264 1.5056708 1.6152593 3.8575556 -3.6492863 1.5470767 9.89701 0.082358815 113.77451540417633 
Car -1 -1 0 365.31648769464675 180.45182349952614 569.8843918626408 257.0645931035076 1.4625086 1.6035824 3.9253602 -2.9487214 1.6357765 15.235193 0.22498658 33.95192039599346 
Car -1 -1 0 534.8125012266939 172.65863194975907 625.7471711287851 207.73991125032637 1.6941302 1.7252258 4.3772798 -1.4048158 1.6846954 35.80436 0.044987097 34.37157122312413 
Car -1 -1 0 500.82876975263 176.00202560873976 603.6630437228266 213.64928699283095 1.516595 1.643949 4.109667 -2.3413396 1.652034 30.131145 0.044197924 42.07904448503161 
Car -1 -1 0 706.447206746385 180.44910515139776 743.248714729252 208.6391606469336 1.4799039 1.5085052 3.571984 6.4462905 1.9263988 40.629627 1.5728841 7.74504464897539 
Car -1 -1 0 280.4327233816884 169.85682153413492 537.8489910939531 276.3713727636735 1.6790469 1.6685247 3.9364038 -3.3487096 1.6318007 12.437054 0.11955838 77.46199132123333 
Car -1 -1 0 391.08907614396395 181.42464049789484 566.2054612083942 245.2406108251057 1.4329263 1.608576 3.9819288 -3.2264147 1.6616856 17.911003 0.29452074 7.2093522445802405 
Car -1 -1 0 579.5872873589533 175.32801809910978 644.5082054545445 201.02756186971627 1.6489451 1.6588929 4.02389 0.17917281 1.8174098 47.838417 0.24559085 6.287558808282874 
Car -1 -1 0 604.9891710994768 177.29429469779961 635.4932378710889 204.66777407969388 1.4728116 1.540878 3.5760086 0.5733278 1.7377391 41.231075 1.5283654 2.816610677226412 
Car -1 -1 0 634.104200024407 174.09118881752025 650.1714260073055 190.54338297035235 1.6599996 1.6013389 3.904078 3.3676426 1.7921054 75.07205 1.5982639 0.6251225508346423 

