Car -1 -1 0 37.146102511619986 195.83254858527258 400.3169904910526 375.0 1.4397975 1.6858203 4.2670636 -3.6023545 1.7526603 7.6572976 1.5291865 119.32041542394822 
Car -1 -1 0 570.2524212028159 175.53920639961504 659.4271170621387 255.59273416783026 1.4786191 1.6628399 3.6363232 0.11005661 1.542244 15.272987 1.5773561 69.596367116535 
Car -1 -1 0 777.6572590121359 158.9778125356401 883.1485051133654 217.9813487284717 1.531271 1.6466497 3.891138 6.2019234 1.1711534 20.71539 1.5129632 96.21534958063089 
Car -1 -1 0 486.6241764649428 179.2483073109269 551.6682317545561 223.56428105175786 1.5318923 1.7897613 4.523363 -3.3952918 1.7994409 27.896973 1.6079932 54.053409809791624 
Car -1 -1 0 667.3555670679066 169.9314860523915 705.2475370798634 200.0954322311087 1.4811217 1.6520817 4.103063 3.9344702 1.3376191 37.50464 1.6008365 18.327915963391522 
Car -1 -1 0 537.7573825976747 178.6812368151934 581.3332884140983 206.9152157602391 1.5126066 1.6202346 4.0580316 -2.8318982 1.8663695 41.66993 1.733783 10.210064949631402 
Car -1 -1 0 990.7952326548804 141.7532026117413 1238.4368683661562 244.1391586798814 1.7733495 1.7408415 4.3083377 9.793057 1.2346761 14.0207205 -0.3311478 74.12489285544486 
Car -1 -1 0 1126.4937222161416 122.02550415395898 1225.9614023484532 158.29699672355054 1.515568 1.6617614 3.6335382 26.178059 -0.7130059 33.48845 1.525336 10.661765932097122 
Car -1 -1 0 0.0 200.86366863348167 73.80812630226843 257.808357635696 1.473731 1.6268675 3.96771 -18.515491 2.4467273 22.922665 1.1371837 1.8901727869191314 
Car -1 -1 0 653.9075195450713 174.77422266865713 682.6270200108145 200.34199213483856 1.531295 1.6084388 3.8269672 3.6588132 1.6573819 45.44157 1.6006286 0.3084946572780609 

