Car -1 -1 0 8.050744104247697 197.14603776027496 299.45011764989954 362.50056033958913 1.5036492 1.5756127 3.6117694 -5.292926 1.8686144 8.974923 1.486963 128.24371219823072 
Car -1 -1 0 638.4028474485834 173.7192000022805 802.8211167662654 228.7576081812786 1.5013227 1.6864835 4.437253 3.2091246 1.5281978 21.068413 -0.23887195 61.25346251583475 
Car -1 -1 0 822.7886134805894 182.36960851647132 1234.9368974498339 327.4454997494144 1.469738 1.6299295 4.0883713 4.8176136 1.5968587 8.546154 -0.14039761 89.34600595022559 
Car -1 -1 0 712.3959473494912 175.54493480267178 905.966180554547 245.0382760062036 1.4388728 1.5899959 3.8838751 4.423323 1.5035404 16.184406 -0.19451001 43.55333176605873 
Car -1 -1 0 777.390825999396 179.70135116979006 1067.822310081583 284.4501968718014 1.4362036 1.5901117 3.905717 4.7643785 1.5530854 11.179024 -0.1831202 48.18227521414423 
Car -1 -1 0 540.1132530791959 171.9657125057378 613.0519144318589 202.0731803973944 1.6196556 1.6319505 3.770676 -1.846679 1.5718693 40.13562 -0.28929752 17.06942545353359 
Car -1 -1 0 599.2888473846244 168.37733010931206 719.9901311237626 217.30288168103715 1.6550328 1.6578445 3.9806335 1.7819234 1.5035977 25.838598 -0.3309812 24.64172373545333 
Car -1 -1 0 323.2593913079383 168.14151387828556 400.8019193611112 227.25691668210592 1.8180493 1.6656257 4.2212944 -8.249025 1.6731203 24.390202 1.4424952 65.62968102386894 
Car -1 -1 0 617.8919079306921 176.1142722054239 749.511628188153 223.169930766283 1.4400935 1.6036446 3.952569 2.3750076 1.5514277 23.443668 -0.2098787 25.339686304786138 
Car -1 -1 0 745.5006353073242 176.66466085484245 973.7284448428427 261.2999918723078 1.4637399 1.5872884 3.817905 4.688262 1.5422119 13.719875 -0.18925062 36.311803731151755 
Car -1 -1 0 582.1317786592957 174.71629700645033 678.3199572857196 211.00475401410952 1.4520717 1.5806713 3.7281408 0.8590445 1.5338799 30.353111 -0.32431546 12.380630541452085 
Car -1 -1 0 513.3876415104462 172.1104930241396 578.0481570262912 197.07397377500027 1.5995305 1.6691277 4.091035 -4.2164392 1.5518901 47.430107 -0.18560371 18.01310506185524 
Car -1 -1 0 570.87249841176 173.7753511465406 662.1862234869034 207.46859622145445 1.4753442 1.6041881 3.8713143 0.30754033 1.5192273 33.017223 -0.3067099 9.181278434292025 
Car -1 -1 0 555.7232730262392 174.52410451567528 641.2305243090264 205.81679893604058 1.4758066 1.6010265 3.9133017 -0.55511194 1.5612363 35.541504 -0.31472743 1.9064428390091788 

