Car -1 -1 0 230.78958355594298 191.5323400101583 369.92364432703073 283.5730611343406 1.4413534 1.6687315 4.551235 -6.0527797 1.8828565 14.662687 1.3803322 93.88917319060812 
Car -1 -1 0 89.89590846047746 200.48842710324698 184.73435251700676 246.21852476863344 1.5118439 1.7021836 4.3046446 -18.756168 2.7054257 28.886162 1.3710887 38.74422263279789 
Car -1 -1 0 895.7136404401472 177.19440457545073 1099.5985012958918 271.8533620790135 1.3999463 1.5981013 4.007217 6.894228 1.4872146 12.673268 -0.63693744 106.81232733461145 
Car -1 -1 0 0.0 205.70519377765103 100.21585846524675 267.013476241969 1.476597 1.6076721 3.7293649 -16.904213 2.5491881 21.54623 1.2992091 26.846211512251713 
Car -1 -1 0 415.8345698182716 183.05770205517405 462.0238817847587 228.08094569488358 1.5934868 1.6573281 3.4234545 -6.7194896 2.0193791 28.249691 1.3125727 33.70630536821441 
Car -1 -1 0 761.6189240645036 179.9943025794198 911.0861039153258 243.80495797208926 1.42937 1.5784625 3.769974 5.772028 1.6266488 18.23878 -0.58293253 43.270857287927434 
Car -1 -1 0 822.9062878284225 179.23463497356184 993.0337412676319 254.74669606949516 1.4091836 1.6065891 4.032587 6.540043 1.564026 15.645119 -0.65459424 49.54726408773558 
Car -1 -1 0 591.7078000040092 178.921186210236 684.5055059287248 213.1310757248218 1.5842509 1.673027 4.2251854 1.3856821 1.8932023 35.32872 -0.2942304 26.048968239142503 
Car -1 -1 0 1113.0268557519626 186.9574801292527 1242.0 239.90922686840855 1.4995966 1.6177819 4.1193576 18.052416 1.9666178 22.527216 -0.29093805 19.307769297455767 
Car -1 -1 0 704.5658143124015 177.31395235594093 841.4479855671397 232.831685324815 1.4534326 1.6509502 4.1173177 4.8367677 1.5956559 21.102516 -0.6531599 26.90368596357592 
Car -1 -1 0 194.6172424070164 198.8573214991642 263.431171266871 236.49635657786513 1.4077353 1.6083559 4.1381197 -16.874876 2.6467886 32.194397 1.3730114 9.427884987943646 
Car -1 -1 0 1064.3965900918042 186.88205060804097 1202.5848350059323 233.85462124994703 1.4601855 1.6078076 4.02345 17.75378 1.9612441 24.485224 -0.25588977 7.866345477065639 
Car -1 -1 0 667.2537242188283 178.7769170966187 789.4795273600722 226.9347173415766 1.4445896 1.6404917 4.258872 4.0337896 1.658954 24.123861 -0.692003 22.780315589657413 
Car -1 -1 0 648.084011473827 179.64099517394874 738.9607430252172 223.29215128580546 1.4579151 1.6151128 3.9557438 3.1911378 1.7296644 26.81686 2.2020001 7.168634698608809 
Car -1 -1 0 161.5173425246473 201.35587982113205 211.2100757199448 230.00960103874894 1.4974903 1.571962 3.8796587 -25.678282 3.3135495 43.90246 1.3280153 3.361443065859338 

