Car -1 -1 0 395.52533805672454 175.3874883549122 506.40088787015816 218.72115730047884 1.4505312 1.7466835 4.3060374 -5.7573433 1.5525792 26.743488 2.011767 82.51855146109946 
Car -1 -1 0 19.986798045900127 185.10787412640857 426.49638801689287 375.0 1.4506173 1.6925468 4.4835644 -3.1968665 1.6104834 7.157659 1.5540416 74.62945064108598 
Car -1 -1 0 531.4283568908082 149.7596176331015 679.6055498840752 298.63722263364315 1.7359145 1.7342306 4.5535645 -0.11932135 1.4666337 10.717234 1.5378673 41.573514258308286 
Car -1 -1 0 639.8986252332033 170.50964741193621 708.5228757595637 196.38735397710715 1.4978838 1.6165577 3.830539 3.7967494 1.362185 42.721146 -0.07864523 15.606187088684402 
Car -1 -1 0 136.01250111502415 178.18130801742234 168.4385949608218 203.0772180875062 1.502002 1.7038381 3.9055872 -29.484085 1.8611565 46.538475 1.0072852 7.937684081638028 
Car -1 -1 0 222.71731937869498 217.72302881252497 361.6035539858651 296.1314840711924 1.566072 1.578011 3.5526175 -7.956455 2.7896442 18.001951 0.620033 5.101304469391917 
Car -1 -1 0 181.36262522588612 177.6746557312927 216.76722384802375 202.31791547807364 1.4938642 1.6256977 3.675848 -26.425323 1.8181963 46.53521 1.1535875 2.258515864054552 
Car -1 -1 0 489.0497535834842 171.21664643596654 518.1766048145284 191.5824989536624 1.5029583 1.562745 3.8371344 -8.065206 1.3821247 55.188004 1.599214 1.7140806907119246 
Car -1 -1 0 282.90273376984163 175.24511507958073 349.21086428587495 199.95647038469903 1.561768 1.6275246 3.9461374 -19.316984 1.7244673 47.50281 -0.4514546 1.3568770921317077 
Car -1 -1 0 19.15639323744375 180.07377230412624 100.07948531084112 204.68966800780635 1.4893758 1.6046711 3.9830499 -34.406807 1.95121 45.189213 0.083748996 0.7785876833823985 

