Car -1 -1 0 337.55459591033207 192.03930528422222 373.5796484528061 225.46549626896032 1.4762598 1.6258434 3.8506308 -12.762197 2.4980338 36.343468 1.2444527 11.355996695275252 
Car -1 -1 0 230.24800717642768 193.37019016398855 303.44885302733564 229.88998258927572 1.5036507 1.6435317 3.9848359 -16.03988 2.527251 33.985184 1.5436168 22.005479511912704 
Car -1 -1 0 857.3221092367552 179.50051358851306 1076.424212462127 253.48719776686983 1.5815566 1.6749054 4.1556907 8.002204 1.7405058 16.415045 -0.0013755818 123.89769965930644 
Car -1 -1 0 660.0569944777558 186.38455842688379 690.5495834993714 214.17076955064292 1.4668405 1.5103302 3.3452818 3.7384782 2.2752266 41.420994 1.5908438 9.5197795469643 
Car -1 -1 0 515.6961789414581 186.4968498394219 563.4200591851319 223.1439543026178 1.5883076 1.6447989 3.9595404 -3.3150172 2.2851982 34.821945 1.6444834 29.521458178233473 
Car -1 -1 0 530.6972204712708 184.5839104741355 567.0034436433664 216.73510392922168 1.7397163 1.6521746 3.7492752 -3.5168655 2.4592063 42.34726 1.6165854 18.151050818412315 
Car -1 -1 0 1064.8480118705772 160.77485099125008 1242.0 375.0 1.6865447 1.6909252 4.258857 6.262824 1.5929654 7.751439 2.2866607 29.889154830620313 
Car -1 -1 0 374.70130555388937 192.07129718589283 420.95077930091526 214.9432724654487 1.4765753 1.5971587 4.2080092 -15.337107 2.9329038 52.479286 1.722281 4.270062587206573 
Car -1 -1 0 713.4655163954365 184.7603925508848 762.7056453322543 202.17049564958234 1.5566452 1.6709261 4.2394195 11.816332 2.667737 66.49576 -0.0009112897 3.0705269860873257 
Car -1 -1 0 541.4635298603241 181.35595675055743 567.4144542740345 209.99770147228986 1.8138471 1.6600925 4.2867203 -3.7172813 2.4190001 49.174088 1.5187819 0.5280162158821573 

