Car -1 -1 0 696.3336969218844 184.41854625756116 811.3767522280149 268.5797237887952 1.4234443 1.6057287 4.0960217 2.8015692 1.6941651 14.83037 1.5866873 85.33833703945524 
Car -1 -1 0 0.0 181.40455714473066 385.9006533849619 325.75531068755873 1.4293811 1.6081612 3.9097264 -4.9384627 1.5546001 8.951358 -0.4794904 121.79782410624978 
Car -1 -1 0 664.9574868411518 180.6318401831038 713.6147041702302 223.98674322280715 1.5046844 1.6304824 3.785828 2.9918702 1.8237319 27.666172 1.620891 52.85801830575007 
Car -1 -1 0 323.63112628525 181.48241875537613 498.90305961304836 245.42209601157822 1.4244692 1.6112355 3.9989364 -4.96701 1.6616814 18.17922 -0.49394673 124.71130657960182 
Car -1 -1 0 646.9322250760881 181.80735459712628 683.8195105016669 213.65591146064472 1.4984162 1.5789819 4.1063995 2.8217988 1.9849527 37.155514 1.5700775 22.396307030603705 
Car -1 -1 0 343.8381960774287 172.65606226397685 504.33431204438654 237.77405516665186 1.7229187 1.7117275 4.187836 -5.335436 1.7176815 20.911999 -0.54787016 27.754503798360613 
Car -1 -1 0 487.0238483917242 177.7501776867182 558.5031389664947 205.21388794131175 1.6123009 1.6494488 4.0142217 -5.2915688 1.9204314 44.114445 0.24906763 3.646994738648932 
Car -1 -1 0 493.31255186424727 180.54728358308577 568.8353160663123 211.13599906424537 1.5588996 1.6111416 3.7459035 -4.2445297 1.9913026 39.043118 -0.42861056 4.064199703009226 
Car -1 -1 0 419.396405315156 167.77516044876836 535.0057893386751 216.12802221324213 1.8665977 1.7618996 4.3416514 -5.4230676 1.6705357 29.708508 -0.52789664 1.5091398895404693 
Car -1 -1 0 636.3468618689091 181.14898371564192 669.8181716696828 209.38059099602506 1.5467422 1.5745667 4.1265807 2.5379999 2.063496 42.855797 1.5295858 0.59709944987617 
Car -1 -1 0 621.60183138907 180.50591727187367 655.1871398143182 202.03276811794302 1.4891591 1.5269817 3.7451017 2.0930598 2.0759435 53.33259 1.3376472 0.2536241412162781 

