Car -1 -1 0 1080.2639182581288 162.83944414030708 1227.692123517834 217.02716505236404 1.4946208 1.6136227 3.7627654 16.244022 1.2183964 21.783604 1.5714993 66.15554153244064 
Car -1 -1 0 989.8966185079202 165.8603680555899 1095.6269513556522 208.28878507739273 1.5005939 1.595803 3.9755263 16.378002 1.2532454 27.519947 1.5540509 12.100184944169893 
Car -1 -1 0 852.3855534432163 170.75105109814547 935.9204270463249 209.16715849306559 1.3957574 1.6408703 4.18679 11.045662 1.3193517 28.312073 1.5748757 58.42198835574908 
Car -1 -1 0 814.4237217166555 170.03376720255562 868.4650784058704 203.66447357748834 1.5089797 1.5421023 3.6650238 10.934687 1.3824382 34.24217 1.6188251 27.06491002849219 
Car -1 -1 0 779.9878034208683 173.75590291753915 820.3539801549623 199.21985798991068 1.4277444 1.6351233 4.2894034 11.25124 1.4840381 42.824436 1.6643541 10.113219454119996 
Car -1 -1 0 925.5388318397435 170.01112334454686 1003.4707166371588 204.43953935299692 1.4749477 1.5358838 3.6764665 16.038853 1.3531559 32.799324 1.5000349 17.68509116832804 
Car -1 -1 0 750.901971454776 172.59344140540045 790.2934428052597 195.30477798216637 1.48834 1.5536796 3.8849025 10.947897 1.4712646 49.281807 1.4923761 2.2684403550111774 
Car -1 -1 0 730.6154561082028 174.7023010517685 750.7103726619163 193.2950882183451 1.5070326 1.618393 4.2006664 11.082765 1.6692744 61.129322 1.7399713 2.3097865684889616 
Car -1 -1 0 570.9759528882515 178.26924457154323 589.5069862771131 193.77010106982954 1.503319 1.6095881 4.03835 -2.9586048 2.06985 73.444435 1.5993171 0.25712206959724426 

