Car -1 -1 0 702.8976871045129 179.8353897619018 837.5435940839417 272.4976224162493 1.4374255 1.6054193 3.8989725 2.81266 1.5864577 13.445279 1.5607555 119.74534510318091 
Car -1 -1 0 780.7645869796761 193.90394022054144 1198.577582749083 375.0 1.3839135 1.5652033 3.8795955 2.6560307 1.6194382 6.1169004 1.5924386 55.35607771003951 
Car -1 -1 0 327.9948627578384 174.0499403318968 379.70789045667175 205.61900776482284 1.6535892 1.5693015 3.5531654 -14.009552 1.7223606 39.71029 1.5766654 52.118203504711815 
Car -1 -1 0 573.8111725013366 168.23386224226883 635.1884691541542 229.2771757617818 1.653575 1.6629523 3.98095 -0.12953457 1.528422 21.53908 1.5746542 52.95856557027295 
Car -1 -1 0 649.3523067398686 173.20152497117104 699.8979977817824 217.35528810969228 1.555999 1.6244109 3.5535655 2.3939478 1.5699792 27.240799 1.5814965 48.6113075487019 
Car -1 -1 0 685.2495993193645 178.40310418619558 775.8904922393554 243.55623226798627 1.4403802 1.5633671 3.498889 2.915878 1.5927079 18.030455 1.5348779 42.86969947221671 
Car -1 -1 0 271.8555749591924 177.8760903572332 339.40543460521053 212.31845491140834 1.5070735 1.6445493 4.0234327 -14.314779 1.7594104 34.21084 1.5306069 15.523587926391805 
Car -1 -1 0 636.3399725066423 172.6609191230161 669.2857897413598 200.12428142932808 1.5530405 1.6202192 3.7547936 2.6041183 1.5421216 42.77975 1.7203121 11.554669942705159 
Car -1 -1 0 129.89848659993177 181.8376041509122 244.73728867796325 232.6841784160722 1.4812274 1.616507 4.186848 -13.831296 1.8058946 23.927513 1.4946373 4.148390772702511 
Car -1 -1 0 360.60857389422563 175.27466459507025 421.9657205335156 198.7257904465658 1.5314443 1.6047913 3.8128026 -14.783899 1.700299 48.87546 0.38243204 1.5018080994020062 

