Car -1 -1 0 453.0247946393927 180.04671782194632 543.4743439611431 247.2538565213858 1.5595278 1.6254078 3.8625395 -2.8334033 1.7698994 19.13406 1.6206738 98.89881239390317 
Car -1 -1 0 699.6231330618475 181.54400800087257 759.7147340905974 228.06576613312126 1.4947052 1.5910823 3.4320586 4.1815295 1.823207 25.551216 1.5816243 57.80233358741213 
Car -1 -1 0 293.47752175037994 180.5909204287749 355.77190757368487 212.33306760946283 1.5050962 1.5842571 3.7994125 -14.562435 1.923379 37.080616 1.6082684 22.608191849492624 
Car -1 -1 0 500.44137586458913 171.54820051832985 561.5567862948984 224.7191856834389 1.8237073 1.6243064 3.883755 -2.8308122 1.7789197 26.734798 1.6304381 53.18920031356382 
Car -1 -1 0 338.8492574799362 178.30017803652203 393.5611138556387 206.26719934727222 1.5743827 1.5850593 4.1707234 -14.630072 1.9197141 43.60319 1.6607548 12.648352878516299 
Car -1 -1 0 756.9732184684592 178.83764990390864 820.1438708163978 200.95649566128827 1.5159389 1.6390347 4.032811 12.546785 1.9433757 50.71953 -0.0016906038 13.943017024671605 
Car -1 -1 0 672.2471411305004 177.0810827530628 708.4229500968679 206.83020853470467 1.5705867 1.6164175 4.0349975 4.5046597 1.820828 40.691425 1.578043 4.6496237504837525 
Car -1 -1 0 557.6910710761524 176.8050032551427 585.2326143840703 203.2930818298529 1.597878 1.6082692 3.6570485 -2.3891926 1.8593676 45.91435 1.5571859 2.0753782102281577 
Car -1 -1 0 715.1046192525221 170.09017720274727 766.820409833343 201.4712756415535 1.7448378 1.6165262 4.0568314 7.63107 1.5911647 42.263897 1.3790354 1.258691592431811 
Car -1 -1 0 681.3794937404954 181.11326095142272 719.4347279610838 213.9192251752021 1.4857295 1.5332707 3.3891087 4.3942037 1.9089987 35.259693 1.6018957 2.7658451061369975 
Car -1 -1 0 527.9756255628445 177.09516119799298 577.0677170411144 214.34920933092872 1.6027868 1.5944229 4.1242948 -2.5932138 1.813123 33.6557 1.6654854 5.258098783800894 
Car -1 -1 0 378.28517689620537 177.5734467286632 420.0504349945042 201.53922542878047 1.5498993 1.5770259 3.921057 -14.359992 1.8862956 49.43877 1.6123211 0.5925639509025575 
Car -1 -1 0 740.0213970013136 173.74044754158416 773.321291216766 192.0328212152201 1.4930103 1.6129427 3.9275577 12.507872 1.5707828 61.199883 2.0922294 0.3090553879737854 
Car -1 -1 0 401.5524375762936 176.97613196366925 433.7745415207314 198.1374701881233 1.5254693 1.5402693 3.534794 -14.450954 1.8469064 54.485634 1.5557923 0.2961137294769287 
Car -1 -1 0 797.5181279036976 180.25195566806258 852.2931911860495 210.70172948430198 1.427329 1.5794536 3.9460723 10.898112 1.8245902 36.765064 1.5610255 0.2633667588233948 

