Car -1 -1 0 674.2505923641983 179.47579185257746 748.3859936730599 237.3442104475648 1.457046 1.5929208 3.623437 2.7832944 1.6608717 20.396042 1.5732415 77.45302246880733 
Car -1 -1 0 732.1014835385266 185.33017631496367 957.7258997954474 325.57470344045186 1.4221275 1.628368 4.3993587 2.89209 1.6317726 9.916933 1.5610255 118.0674158209645 
Car -1 -1 0 634.8853226834234 177.54590591016014 669.2959007156559 210.22967524228187 1.4822552 1.5340708 3.302826 2.0155628 1.7198274 34.868 1.591194 25.69530727630695 
Car -1 -1 0 168.1588566699393 183.26597278208013 262.8561621079078 220.21111349215113 1.4434121 1.6947781 4.2617884 -17.102814 1.9301363 31.568598 1.6078787 76.6670472664838 
Car -1 -1 0 655.759442417855 178.30386492537025 713.5404776362913 224.1985439322915 1.5005325 1.6011177 3.7671282 2.6254025 1.7108594 25.944416 1.5471776 28.628122996773936 
Car -1 -1 0 244.71331111289922 180.8247295753119 310.86556289069784 213.05942767426333 1.5272713 1.5761043 3.8295052 -16.9586 1.9581131 37.071068 1.5909247 22.536048630645908 
Car -1 -1 0 8.618208539101099 185.06673397472608 138.8690460621852 236.0542649051448 1.4553382 1.5616167 3.452686 -17.0577 1.8771937 23.177444 1.596864 21.7484055371458 
Car -1 -1 0 309.89314847480074 174.45095092544517 355.2718156617762 192.5704804241602 1.5278982 1.6350728 4.2161417 -24.30828 1.6733456 63.476852 1.80306 4.560148222258894 
Car -1 -1 0 417.1871716715455 177.55396058448886 462.1807292124026 192.37150856666076 1.4673688 1.6495473 4.2436996 -17.459656 1.9614719 74.18395 -0.45335293 5.123795118083244 
Car -1 -1 0 554.4281602747543 175.52374145939123 598.5351881793982 190.48758939185683 1.4739286 1.6363285 4.1468225 -3.3365579 1.7487843 72.92071 0.28226066 5.643687284689684 

