Car -1 -1 0 309.78161543938353 189.451037540939 463.7460134766389 257.5993746422798 1.4593476 1.6225448 3.7520795 -5.567995 1.9314998 18.485722 2.0363293 101.00120707332974 
Car -1 -1 0 750.5767945593008 204.46018199132504 884.279001391428 288.2958395872328 1.3954211 1.5477194 3.6738894 4.531446 2.1549628 15.404295 2.2113488 110.95360934763302 
Car -1 -1 0 178.0642503987106 190.11772620899922 324.7804563347782 246.30395786938058 1.3973889 1.5201313 3.6348777 -10.352175 1.9493924 21.110456 2.0647647 45.54785826779715 
Car -1 -1 0 240.36430929673074 188.6913207886665 405.3028157702083 250.83719784681702 1.4205041 1.6536669 4.3499107 -7.7578225 1.9105469 20.00166 1.9799839 51.05645220908833 
Car -1 -1 0 832.8332787767915 200.93494241098466 935.3234783269805 268.6614057162647 1.5028048 1.5695643 3.7923126 7.5414143 2.34387 19.631546 2.2299623 60.84698675206423 
Car -1 -1 0 7.803369519995818 188.1145140316744 146.85772059268456 234.1801566402783 1.4319749 1.520772 3.7242913 -18.876663 2.0195053 25.769943 2.004355 23.119972888440255 
Car -1 -1 0 914.9020840359192 191.66986042194276 966.5625263254825 235.42067963516584 1.7706094 1.6460688 4.11218 15.3099575 2.6946316 33.25454 2.1307445 25.420529664624812 
Car -1 -1 0 0.0 188.2134446014257 89.60975888931827 233.3035947936971 1.4516437 1.5014546 3.4663281 -21.34599 2.053629 26.395927 2.0547953 12.126365440263882 
Car -1 -1 0 1071.0765812026175 196.76824987103004 1101.0481414667356 222.25492477252678 1.5540086 1.5673751 3.655717 32.75625 3.265305 49.662636 2.1119123 5.512466918781269 
Car -1 -1 0 149.17482586512762 190.86616593224824 295.40766134021493 245.48342164292336 1.4463655 1.57412 3.7580729 -11.931447 2.0578008 22.46817 2.0773451 4.104085723084711 
Car -1 -1 0 1136.3509803461457 201.23906940023662 1242.0 238.74576080083375 1.513212 1.6076503 3.86121 26.081886 2.8270643 32.177486 0.22844148 1.4809366674018833 
Car -1 -1 0 1113.2049566396113 202.48818665412546 1216.0493920993767 234.95272398469388 1.5068314 1.6080424 3.8615096 28.39102 3.0786698 37.02153 0.24589954 0.854803745286599 
Car -1 -1 0 1102.9754767477452 200.21940913299113 1186.3138575344803 229.6806811641992 1.5100218 1.5931873 3.585085 30.494144 3.1304088 41.235855 0.4433619 0.5768527388572693 

