Car -1 -1 0 218.11470776765253 197.74499410301433 388.28813806042365 294.1638508598472 1.4461024 1.5992934 3.8600645 -5.610668 1.9870601 13.750024 1.5722687 93.59648371318299 
Car -1 -1 0 718.7380960121922 179.72637795910302 910.7835883903759 238.96420598019765 1.4078923 1.666962 4.392421 5.06959 1.5900702 18.24067 0.024199327 117.1308638592913 
Car -1 -1 0 390.9455132262035 189.2690724041106 476.10630413286265 241.54583208559794 1.457063 1.6403898 4.208452 -5.629141 2.0418353 23.575773 1.6014453 70.15279697729524 
Car -1 -1 0 832.9874665437384 192.501006558366 1242.0 375.0 1.4349831 1.6280963 4.1406007 4.2995415 1.6334358 6.366025 -0.05279589 90.30480740868141 
Car -1 -1 0 683.1671758978704 179.3500633015285 812.2937317122432 223.97833794062112 1.4792049 1.6404154 4.1400065 4.7565017 1.7143191 25.154865 -0.06852026 34.62001144877715 
Car -1 -1 0 654.3064303508871 179.647491193101 725.2189952796286 208.2437578804767 1.5746253 1.6262506 3.7964542 4.531875 1.9700636 41.08294 -0.055217247 5.8558808876956725 
Car -1 -1 0 468.6498227104448 184.22576062874094 542.5828297092024 219.39985896955923 1.4854548 1.598724 3.7249444 -4.8023663 2.050117 33.804005 2.0303166 1.084720448918666 
Car -1 -1 0 651.0048575831822 178.45107457146858 750.1045557440079 217.59760979400838 1.6138036 1.6552851 4.1161957 4.020028 1.8784261 32.202496 0.6557356 1.1364035490983069 
Car -1 -1 0 495.9757256951772 183.39557651062407 524.0355581705784 206.56321143865014 1.4698584 1.6667503 3.7229137 -6.8731256 2.2233305 49.58134 1.3672951 0.3606431782245636 

