Car -1 -1 0 425.98018230113865 186.27538295392597 530.8582484331257 259.78907113346486 1.4381168 1.6561817 4.0925727 -2.928635 1.7912688 16.92631 1.5867786 78.07973980815153 
Car -1 -1 0 1054.1141002027357 178.86155310517262 1242.0 270.3474020549119 1.5685763 1.611804 3.8622856 11.021057 1.706253 14.581737 1.5414624 88.70644849144904 
Car -1 -1 0 862.990405286406 182.9300257935078 952.8380854867776 226.93550688476773 1.4388893 1.6141772 3.8195662 10.804022 1.8347267 26.411999 1.5400716 59.344428938749125 
Car -1 -1 0 819.7123487862228 181.55074845265912 874.322925518759 215.88181995410505 1.4488373 1.5743421 3.505664 10.847425 1.870361 33.16829 1.6414367 37.96819129749861 
Car -1 -1 0 943.4543049407686 183.92758730781952 1032.7573430307102 223.18223511922284 1.5054462 1.6006087 3.9240222 16.04037 2.0088463 30.800442 1.5196842 24.241772164245774 
Car -1 -1 0 1011.6160344331104 182.24018132615467 1128.7357605430436 229.03616627407305 1.4619577 1.580291 3.6518543 15.925171 1.8138026 25.170752 1.5012798 20.858101328781988 
Car -1 -1 0 551.2795495896605 180.09700885944542 580.7233956491366 201.09628214830374 1.4886693 1.7026323 4.024886 -3.259363 2.058025 54.64855 1.6447418 9.891017463252817 
Car -1 -1 0 908.5292491986226 178.1512563160443 973.5996269847826 211.91485268614764 1.5505011 1.5542526 3.235682 16.155354 1.8219793 35.31693 1.5114863 7.017977496990328 
Car -1 -1 0 252.8423503059619 168.886373386169 302.0706229109212 184.6808698179478 1.521895 1.6409875 4.0573034 -32.379887 1.1395899 70.40587 0.030189598 0.791603728189137 

