Car -1 -1 0 465.0340890683542 179.74083959578357 534.2859734519245 238.3945464226829 1.6529536 1.6007812 3.894937 -3.3703034 1.888629 22.741905 1.5677036 49.98959750656871 
Car -1 -1 0 736.1520810811295 174.41437330635276 940.9096883636482 258.37922025280926 1.5274949 1.5762451 3.4715295 4.37776 1.559952 14.084629 -0.079821065 114.26143382193253 
Car -1 -1 0 427.75057423901694 185.179806130644 508.48104684980893 252.95235028325862 1.5455668 1.4806889 2.8703725 -3.530651 1.8848121 18.41884 1.5775791 29.647239941385887 
Car -1 -1 0 343.28440595439054 172.62526347947932 483.8810483314606 285.4903304461699 1.8064281 1.6302071 3.9606295 -3.4841962 1.802767 13.5437 1.551924 116.05800342984203 
Car -1 -1 0 678.7391911163231 179.8619042071435 848.1657548725033 240.7714954563426 1.4888844 1.6141927 4.060175 4.0035014 1.6846354 19.025883 -0.16455847 13.0908907993816 
Car -1 -1 0 488.76097365128317 186.01547574277632 554.9461780243165 223.38893329496085 1.4517313 1.512931 3.4918773 -3.7339094 2.056424 31.256027 1.8858479 21.829546201251674 
Car -1 -1 0 716.3783154601866 178.64737090007654 883.216531028225 248.51131843823134 1.5038364 1.5602835 3.4304037 4.2556543 1.6431159 16.508448 0.034110956 28.145615438249706 
Car -1 -1 0 661.3688630473519 179.19976154842854 779.366403431493 224.02635583314014 1.5938151 1.6628062 4.100553 4.050139 1.8371737 26.787628 -0.025400665 30.500225318376174 
Car -1 -1 0 654.291095824222 176.3728987461425 754.4878833076915 217.8868963714486 1.6225162 1.6262913 3.7936888 3.7990317 1.7697895 29.277142 -0.057473183 10.747194253866619 

