Car -1 -1 0 696.5785804261782 178.45257359329406 793.9921570867505 249.43071926214202 1.4158454 1.5856149 3.6651905 2.9843316 1.5583754 16.526386 1.5837673 84.78711620625671 
Car -1 -1 0 643.4205242918343 176.55360444532198 685.5866724985468 212.8191687182157 1.4541965 1.526871 3.3517187 2.3086395 1.6215554 30.958033 1.5624118 47.72095209685311 
Car -1 -1 0 115.1709938248792 187.25168277255483 231.70540329048634 230.12713949906686 1.437994 1.6955777 4.405759 -16.716228 2.040313 27.94469 1.6180198 84.75356804347713 
Car -1 -1 0 675.1043534881428 176.41156281509308 741.520996044737 230.56309731628548 1.4911172 1.60073 3.7186713 2.9236603 1.6088154 21.99319 1.5949798 39.28505256133709 
Car -1 -1 0 214.14644917714105 183.45549019520763 289.6888006090042 218.4422153278654 1.4719971 1.5691051 3.72922 -16.451086 1.9902074 33.384502 1.5975332 18.55972234799172 
Car -1 -1 0 413.10790911665265 177.79643290844453 463.1628635603057 193.67443435041486 1.4874766 1.686622 4.4898405 -16.72646 1.9819729 70.43829 -0.46012193 8.312616494780059 
Car -1 -1 0 555.1977961448724 174.57899596247952 599.5883612595969 190.91433431897283 1.5298194 1.6268015 3.935719 -3.0848773 1.6988361 69.284096 0.3336494 9.575130548553064 
Car -1 -1 0 66.0775945431365 182.65985111005014 162.93779875196603 221.02062890342611 1.5233932 1.6042325 3.9716806 -21.604877 1.9812646 31.685345 1.5449159 1.4537558612769166 
Car -1 -1 0 349.97342616046063 177.22384369149165 390.927939994406 195.09978932588078 1.5450697 1.5907309 3.4461832 -21.568176 1.951374 65.19023 2.0003746 1.3451543933578434 

