Car -1 -1 0 698.2627880654835 181.49105354848245 851.8324887616061 287.96190952347587 1.4544388 1.6289488 4.130754 2.594169 1.6260726 12.265535 1.5616655 91.93504036949881 
Car -1 -1 0 665.3592808120436 179.33693708361767 751.1859537382777 249.2133551998822 1.511507 1.6087065 3.917732 2.3367543 1.6902556 17.932999 1.5739213 88.23944026560031 
Car -1 -1 0 40.305567193397955 188.45289297255516 344.9872583650786 290.6255221494025 1.5120258 1.6322691 4.0275574 -6.6405463 1.7860698 11.809306 -0.025286874 128.576603611539 
Car -1 -1 0 504.73666008309226 177.9045147992785 547.2439018559285 211.8742856494711 1.4645591 1.6068301 3.6029825 -3.8220596 1.7114695 33.461037 1.5553919 40.007358955273105 
Car -1 -1 0 307.0233857739627 181.55836606979773 446.3621481163381 231.42124837854954 1.4935049 1.6231989 3.9501934 -7.305956 1.7819088 22.929842 -0.08536984 75.61507519732584 
Car -1 -1 0 643.4573939583124 176.1613783771291 712.1648687532202 229.0174042063519 1.5322319 1.6213331 3.7173126 2.0955935 1.6466806 23.061625 1.5070431 40.91129743366702 
Car -1 -1 0 345.8709928773825 173.89264263823304 462.81935134591794 224.52869838417712 1.74214 1.6570075 3.7758343 -7.269974 1.7807376 25.839073 -0.078772634 53.492368807034524 
Car -1 -1 0 180.5220757677992 189.95170859275828 417.81128105772444 271.0642308345301 1.4684315 1.6234055 4.08648 -6.1166563 1.8344133 14.46097 0.085781224 49.96625169480497 
Car -1 -1 0 628.1148425983534 175.63794852330466 666.8121817363348 210.7984858431202 1.5187422 1.5605571 3.7243776 1.701222 1.6545566 33.331276 1.5621556 6.356748371745948 
Car -1 -1 0 636.4257450003888 176.5421529805041 691.4451332660685 218.66060426328286 1.4652383 1.547313 3.5786335 1.9892135 1.6140431 27.267912 1.4933958 12.320098808004124 
Car -1 -1 0 375.47714496562344 177.6180467839386 478.6486427598064 213.68329951361832 1.5117791 1.6371316 4.189251 -7.908496 1.7270522 31.562372 -0.109117106 8.934182360813749 
Car -1 -1 0 617.8390934972472 175.00737028283714 653.7978660839003 205.39699695306885 1.5603704 1.5615313 3.6258485 1.3821939 1.6828609 39.177746 1.4968679 6.805755007878948 
Car -1 -1 0 407.4534327383926 176.56695525764337 492.6513879333487 211.32187886797618 1.6114812 1.6282642 3.8489158 -7.6097755 1.7952845 34.696224 -0.11098406 9.843722967487373 

