Car -1 -1 0 153.21731302597422 192.5601303672885 339.0874570505835 258.94498397904704 1.4451814 1.5742359 3.6638834 -8.566788 1.9394066 17.17519 0.0742327 47.346426933504056 
Car -1 -1 0 329.133843940571 175.9381616758692 477.795921773974 257.98053298326334 1.6547427 1.7979578 4.414859 -4.648551 1.7373486 17.025742 1.6919035 82.86366424535309 
Car -1 -1 0 288.7879146117686 182.76484040334788 383.49167042063993 222.4892845402462 1.4097081 1.5605042 3.71384 -10.674242 1.8186805 28.10608 0.5782357 23.59966116514559 
Car -1 -1 0 69.85079158696406 192.576556101275 299.292907057207 272.8952753478261 1.4458051 1.5731363 3.6741774 -8.3317175 1.8619595 14.326978 0.061382063 27.09344265331926 
Car -1 -1 0 0.0 191.31781321018258 237.6415006634407 291.05286665920363 1.5165844 1.5883518 3.634311 -8.465024 1.8477007 12.10935 0.019898133 33.514876382216194 
Car -1 -1 0 198.14759009779536 191.92823708858108 360.043000859335 248.66770076568227 1.418989 1.5805845 3.8016877 -9.027078 1.9714632 19.830915 0.15144008 12.400555614782828 
Car -1 -1 0 480.3494664526367 179.6050558785804 538.9730246781231 211.84071839797602 1.5729473 1.5868526 4.0638447 -5.2302895 1.9514984 38.287815 1.8452237 5.7844833158474 
Car -1 -1 0 307.66273533105687 162.94759766564502 374.3158747992228 186.14660784964545 1.6225734 1.6786889 4.1214166 -19.096735 0.92970455 51.397537 0.045454096 15.906102674751153 
Car -1 -1 0 439.31489933827936 183.2308484179115 493.9638988676776 227.9989657925011 1.5150533 1.6177074 3.8540068 -5.3380613 1.9367051 27.329746 1.485108 1.39112496411791 

