Car -1 -1 0 392.1393504398871 165.6305827966693 514.3363265585524 258.1251654312345 1.6574609 1.6625664 4.240619 -3.0819077 1.5280205 15.056572 1.5627329 107.08470387205371 
Car -1 -1 0 685.3392497765332 178.9669507436362 754.9276185829148 224.3263048543292 1.4307994 1.5483217 3.4140449 3.7571292 1.6579033 25.023262 1.4588768 80.5664253755319 
Car -1 -1 0 465.29323527374794 174.0950547430473 533.3870662164171 227.2586242207958 1.4405229 1.5427045 3.4101377 -3.1799798 1.4801939 21.347683 1.555445 38.783016466020875 
Car -1 -1 0 534.2059885323151 171.85665526127127 563.7054261321977 197.34721215118236 1.5510808 1.6210974 3.9940698 -3.8156219 1.4903929 45.918198 1.5503603 20.097108544133533 
Car -1 -1 0 42.505081547877175 134.6151047983395 415.06938116648655 375.0 1.8326675 1.624068 3.8424716 -3.138815 1.5700847 6.8990498 1.5413368 108.15023830747226 
Car -1 -1 0 1071.6196331999374 188.37462586249276 1170.1302218434125 221.38409712393997 1.6059139 1.6484189 3.9458685 26.113087 2.4201484 36.917652 -0.057001658 39.612621823451505 
Car -1 -1 0 676.5430973926365 176.55607413492024 728.2988049253619 215.062764896117 1.4543633 1.5859922 3.7716734 3.7309434 1.6155119 29.512203 1.5579953 17.24746088019269 
Car -1 -1 0 665.4540381862407 173.47935739369407 709.1813009352838 208.48892041825513 1.5803822 1.6138338 3.8444154 3.6685154 1.6120287 34.577206 1.5523547 2.3604351165523307 
Car -1 -1 0 643.0533931388921 173.541996387669 668.7613624686342 195.95674620999557 1.5539027 1.5490367 3.8230915 3.3104224 1.6053793 52.062607 1.5545251 2.5893253379548247 
Car -1 -1 0 925.6052550484216 184.13127314496404 1002.6858032621072 225.61235678867067 1.6730993 1.6292508 3.8044233 15.65677 2.2043388 32.068348 1.5947865 0.675549787074339 

