Car -1 -1 0 9.002035110488046 193.00208324709024 242.74514235737604 282.2929577065935 1.4740541 1.6439991 4.0518217 -9.783413 1.9538991 15.033131 1.7761322 111.20481159010075 
Car -1 -1 0 570.3282991642502 203.15837580584414 709.79876812052 295.47087524323064 1.3985317 1.5578351 3.6524897 0.73404956 2.0791645 14.22024 1.9736103 120.7857346791022 
Car -1 -1 0 661.1487254249203 197.54879050648753 754.8657159614212 267.3171326678297 1.5056379 1.5644418 3.7556243 2.6922956 2.2270885 19.045336 1.9582572 62.90312950426667 
Car -1 -1 0 973.8143948209338 192.6242743365483 1118.2298645488875 240.6946000388886 1.5836048 1.6727583 4.168767 15.688427 2.3359632 26.15147 0.23934646 32.28588770172128 
Car -1 -1 0 732.0952146579783 186.00297872834707 779.2373484917779 227.8555831995879 1.771002 1.6621258 4.1607866 6.975796 2.4345725 34.17536 1.9008373 33.01036388525293 
Car -1 -1 0 1056.6968812153207 198.73793238535424 1242.0 285.76777025915874 1.4747617 1.6322637 4.1330323 11.48317 2.0358655 14.325396 0.25771567 40.360791400863874 
Car -1 -1 0 1019.9919050477898 196.7446602054591 1194.919908564936 253.86891422080842 1.4998021 1.6214175 3.920076 14.511523 2.244997 21.2503 0.24143432 24.274747283939497 
Car -1 -1 0 0.0 194.44963399953573 152.71110306026287 279.14030593298446 1.4720721 1.6437503 4.0710406 -12.3239975 2.0085025 15.778897 1.7380328 14.47561935683793 
Car -1 -1 0 1056.704045487143 199.82357194814446 1242.0 272.92661289896745 1.4608923 1.6243069 4.0966644 12.909787 2.1317544 16.659172 0.2473391 18.35019082924106 
Car -1 -1 0 943.7364656438879 189.93980930744328 1051.3066310199877 231.9104374214566 1.6788995 1.6498284 3.7523332 16.57966 2.4408035 30.99828 0.19755666 13.122107708217529 
Car -1 -1 0 887.0601534382681 190.97689935907908 957.4336042841674 218.77236546181848 1.6540418 1.6423471 3.7796936 19.656818 2.8242016 45.48317 0.15616237 11.82973286161944 
Car -1 -1 0 925.7860238014147 192.8143467560521 1021.9232938734337 225.46111553040402 1.4940373 1.610178 3.909267 17.823784 2.504812 35.446518 0.15187213 3.960553050750571 
Car -1 -1 0 901.3254866524358 196.19611254274324 940.0848428230187 223.90540202095372 1.3987125 1.5683012 3.8696458 18.05222 2.8242822 41.991764 1.843902 0.2549891769886017 

