Car -1 -1 0 173.76114567195958 177.61201753250157 276.2630109880453 223.11283253404258 1.4274939 1.5725017 3.6293774 -13.109265 1.6032914 24.83834 1.5786252 88.90975590292868 
Car -1 -1 0 657.5545594669012 172.48457695033838 720.1973009019862 233.95221496461454 1.6658463 1.6940156 4.128673 2.3089972 1.6558344 21.676702 1.6460426 48.06593265722605 
Car -1 -1 0 705.4051390075246 181.19257958505415 773.3218210190382 216.4848167040211 1.4502245 1.5534207 3.9709172 5.941579 1.8522879 32.71125 2.1663864 39.264900460090125 
Car -1 -1 0 342.4142079320662 175.22967462916006 400.2339383818962 206.19669981244135 1.5307779 1.6454767 3.9767318 -12.462627 1.6624533 37.983982 1.5959169 26.836035723137627 
Car -1 -1 0 1124.353599090493 186.50071126150095 1226.933036609625 217.22822624123185 1.4516985 1.5985389 3.8460956 27.930508 2.1421652 35.669518 -0.019854527 15.819272254943103 
Car -1 -1 0 550.9689144735827 174.5667577114198 574.4047524295961 193.16426483506007 1.4984753 1.7005078 4.3575845 -3.9846191 1.6482451 60.824608 1.4429321 4.075253192390629 
Car -1 -1 0 632.8793379236386 177.4563837848319 652.3125904651799 193.8591566355661 1.4747626 1.5335263 3.6949544 3.0796518 1.9191527 67.796555 1.5365064 3.008496042170067 
Car -1 -1 0 114.3242285251584 172.14843094482885 205.87067318976386 210.90748668557114 1.5359555 1.5551466 3.5383093 -18.821154 1.5079949 30.39126 1.6095405 3.823269315205412 
Car -1 -1 0 997.3854046584962 183.28928348602054 1102.491963057409 215.01873291739773 1.510624 1.6562071 4.199432 21.753744 2.0396256 35.74006 -0.004367074 6.9369701565540325 

