Car -1 -1 0 744.1837301657284 184.1965974334841 1073.1564374812615 375.0 1.465837 1.6463721 4.315549 2.8384924 1.6263057 8.004189 1.5101135 87.42366927775528 
Car -1 -1 0 710.4088706509622 176.62495416465393 827.6763423021837 267.4168942196154 1.5934792 1.5998259 4.0286293 3.1200905 1.6817634 14.862333 1.5910108 113.31540594795713 
Car -1 -1 0 675.6876782769513 180.4652265977222 751.2881679401999 240.13555662490577 1.4594481 1.5687151 3.7990398 2.7862916 1.6908796 20.036385 1.5754273 69.29038703238813 
Car -1 -1 0 0.0 179.40361608263427 413.55695532141937 322.4649910233659 1.5450112 1.6733716 4.2428274 -4.73116 1.6340508 8.844843 -0.06088099 171.3141678151154 
Car -1 -1 0 351.02265675680667 178.7691806236209 523.7282303822419 239.79042557399498 1.5199873 1.642694 4.191135 -4.4367824 1.6834215 19.041088 -0.0352705 35.69095381110985 
Car -1 -1 0 666.118258990003 182.07464672169473 728.9836256349972 227.5947953339138 1.4454145 1.5315355 3.383392 3.023498 1.7920187 25.371595 1.48512 28.59375486683522 
Car -1 -1 0 652.2036669559362 180.30392094330605 697.8445666115166 218.80147077177745 1.4724731 1.568656 3.7147422 2.6790304 1.8032148 30.174883 1.5699506 15.275177940121711 
Car -1 -1 0 240.56511360319442 165.05580312322246 492.1381455299261 261.9083756088949 1.8332388 1.7708049 4.486329 -4.751882 1.6856334 14.569345 -0.0118763875 146.53636498951914 
Car -1 -1 0 537.8704812951225 178.83286702837637 573.8796525177636 205.47942817779514 1.5071393 1.6248971 4.0391827 -3.2106197 1.887308 43.809322 1.6385697 4.003021619948227 
Car -1 -1 0 435.3230536777605 173.29271278003534 543.4813312461947 223.73999119348312 1.7821324 1.6523544 3.6023564 -4.379464 1.798923 26.561556 0.1306147 24.61460768346295 
Car -1 -1 0 408.3706878021173 180.66394221061137 529.1583355655034 228.73699453950405 1.5021303 1.5837637 3.6347435 -4.6790133 1.776206 24.127348 0.23527965 4.699570717701771 
Car -1 -1 0 522.9668105478759 173.91342244452937 575.0134901104386 196.8087925715991 1.6520879 1.6345826 3.7452672 -4.420217 1.7312753 53.039772 -0.040450543 9.632367358046544 
Car -1 -1 0 646.2666711037995 175.82340517962106 684.670871509672 207.5946732866229 1.6806883 1.6409822 3.6252198 3.0822387 1.8545351 40.38026 1.5045433 9.425720762408194 

