Car -1 -1 0 260.6812973137458 181.66881118008175 351.77909023999786 211.29153703350335 1.6413803 1.7373252 4.509889 -17.394 2.1604242 41.520634 -0.04345708 51.84699684438231 
Car -1 -1 0 596.3491116579472 175.14488059598202 668.6802009104991 200.5908990383334 1.5599695 1.7187303 4.469663 1.4711599 1.7074425 45.43255 0.07100302 47.7967686428455 
Car -1 -1 0 683.7969486768476 172.60657869263312 754.1166352212095 197.16891074852182 1.5204706 1.6647198 4.181129 6.8579035 1.5051544 45.498787 -0.00067602907 34.505547276451374 
Car -1 -1 0 581.5767910499083 172.3874394412993 621.8601908005555 192.83170993903212 1.4824164 1.5532749 3.6730003 -0.5535627 1.4485857 54.30998 2.0235915 7.005662565184446 
Car -1 -1 0 768.0105609574324 168.83362468793342 842.912964381662 194.33806726282086 1.5709203 1.6824229 4.239723 12.261978 1.3232892 45.317062 -0.015836727 44.58896551031015 
Car -1 -1 0 543.807608398916 172.6130958181755 587.3910649869804 193.622377867139 1.5231724 1.5774031 3.717289 -3.2710814 1.5057065 54.323654 2.054641 6.656698017965212 
Car -1 -1 0 378.31123611597815 178.5812692486323 435.41186195372507 200.50826596841932 1.5156515 1.5835313 3.5857444 -14.353554 1.9288961 51.19466 0.04243448 16.5491891055336 
Car -1 -1 0 660.1849072124239 171.64365611156464 702.8314174515023 192.00899151239207 1.4574232 1.6114664 4.007131 5.4002724 1.370806 53.769283 2.1093607 4.760015335309513 
Car -1 -1 0 740.6722595493103 165.81407356030556 767.7851168968102 186.9642942860794 1.5214143 1.580127 3.997772 10.867812 1.0150058 54.046486 1.8738911 1.167950319105072 

