Car -1 -1 0 724.280602627061 186.1098457069899 918.0053556253811 335.00409513987876 1.5514011 1.6254339 3.6726956 2.5973535 1.7639306 9.708748 1.6003817 119.64553092311644 
Car -1 -1 0 658.7457449255336 183.45943472323552 717.2626262837986 234.5241399095787 1.5943074 1.6073477 3.908784 2.6714523 1.994956 25.299458 1.5655706 74.59214994097717 
Car -1 -1 0 88.64776548853177 174.01369523419072 215.64002944551015 230.1787792929841 1.5728476 1.6105413 3.5472732 -13.82978 1.6111671 22.06057 1.5801222 86.52020619909257 
Car -1 -1 0 579.0956442201838 180.05224146134825 634.6673363770526 235.72609946169123 1.6170723 1.6585295 4.1677837 -0.14090627 1.8736379 23.61002 1.5410578 35.68958003958696 
Car -1 -1 0 259.5956451201426 176.54555985312237 333.5204978048329 214.27014442555213 1.5499251 1.688433 4.056282 -13.825116 1.7247926 32.113846 1.5244122 20.513230981026002 
Car -1 -1 0 702.0283809475734 194.68970428917535 813.3838433173878 278.2707984198225 1.4270036 1.5320916 3.5652523 2.9544473 1.9369411 15.053986 1.5524728 34.14505161634272 
Car -1 -1 0 634.7769190286936 184.97624823985743 676.3393013763941 216.71826516757847 1.532775 1.6060351 3.7614732 2.3891563 2.2087834 38.28512 1.46981 16.26998382136069 
Car -1 -1 0 321.0495540805888 176.82634001250943 372.9222270054465 206.66622330745736 1.497982 1.5613271 3.7122526 -13.983331 1.7209473 38.6119 1.5282495 7.346489916792913 
Car -1 -1 0 628.3846203224591 185.90218087979486 677.251327356677 223.8280567584734 1.5425323 1.5980521 3.962508 1.9032108 2.1730156 32.81174 1.4681394 9.128057446482922 
Car -1 -1 0 371.2944280089503 177.76832190273666 411.17840959138675 201.6576112950688 1.4670436 1.6432042 4.165703 -14.26174 1.8039684 47.329185 1.4946525 2.520794703468389 

