Car -1 -1 0 189.23100297300954 191.46561059784344 392.1568572485246 295.3677063076793 1.460805 1.6694597 4.3241653 -5.4952407 1.855482 13.114328 1.6013441 116.35392752735025 
Car -1 -1 0 855.1769025028598 178.31260585586944 1242.0 335.2245246073295 1.4225156 1.6373158 4.182534 4.917574 1.4860494 7.5008955 0.037860826 134.98288537384346 
Car -1 -1 0 744.3800746804329 179.15825033994219 988.2359713336798 255.77983718247728 1.4258237 1.6516511 4.302211 5.022605 1.5601182 14.472476 -0.033724286 108.18267057301192 
Car -1 -1 0 729.7446662465369 180.50740483424238 920.4318496287937 244.47539930391403 1.4202496 1.6018946 4.0193615 4.9826546 1.6095157 17.029093 -0.0066518066 32.861691594834035 
Car -1 -1 0 676.2438159863002 176.39664396852504 775.4022083818636 214.6849150874924 1.5569267 1.6315206 3.8778844 4.847207 1.7105494 30.396896 -0.03954629 22.203047408011543 
Car -1 -1 0 709.0700503718117 178.53432979796114 862.4422278715543 235.95409652592775 1.463448 1.5788426 3.7198696 4.685424 1.6239355 19.477575 -0.06478562 24.411532939960097 
Car -1 -1 0 688.7104214782195 175.41623655965628 831.5310098433634 228.98565976228943 1.579071 1.6411045 4.0334506 4.62753 1.6625608 22.441168 -0.12731472 22.28285796598411 
Car -1 -1 0 516.498610467036 180.52639227034254 539.5057283888464 203.6659481263243 1.5431893 1.5474434 3.8967326 -5.7850204 2.111804 51.46379 1.4796753 8.433978340223943 
Car -1 -1 0 623.3351443354195 174.0629118724422 665.6604489648329 188.46958837099052 1.4643277 1.6294422 4.1192846 3.6396394 1.5934322 75.34133 0.50877166 6.374225854735014 
Car -1 -1 0 668.805830148576 177.53459668459763 759.6028532008379 210.77237848450625 1.4764955 1.6016173 3.8889806 4.7810907 1.6982818 33.252808 -0.07098087 4.731432792475072 
Car -1 -1 0 461.1229567113494 179.8909691156916 520.8714323133204 209.87775644511007 1.4903388 1.6983907 3.9928071 -6.34023 1.8917973 39.016 1.8310398 2.772941356104468 
Car -1 -1 0 502.75017850470647 179.31782039588848 528.6728809796841 205.21605660193998 1.5512986 1.5775318 3.6044598 -6.009424 1.9809055 46.06084 1.4302074 0.9555109269731018 

