Car -1 -1 0 436.3764657506998 192.7347837407402 530.9598186761353 260.87317774887003 1.4459008 1.682841 4.545436 -3.150594 2.029599 18.91097 1.5715134 92.97542633681648 
Car -1 -1 0 0.0 210.8830355133095 169.53648701521604 287.7843100267407 1.446853 1.5637085 3.5652137 -12.343306 2.4449885 17.143856 1.5857602 59.21035427704901 
Car -1 -1 0 561.0340945801685 182.34190378724986 598.3242024913837 218.07729856178932 1.5493437 1.655579 3.83597 -1.367893 2.0248594 34.234375 1.5588456 24.105698665958144 
Car -1 -1 0 173.29803467221623 202.06684292552387 294.12051109500356 256.4449717782726 1.5087004 1.7727191 4.5298157 -12.687657 2.6013434 24.720873 1.5728054 56.50894062850401 
Car -1 -1 0 1010.7832827201223 170.62642595410327 1242.0 272.50358250734826 1.4458752 1.6374588 4.2643957 8.761323 1.4142606 11.97243 -0.49419653 79.71489441195122 
Car -1 -1 0 923.9507538523836 176.04027798981653 1122.6934357091552 254.11055024191268 1.4180069 1.6120927 4.1747823 8.608832 1.4915118 14.944789 -0.4947704 65.71873294738792 
Car -1 -1 0 826.2853580118071 177.40036910205413 958.0686406704998 232.0503240061253 1.4238107 1.6110858 4.082801 8.25733 1.5674944 20.954779 -0.62590504 33.171739119468334 
Car -1 -1 0 770.5055638243182 172.75953913848232 905.6594410955571 219.73555753890543 1.6663924 1.7237273 4.445964 8.3917055 1.6630415 26.681677 -0.10324705 51.83580952176671 
Car -1 -1 0 294.7003437744839 200.7701508626443 343.2003773171785 230.75597710084082 1.4501927 1.5420965 3.7308142 -16.218163 3.0891652 40.42855 1.4703381 9.16832950245619 
Car -1 -1 0 867.3894304523277 176.3731825624149 1020.0664857946164 240.9858941342858 1.433146 1.5904791 3.9005132 8.336044 1.5289022 17.912224 -0.5689656 31.420897217999432 
Car -1 -1 0 61.76097182897745 207.7357586689132 180.31660404412716 261.932504750565 1.4660606 1.6151413 3.505722 -15.834968 2.6935818 23.604824 1.526702 7.7365646042665865 
Car -1 -1 0 723.9822368798257 172.65918378173066 751.4329206545187 191.06794951074946 1.5206916 1.5383548 3.5461044 10.8746395 1.5045981 61.4149 1.5184255 1.7714565267992781 
Car -1 -1 0 652.4654578172843 178.25034920296977 671.8036084678864 195.59498715790107 1.631451 1.5771936 3.9501095 5.1533422 2.17793 71.085724 1.5602953 0.7032691188804692 
Car -1 -1 0 57.348140180677234 190.4836991782775 120.81874763665753 220.55597475752367 1.7231554 1.6440263 3.9042845 -32.944683 2.892188 45.796288 1.4281222 2.3373614716190136 

