Car -1 -1 0 724.170816229788 179.5535960293174 935.6215575927013 322.8880671648815 1.4690757 1.60774 4.1578856 2.6495283 1.578325 9.678218 1.5819781 92.35912809670404 
Car -1 -1 0 380.64774734289637 185.34183781151864 496.3081905710204 262.2382109590399 1.4818771 1.7319756 4.4145947 -3.81717 1.8119981 16.850586 1.5515418 92.26022673977991 
Car -1 -1 0 442.09454756993915 180.4159178478245 520.5002840828702 236.17817607392266 1.5025085 1.6788418 4.197315 -3.8170204 1.7563286 22.115528 1.5652183 34.10989390812615 
Car -1 -1 0 656.7257251734518 171.4688468712098 706.9900175539274 215.89127567617408 1.6414547 1.6359743 3.9659035 2.801648 1.5902717 28.652437 1.5805955 50.037010394792034 
Car -1 -1 0 635.3588813757998 177.01832125250715 671.3122446142662 206.5477477976214 1.5254136 1.5755608 3.856734 2.3669715 1.7663848 39.789352 1.5242337 13.849919191941071 
Car -1 -1 0 542.6895213781852 178.3483905249497 566.345655990841 201.28581652681777 1.5162969 1.593693 4.0665755 -3.8537056 1.9188108 50.77724 1.503933 1.8606329036314329 
Car -1 -1 0 403.5671636086008 158.8082808652702 455.54419926696505 189.4770520247916 1.460032 1.5662785 3.7170324 -8.973743 0.79136467 36.235046 1.6063528 2.8828592246309213 
Car -1 -1 0 623.7408582936257 175.4270883382338 641.7980503582188 190.90858892219927 1.4890606 1.6728747 4.2318287 2.3509793 1.7545583 72.28488 1.6351088 1.012760465026109 
Car -1 -1 0 701.6762030206429 169.15086330392685 744.3965724606842 202.29252367125977 1.8113878 1.6486173 3.8615403 6.456834 1.6089892 41.40972 1.5154443 0.5926916010162878 
Car -1 -1 0 481.3732060808717 182.13022940730005 537.6491406861229 225.68327391831403 1.481371 1.6083155 3.7584453 -3.7014484 1.855538 27.223408 1.5690477 0.5455418843390236 

