Car -1 -1 0 585.1928268346264 163.60580719031074 635.4595028655455 212.96429027661637 1.6117227 1.6440458 3.8797143 -0.035010427 1.3097376 25.525404 1.539357 46.06933883785649 
Car -1 -1 0 43.47191660526616 181.83789391547387 262.4284542543333 274.6518484221946 1.4661541 1.6351234 3.9815333 -8.421572 1.662653 13.783264 1.5803272 119.23746880624368 
Car -1 -1 0 342.5651640113282 175.73500368605062 427.8898421491436 218.1009090482943 1.4151263 1.6346381 4.093775 -8.115543 1.5292276 26.48121 1.6350074 68.90014160816551 
Car -1 -1 0 299.8215705863853 175.96445979642868 384.63911872815856 212.2500899104761 1.4338876 1.6783862 4.1145854 -11.385008 1.5769498 31.03408 1.7072188 30.423084490338475 
Car -1 -1 0 865.8375131866268 160.27879156501635 930.1379879215264 179.90852726402844 1.4668796 1.6660856 4.339984 22.017323 0.52716637 55.126953 -0.18011104 25.93596691468562 
Car -1 -1 0 1.5164495907818656 187.4888169476403 75.83003739722403 242.27294142417892 1.4344466 1.6585927 4.060393 -17.48963 1.9257363 22.119001 0.8954103 26.62505299524649 
Car -1 -1 0 944.8910809035009 164.36848341199072 1024.5541403508664 194.5208955298752 1.4848771 1.6076353 3.8224866 19.267511 1.0670016 37.050903 -0.42351705 34.674046337418694 
Car -1 -1 0 519.5653074554422 166.6592846929554 542.6535652005417 182.49596571031253 1.5012717 1.6812451 4.044919 -7.6278987 0.9140302 70.45022 1.6056467 3.821397772260974 
Car -1 -1 0 0.0 174.75965842292877 51.303721580468725 194.42939006398512 1.5826298 1.7218478 4.238104 -49.277435 1.748705 60.68117 1.4622121 0.6094629021251488 

