Car -1 -1 0 740.3597990418847 159.16977773880868 1022.3200876378776 362.2668348418721 1.6334903 1.6243957 3.69158 2.5216177 1.5234294 7.655155 1.5783794 98.2214264214926 
Car -1 -1 0 23.26968381745432 201.20568582149824 385.4203860857374 375.0 1.401705 1.5759912 3.7925458 -4.3289967 1.7637889 7.6034184 0.5084431 125.19033073239491 
Car -1 -1 0 295.1926093362202 184.40565207652742 494.97403179330735 256.2365963005276 1.5126176 1.680174 4.412997 -5.2040052 1.828483 17.776014 -0.61069876 143.9130470516823 
Car -1 -1 0 720.1521524270242 166.12112241415662 830.6857567706031 208.21095496436132 1.5052673 1.5925488 3.683094 6.1337786 1.2644778 26.857853 -0.14461608 36.75309649565693 
Car -1 -1 0 651.4491522469241 159.1833219434984 721.3292014145613 228.28597929142734 1.8461477 1.6244512 3.6481674 2.1596215 1.4809215 21.107973 1.5617454 88.97533702930464 
Car -1 -1 0 619.4101246658907 174.48767938169686 649.769486794814 200.66141183172317 1.5144287 1.6393962 4.0264106 1.4853923 1.6187114 44.029907 1.5521955 10.927040520905653 
Car -1 -1 0 55.720438977800825 199.0545863397801 221.29194052676706 268.3492311716052 1.3916204 1.5396364 3.9304821 -11.49198 2.1148233 17.947676 1.5751932 13.028168922766445 
Car -1 -1 0 188.31692115086133 198.2799452563137 284.2909903376328 230.04188929169013 1.464697 1.6110288 3.9578166 -18.606794 2.7755308 36.10882 -0.1488267 10.659605436326792 
Car -1 -1 0 368.9336881367451 183.2080177651248 412.65328413403927 216.56792211838163 1.7500207 1.6467805 3.9597607 -12.42191 2.3703122 41.175125 1.472738 2.3419902694607457 
Car -1 -1 0 461.5286620999129 178.56149464890453 534.9712495386005 207.6136345815126 1.5117354 1.5798428 3.6227965 -6.0464015 1.8323586 39.284477 0.2726472 0.5057472812188251 

