Car -1 -1 0 661.4070719329164 172.932266818552 728.0141182901049 224.64136506783714 1.5467782 1.6176143 3.8197858 2.6888075 1.5495391 23.521503 1.542195 74.28341852686353 
Car -1 -1 0 749.7585524930403 177.56893933142493 962.3821412423039 326.3637212021723 1.4929036 1.5559227 3.4105427 2.8443928 1.5633777 9.066565 1.5878115 116.30168960196218 
Car -1 -1 0 20.04077922411048 202.56933461649865 138.4396853977284 254.873676112039 1.5949413 1.6129837 3.5589488 -18.822695 2.7311738 25.808054 1.5733941 76.66061008975669 
Car -1 -1 0 691.8872033639589 174.52403494031248 803.5265311298316 256.98733160702585 1.531194 1.590092 3.6299672 2.7917929 1.5708673 15.306416 1.5455631 99.00270923777013 
Car -1 -1 0 137.48811240972123 198.6962355913215 248.90828438771678 248.44580761429137 1.4948035 1.6743643 3.9549012 -14.68941 2.4869604 25.720192 1.5758978 64.86623115232257 
Car -1 -1 0 633.5470386738299 176.89577901136704 676.5069361253774 210.98511426608994 1.434823 1.5454144 3.831221 2.0096698 1.6293554 32.77974 1.5261555 27.22220954855389 
Car -1 -1 0 94.93634782723039 178.62813945629466 171.44885862002104 214.29612139607838 1.6514552 1.6204028 3.51712 -23.53561 1.9523149 35.793377 1.5134007 16.162428868604227 
Car -1 -1 0 627.7964012571637 177.3473066278606 660.6653422578983 207.75029617998464 1.5215856 1.5817764 4.1003833 1.8162518 1.7758069 38.77037 1.5739408 1.4810799646027404 
Car -1 -1 0 360.4975073518439 187.3174026151268 393.3760454204544 207.77748016490122 1.5451956 1.6809716 3.8052948 -19.04248 2.771053 59.202988 1.5081315 5.217150641213037 
Car -1 -1 0 323.4102088628458 189.84156815487327 359.60642990981125 213.7840653821831 1.519527 1.6161505 3.7851553 -18.748983 2.757704 50.60262 1.4280432 2.955915040108165 
Car -1 -1 0 218.22697303477557 195.5170925097846 287.0931518557428 228.10462221866976 1.5044286 1.6447248 3.8254328 -18.675098 2.7568052 37.93737 1.5991465 0.2810698449611664 

