Car -1 -1 0 0.0 184.36361397520386 160.26345189527984 287.77808439288077 1.6768297 1.6915722 4.1558733 -10.68023 1.92503 13.822882 0.49882853 75.24269251895775 
Car -1 -1 0 1118.7502598108579 153.2710833941725 1221.7532384838294 193.31335757349402 1.6354959 1.6417898 3.845913 23.97867 0.83564657 30.871382 -0.33064815 42.962486591454734 
Car -1 -1 0 256.5042935823117 182.66211842129582 327.0920249754391 229.85213262217027 1.4369364 1.6868148 4.1688533 -10.960051 1.8089912 25.135162 1.2955358 18.26839546233273 
Car -1 -1 0 122.54848656760724 188.7000981454684 228.87929944203228 234.51521139337328 1.4192836 1.6129022 3.8274868 -15.2783985 2.0253608 25.64862 1.5251316 20.657189401627882 
Car -1 -1 0 413.04382678488906 178.48150250307665 504.08785023202887 221.25510188474283 1.4716485 1.7233591 4.4242153 -5.8795133 1.7056667 27.716072 0.93078226 39.13842880373738 
Car -1 -1 0 328.79964726098416 191.82486729625728 396.7086244682122 223.13849440555276 1.4708931 1.6290227 3.9189534 -13.091774 2.538413 38.51301 1.7882003 9.053971071347906 
Car -1 -1 0 476.8347088299338 177.02495867199335 558.3184981914462 214.91003954372738 1.4591256 1.6253016 3.7752275 -3.9031448 1.6451124 30.19927 0.8837191 16.277458718579936 
Car -1 -1 0 555.3985157436966 175.02362205216474 596.1922287511485 210.1047485943433 1.48256 1.6360878 3.765729 -1.4732435 1.5863183 32.61644 1.579418 12.767474938848611 
Car -1 -1 0 1073.5752524419174 157.96713216074366 1165.2533786811664 192.35776008832158 1.5111504 1.6326193 4.0619307 23.530771 0.8570099 33.291225 -0.42844814 4.475282577527562 
Car -1 -1 0 224.2222766145119 196.50250010993832 262.1782377862511 227.19310033704477 1.5028299 1.607185 3.8146849 -20.611961 2.8983588 40.53227 1.0225346 3.1246059321299158 
Car -1 -1 0 977.0493114285151 160.5665605690227 1040.674943052431 182.67287543106687 1.541224 1.6463789 3.9840615 28.956942 0.68455917 52.454826 1.2489295 0.5735546638743646 
Car -1 -1 0 1020.1397184228808 160.82319360816106 1091.9090623249847 185.27111662024998 1.5061185 1.5908796 3.8487709 28.22921 0.7649584 45.649902 -0.22189072 0.2673540711402893 

