Car -1 -1 0 383.4433601487399 178.2746156686557 475.04415930001545 211.83607707085588 1.5821474 1.6633863 4.0500565 -8.726782 1.8524733 35.135696 -0.007763092 56.674401503288934 
Car -1 -1 0 14.24636990936068 185.87714013456224 310.22021925195077 282.188978625791 1.5786833 1.6726333 4.2506614 -7.819851 1.8264382 12.889979 0.00018445642 105.15771285868743 
Car -1 -1 0 571.2107616228936 174.4612791932955 603.6982934712469 204.71426077201056 1.5239328 1.6455292 3.727076 -1.1554407 1.6137118 38.424618 1.5516318 21.782097595018268 
Car -1 -1 0 299.6432352638719 184.86130823493423 427.8657354588691 231.87817484721592 1.4493301 1.5692751 3.6348042 -7.9428225 1.8544314 23.506283 0.028935175 30.580016342409174 
Car -1 -1 0 509.24937567894136 178.08454548902134 549.2261063726258 209.06565674270524 1.4144552 1.6719651 4.152817 -3.9224715 1.6889597 35.760284 1.5326177 16.484849575419023 
Car -1 -1 0 0.0 194.2907169342869 212.98914551295698 309.3878195484072 1.515402 1.5677009 3.4935515 -7.9947453 1.853266 10.583038 -0.0030175846 68.14304192404244 
Car -1 -1 0 121.6526003972805 188.1206610606198 336.19316811199593 263.2707464274263 1.4816782 1.5921597 3.7788298 -8.049774 1.8273609 15.460175 0.04355373 27.664441366125732 
Car -1 -1 0 233.98489126765767 183.70375252014242 402.2512556818313 240.1310991629328 1.5114629 1.6482508 4.1498337 -8.243564 1.8354527 20.61559 0.05187665 64.22262601819617 
Car -1 -1 0 174.19558801045827 189.78069589254204 356.0472235165564 251.55675761233385 1.4394304 1.5838959 3.842875 -8.589981 1.8866091 18.179098 0.047816858 16.730365947029693 
Car -1 -1 0 915.3346798951318 152.73963753027994 1137.457855999454 251.72227869690866 1.540542 1.64456 3.9649148 7.356349 1.2274868 13.2504635 1.5214226 1.085282998946894 
Car -1 -1 0 766.1107968126871 158.15022646566973 841.9273585904444 196.4688496020372 1.7488463 1.5726959 3.3346648 9.316299 1.0777719 34.75857 1.0000322 1.083669739699123 

