Car -1 -1 0 0.0 193.21758525436414 184.89073439534147 328.1744475312082 1.4523333 1.6785975 4.439142 -7.746567 1.8256074 10.853474 1.1933453 88.14494808883614 
Car -1 -1 0 1084.4705576923966 158.3185954725776 1242.0 250.16335767899196 1.4399614 1.7123237 4.5055866 10.964978 1.2120723 13.690955 1.7722201 50.66658515340325 
Car -1 -1 0 804.3996907772395 171.40876551745546 899.133677153167 249.34874649653585 1.4239439 1.6739072 4.4768744 5.2085347 1.3975397 15.570698 1.8943188 47.9153512731249 
Car -1 -1 0 627.0951508243638 177.11242067813197 765.9918423475085 240.02227876993788 1.4187207 1.6812344 4.210143 2.3725278 1.5422735 18.751007 2.2224588 70.48990925328178 
Car -1 -1 0 228.02535538488624 181.38624211216117 309.56715607506413 239.1131445463278 1.6063397 1.7113806 4.190505 -10.9072075 1.9038463 22.945572 0.97277546 49.28516423210284 
Car -1 -1 0 580.5060386761637 179.26922042095876 700.6366820706756 232.63995250495532 1.3983778 1.6393102 3.9035306 1.0103085 1.60732 21.44928 2.2184584 42.88100567918109 
Car -1 -1 0 768.9491577412045 183.55461375658257 856.8417670270035 218.93898372239798 1.4798926 1.6232046 4.003947 9.326711 1.9956075 33.009514 -0.57105154 23.539271185274735 
Car -1 -1 0 1042.4442383544451 176.70528536881076 1174.5479043967719 230.2058516934207 1.5082853 1.6174386 4.011357 15.366361 1.6354363 22.198502 -0.46570128 13.209147953425871 
Car -1 -1 0 911.2460219226658 180.9550601170832 1017.591930576455 224.93252982040894 1.4791663 1.6177449 3.9441001 13.101011 1.7968032 26.592682 -0.532704 20.082257131428165 
Car -1 -1 0 858.6750978385501 182.43585457524327 958.9627460426959 222.70478883816233 1.4881321 1.6250153 4.0848575 12.146574 1.8993751 29.22955 -0.5333652 21.45065841294543 
Car -1 -1 0 471.34027673333054 180.60472531797464 566.5440598047742 220.25483535385433 1.4150939 1.660691 4.1656604 -3.5284066 1.7489039 28.84863 2.0678387 10.232179972006701 
Car -1 -1 0 542.101814605832 180.6429526031197 650.6104097828173 227.3088183879227 1.3708882 1.5915534 3.6862574 -0.36403543 1.648513 23.780605 2.2434478 19.222216481672266 
Car -1 -1 0 499.23051126403857 180.21096977074404 594.6116806904162 223.3219747269514 1.3915265 1.5923293 3.6087077 -2.1747203 1.6756898 25.913345 2.1141973 11.767598130672539 
Car -1 -1 0 983.0145359067607 179.38454496142606 1096.8493159752584 227.58743553355782 1.4820411 1.6063237 3.8565478 14.508069 1.716861 24.288717 -0.52049416 5.877209945757305 
Car -1 -1 0 394.4145657166526 182.84094027051026 473.0222078497648 212.5341070124891 1.4787874 1.5965366 3.7941022 -9.419394 2.0377164 38.717575 -0.5432844 11.345864539738796 
Car -1 -1 0 745.9987743873373 183.4901063226846 793.9086468913931 217.34405327195424 1.4963233 1.625199 3.83 7.890424 2.047031 35.27893 1.9701295 3.144307089027597 
Car -1 -1 0 317.78218006265195 182.31472117752963 343.40808236981786 201.01807748012655 1.5299162 1.6515329 3.94411 -24.499466 2.387889 63.305138 1.0858401 0.5959110450463346 

