Car -1 -1 0 738.0914234675362 187.74047260002826 955.8405954419397 320.66504171384975 1.4288163 1.6325502 4.372902 3.1122906 1.6899523 10.453287 1.5488901 103.20840913878665 
Car -1 -1 0 689.9090274138465 182.85040100606753 786.9429726066647 252.9739118912277 1.5082536 1.6129272 3.7068415 3.082035 1.7829325 17.941431 1.5299124 75.79247868155234 
Car -1 -1 0 82.70555412950144 190.9230790497313 188.1909054172586 237.26918653861267 1.4592628 1.520989 3.4431071 -16.819794 2.1483102 25.789583 1.5654628 73.57190139722701 
Car -1 -1 0 168.18209609485027 189.32176243908748 249.9088629156581 227.06384651239978 1.4306461 1.5581036 3.7021997 -17.030308 2.1781783 30.8725 1.5308194 29.498727065678903 
Car -1 -1 0 245.93043074808668 186.47994175487273 310.86612015907633 218.98130612260945 1.4596138 1.5754101 3.859376 -16.433886 2.176341 35.998024 1.5372596 19.370465162482688 
Car -1 -1 0 661.3984859920099 183.8670034556227 718.7018442068729 226.0586243875498 1.4381874 1.5550971 3.7622812 2.9977016 1.8876622 27.523924 1.5109513 19.19033118144367 
Car -1 -1 0 343.89739314710704 182.7723483193423 387.6154818503283 206.14619995841682 1.5214474 1.6107883 4.0355015 -17.083624 2.2469425 50.73794 1.5997615 10.901149533680945 
Car -1 -1 0 672.3291667329452 182.12854078827164 746.6275199901696 235.1213943777766 1.497575 1.5962162 3.848713 3.0968904 1.8193254 23.056648 1.5018072 12.50042947486692 
Car -1 -1 0 0.0 194.50323015130044 107.46918743684748 258.2417104733949 1.5181463 1.6794266 4.0919313 -16.605099 2.199315 20.643446 1.5550488 29.745354481369375 
Car -1 -1 0 397.43947933346755 182.07653467581943 427.17345498585894 201.54737838726132 1.5824436 1.6759363 3.7516956 -17.007353 2.403838 62.35552 1.5313606 10.285150155148223 
Car -1 -1 0 596.8670762280109 178.6635137463452 616.5636449934359 197.82338282972668 1.5674456 1.6423149 3.716487 -0.22906491 2.0817862 62.018982 1.5751605 4.041520984417545 

