Car -1 -1 0 0.0 182.0539113949058 169.35433785231066 257.6270396873776 1.4583745 1.6706446 3.9736993 -11.963921 1.6945887 16.474663 1.4846833 80.46979246177173 
Car -1 -1 0 687.3188358679145 167.88227121730463 770.3606349889536 248.90106442010895 1.6752193 1.7084888 4.408488 2.8021088 1.5724192 17.224638 1.7175386 38.548724473722416 
Car -1 -1 0 815.1990510942122 180.9287586630103 921.171327534321 223.75265508652345 1.4297566 1.6146096 4.043648 9.563278 1.7474961 26.582386 -0.6016754 67.75138998813266 
Car -1 -1 0 535.3572976982756 175.54825820010225 564.2966898816069 198.72830074558314 1.5643437 1.6267164 4.396339 -4.212982 1.764606 51.419876 1.5876832 6.805617416503958 
Car -1 -1 0 1121.4204743587043 182.7473157789368 1242.0 224.61324479304133 1.4492512 1.6184998 4.134618 21.236313 1.8206198 26.23227 -0.020930847 16.795674099422197 
Car -1 -1 0 1002.9966110625511 181.2446679114833 1106.4700294008837 214.63574921529633 1.5370953 1.643584 4.030101 21.33789 1.9513949 34.66294 -0.0716268 19.048674685098266 
Car -1 -1 0 345.20709390688813 178.16277793938468 380.3507002240759 201.541335142521 1.5328816 1.5866075 3.653214 -17.083847 1.9154379 50.085762 1.4496857 7.577796903162116 
Car -1 -1 0 127.77428291277536 176.68727437113057 217.7942325311915 204.40250811758776 1.4952613 1.6222528 3.9942298 -24.172733 1.7124267 40.020786 -0.022734782 1.3472110073091803 
Car -1 -1 0 631.2231340450927 176.94403578021277 657.2950366673766 196.44842473750475 1.4984871 1.6368654 3.837047 2.7673552 1.8398118 58.238693 1.4939952 1.9838334907601252 
Car -1 -1 0 540.1668705651895 173.5533777962832 566.0827687480976 198.73195211504338 1.9768448 1.6412052 4.181046 -4.568815 2.035977 58.886925 1.6073655 0.33113670349121094 
Car -1 -1 0 734.7966594570356 175.72977034220747 830.8715236809247 212.665436840264 1.6405413 1.6576166 3.9997492 7.8723035 1.7754438 33.01267 0.0029651185 0.888719077705297 

