Car -1 -1 0 269.43654123856254 177.40604694558365 350.83425645783035 253.52951081422285 1.5880814 1.619049 2.9919674 -7.092386 1.7057598 16.95442 1.1274362 61.24810132011217 
Car -1 -1 0 1057.269937336249 199.27668770925402 1233.8454686729442 280.27221052454445 1.4016169 1.5715644 3.7606444 11.272509 2.0146387 15.136303 -0.51006114 108.19854019175247 
Car -1 -1 0 652.0526244460171 177.95010850708928 769.3117979880135 230.41165621124833 1.4435555 1.5642471 3.5966778 3.127554 1.611252 21.971004 -0.718434 86.78919279304048 
Car -1 -1 0 600.4724305301038 177.1567525592935 723.9930597796813 224.03329860394865 1.4218296 1.6166217 4.1503105 1.823569 1.5775633 24.178099 -0.6835186 28.676027192813073 
Car -1 -1 0 415.8281812954243 173.49060242054878 495.0939258233995 204.3729089967682 1.4613428 1.5664518 3.5210793 -7.6354003 1.4943881 35.832138 -0.5822267 23.625471792639377 
Car -1 -1 0 439.16461079672064 175.5154639488185 528.1312917498673 207.65899750705174 1.4207145 1.5851945 3.8557322 -5.9012794 1.5530483 34.036255 -0.69180596 45.290539580997645 
Car -1 -1 0 263.030870260239 174.66367408556937 308.285464662296 214.630669879207 1.4802299 1.5579531 3.5843964 -12.962924 1.557497 28.853691 1.1383553 12.343579352509886 
Car -1 -1 0 556.1766953274036 177.90393171193506 666.9823897399687 219.94214761383412 1.4063303 1.5961621 3.9336576 0.1211572 1.6043706 26.440063 -0.67882454 22.89249313035313 
Car -1 -1 0 270.9904610632017 176.91589332422336 335.7124207151729 234.49990127355508 1.4818614 1.5814049 3.6384196 -8.81214 1.6102954 20.83115 1.176847 8.559508329162693 
Car -1 -1 0 99.0450626919222 169.6332233457047 151.75839043600556 199.22893234914542 1.5122992 1.6580447 4.0829577 -26.137405 1.3477218 39.072365 1.1619747 4.562014955936708 
Car -1 -1 0 271.14431956551607 162.93176621734034 305.96968207879627 200.3577927662105 1.9196184 1.6472913 3.6756194 -17.37646 1.4106969 39.02224 1.1401254 0.9923939108848572 
Car -1 -1 0 12.991275356992595 157.60202345865557 89.31491179568168 210.76068560000385 1.9650674 1.5997009 3.9931467 -22.189737 1.4012614 28.818886 1.1260444 3.1397481288717106 
Car -1 -1 0 124.40350429987706 170.79943934335697 178.65117801435179 195.20439381049172 1.4500703 1.5570889 3.753095 -28.401352 1.3279941 44.85829 1.3883617 0.3631493151187897 

