Car -1 -1 0 236.2772031555764 178.01363143229273 447.3828944391181 328.5020588244942 1.6442742 1.628922 3.8925996 -3.42075 1.7299415 9.999727 1.5268013 130.956442440374 
Car -1 -1 0 690.3374238178494 168.86742066291595 840.3129601971851 224.4577264035942 1.5445023 1.6334825 3.9680552 4.472026 1.4337404 21.02707 -0.08388746 67.7166833518692 
Car -1 -1 0 498.36316166928236 172.3230498065813 549.636441222416 217.9446357614748 1.7490184 1.5793427 3.9201257 -3.444919 1.728663 29.63487 1.587401 22.088711056197756 
Car -1 -1 0 664.371264834963 173.62609038363468 787.9849786598072 217.5650238399695 1.5164548 1.6308663 4.1145444 4.129495 1.545202 25.90064 -0.073583715 10.462352865178037 
Car -1 -1 0 785.6152339707277 149.19110872008608 1213.321938435309 331.43529683396895 1.8022659 1.6864266 3.9269526 4.164193 1.5682566 8.100058 -0.06268696 67.23540796334268 
Car -1 -1 0 513.0067458315145 177.53722891561068 568.333212759373 207.13075548437354 1.4854771 1.5980924 3.8382337 -3.6573787 1.7516925 38.944588 1.8776976 11.656540160292987 
Car -1 -1 0 683.068838849474 170.55362451189345 802.1876329426483 220.25559668097986 1.5602293 1.5876491 3.576402 4.2590365 1.4880165 23.447502 -0.0018928492 6.453301851106071 
Car -1 -1 0 473.7918148548069 177.780119305932 532.2169620406873 226.319148549544 1.5577265 1.531176 3.0888863 -3.633705 1.7392013 25.026161 1.584524 4.538648314575147 
Car -1 -1 0 438.0401583276491 167.79161348066197 518.2925067867562 241.70248567337728 1.8866358 1.622381 3.993251 -3.6085386 1.7574141 20.430855 1.5500664 56.01164667314077 
Car -1 -1 0 787.4210145258027 153.5191752998228 1087.414008209588 281.96088537303615 1.7695935 1.6629153 3.8095975 4.8264427 1.5032097 10.928273 -0.083461165 17.283297218021765 
Car -1 -1 0 641.4254448838464 173.6694932647212 726.730575020739 206.0562773897305 1.5781431 1.6299402 3.974959 3.7423458 1.6207187 36.44564 -0.21762644 0.5530330538749695 

