Car -1 -1 0 342.6188495774936 190.05818628748492 483.36957128885274 285.37877016866446 1.4811889 1.6515003 3.9506972 -3.5951293 1.8599278 13.905259 1.5664434 116.66342709191677 
Car -1 -1 0 770.4229548920342 187.47414314823962 1020.7360284095042 358.2558920520264 1.4688395 1.603972 3.756235 3.0172343 1.6788851 8.450018 1.6213124 106.65672676959932 
Car -1 -1 0 427.6646993241691 187.54687456470432 519.8517216006966 251.76720853695696 1.4431205 1.6484945 4.2029543 -3.4956326 1.8787131 19.28449 1.5770617 59.17211443119819 
Car -1 -1 0 667.6017577822487 181.4595742611901 713.7728389700511 219.6455717122776 1.4390725 1.5929961 3.560417 3.293369 1.8159873 29.802784 1.5961167 34.31371631386424 
Car -1 -1 0 856.2220296303066 178.0321049182472 1039.5957433575788 242.16034693994553 1.4878337 1.603822 3.772721 8.234384 1.6222483 17.809425 0.06374499 61.33824448209113 
Car -1 -1 0 528.2723672551311 182.99790966042787 568.5702560685827 214.59232818789764 1.474762 1.6125491 4.247345 -3.093376 2.0278873 37.200172 1.5965477 17.609031697865042 
Car -1 -1 0 473.91504839145784 185.31793182589783 541.2052072532219 234.51381609060525 1.4806323 1.6091257 3.9818752 -3.4085312 1.9431906 24.75829 1.6076683 12.89184132214047 
Car -1 -1 0 654.9048653060909 178.8789335234208 691.2789168686415 208.92011627574988 1.4911982 1.5638447 3.749772 3.3391318 1.8280486 38.45633 1.5583981 9.150975908387739 
Car -1 -1 0 582.0501959358578 178.0496424680996 605.8796060151071 196.6479113380707 1.503808 1.5230622 3.6850963 -1.2968929 1.9592901 61.334473 1.6899905 4.408333652424183 
Car -1 -1 0 565.4859456060467 180.74029384287033 597.6744858622303 203.47139747445843 1.4930317 1.556149 3.7138202 -1.9281871 2.068654 50.70784 1.7312818 1.3346517326470724 

