Car -1 -1 0 630.7879687132481 170.06564157350965 727.3525417429369 254.44276164217234 1.6993904 1.6052489 3.8682423 1.4650991 1.6432316 16.513308 1.5071763 124.22183889703545 
Car -1 -1 0 1067.0664019297549 181.94976791996612 1242.0 256.842865120093 1.4302077 1.5786037 3.709035 12.227056 1.6570507 16.11512 1.5377194 56.13724084090525 
Car -1 -1 0 337.6998355821529 179.55296866346941 452.5177249512974 213.80152393262122 1.4047053 1.679625 4.5395036 -9.16934 1.7043054 31.150604 -0.12627491 96.85415067624267 
Car -1 -1 0 790.4728985051391 171.54303331523386 876.8268075918702 228.5395160953929 1.7127784 1.6490521 3.8928185 7.2238503 1.673383 23.636093 1.5794265 26.641365063949493 
Car -1 -1 0 375.2056266941131 178.08905318713465 464.96526264654966 210.11964962412625 1.5428219 1.6339158 4.0691 -9.383525 1.810144 35.946278 -0.040295895 11.797756794494868 
Car -1 -1 0 533.4446907747143 174.696846884417 559.9321122609261 202.39185710045763 1.7342441 1.6656253 4.130696 -4.159596 1.8612678 47.600235 1.4774214 17.258874466065272 
Car -1 -1 0 613.7356424460437 161.75823836386772 688.9763287594307 238.1801092041879 2.073708 1.7985048 4.578249 1.1523328 1.7726244 21.910141 1.520794 52.57864231641694 
Car -1 -1 0 835.367666521031 175.39681022923256 904.5766277495325 207.6345489036747 1.473176 1.6453272 4.2512765 12.709003 1.6059015 35.488422 1.5076882 11.94097728576554 
Car -1 -1 0 575.5991640547041 174.12292338758644 598.2669021913717 190.52124994461676 1.51055 1.5539155 3.814517 -2.184474 1.6351013 68.80052 1.3741595 1.560202981522681 
Car -1 -1 0 1053.2511922173626 176.68337445314847 1187.6539626145752 224.7832383293615 1.4831741 1.568897 3.6896482 16.715532 1.6150935 23.648825 -0.24449687 0.3586668074131012 
Car -1 -1 0 450.1603367070351 178.59557712863034 501.8092318339512 200.05936914412794 1.5198581 1.5684783 3.5768237 -9.695105 1.9456403 52.55484 -0.09642711 1.0689637510428498 

