Car -1 -1 0 718.5301039205392 169.84630902821414 888.6491262364794 279.37702910610204 1.484942 1.6133888 3.9849162 2.9398675 1.4441657 11.795898 1.5434272 105.61898494003172 
Car -1 -1 0 661.6911442353946 174.0508700252048 739.1307834545202 229.2223816771347 1.4452894 1.589381 4.126068 2.546011 1.4837369 21.085361 1.5311129 80.16067989383858 
Car -1 -1 0 644.8618265494965 175.56897586880308 707.1322588430279 219.65368648962644 1.4902966 1.639993 4.1798034 2.3803196 1.599206 26.799953 1.4979019 40.52667927704312 
Car -1 -1 0 40.11104297967008 196.89743336536907 172.06797531654425 245.8558165705646 1.496969 1.6932997 4.255274 -18.20583 2.447791 26.363754 1.6247464 43.38314490762433 
Car -1 -1 0 161.0105504333036 192.8958262004487 250.71052994621874 230.95345417322483 1.5022218 1.6333444 3.9599805 -18.152514 2.4658217 32.657104 1.6434321 19.753808165224534 
Car -1 -1 0 245.15915461771397 189.01968507752187 309.41674732456977 219.60775300601605 1.49037 1.5976022 4.0117188 -18.013643 2.4163268 39.30979 1.5879773 16.476170552778804 
Car -1 -1 0 630.8704318185634 175.4916365918891 664.0303373945144 205.6830951404134 1.4720885 1.5475428 3.7700386 1.9206946 1.6157249 37.40193 1.5780041 12.977596293754436 
Car -1 -1 0 308.21988535907064 187.4098234792922 351.77972252266574 212.31341176932142 1.4957154 1.6227607 3.8890154 -18.410402 2.4977694 47.672672 1.4962469 12.536043064421154 
Car -1 -1 0 608.7667051528038 174.99114661499584 636.8455089831721 196.70494988121894 1.4931195 1.5344104 3.669173 0.98628986 1.6526426 51.92677 1.7259381 6.5376433850332 

