Car -1 -1 0 698.0509029156282 185.05671391955812 813.9759940647116 267.96027840160025 1.5040097 1.5945449 4.1200156 3.040156 1.8061547 15.784141 1.5428485 110.45580741493174 
Car -1 -1 0 680.7007080420633 181.42530151677965 750.2984231651336 238.36927041399326 1.516957 1.5511024 3.29081 3.05879 1.7904547 21.370998 1.5619178 51.546559086669646 
Car -1 -1 0 336.87050863595323 176.3967690168179 417.514501533874 222.27640870605535 1.5456736 1.6604582 3.990326 -8.461684 1.686209 26.6199 1.579424 104.28232979717315 
Car -1 -1 0 766.0579404829396 181.58795715135363 1024.250573721432 337.3411476287929 1.5942471 1.62189 3.9660525 3.481203 1.7358878 9.657991 1.4879019 108.21475680272928 
Car -1 -1 0 0.0 181.04046187542698 231.96074447477653 281.63773833141744 1.4572127 1.6949137 4.1675386 -8.686729 1.6270372 12.879875 1.5759492 99.68587000121745 
Car -1 -1 0 398.51887394778134 178.26478381323037 460.8807525202902 215.35493185110562 1.5127411 1.6103134 4.1302643 -7.9219704 1.7694054 32.13292 1.6081315 14.367285007543767 
Car -1 -1 0 664.7774537547334 182.13055583720785 721.3523431784809 228.5691511063 1.5129249 1.5578911 3.5512514 2.9417844 1.8704199 26.014538 1.5496371 15.306523719194175 
Car -1 -1 0 431.05072800228953 179.38181054785937 479.7855623756721 210.28505870504964 1.4919848 1.5924766 3.757628 -7.9601297 1.8490145 37.552986 1.6127512 7.7434116039883545 
Car -1 -1 0 643.988399209707 179.03149519991075 684.0402915351871 208.00021217648353 1.5769415 1.660371 3.8246198 3.128384 1.9545801 42.117676 1.4623632 2.125197784278031 
Car -1 -1 0 642.9226202168081 181.08605819302645 697.1357138842429 219.0686188708215 1.4880242 1.6018339 4.1484246 2.5524256 1.8701092 31.343615 1.4669735 0.994358220093949 

