Car -1 -1 0 711.8022534399033 188.78534889881388 812.6521347346222 251.58118977378146 1.3736525 1.5122315 3.2963154 3.7841895 1.8179841 18.392937 1.443077 90.98473201196275 
Car -1 -1 0 395.14254115568576 181.4687500108146 502.82876085308254 264.78354218332055 1.4625248 1.5596958 3.434556 -3.1573153 1.6597462 14.772768 1.5327039 67.6775427704298 
Car -1 -1 0 1.736688839375317 166.70205860230598 151.50634749199617 230.27474299882323 1.7369647 1.5860934 3.899321 -15.806853 1.5688782 21.673288 1.5828446 74.60905314457824 
Car -1 -1 0 183.4428904945425 165.0827870061488 461.15048160268475 351.73710121952945 1.6548433 1.627483 3.9872038 -2.959176 1.5859451 8.394513 1.5756032 104.70686084846913 
Car -1 -1 0 524.0008863472842 178.88313560727912 556.4333318480526 208.85508072180988 1.515371 1.6207175 3.7296848 -3.72043 1.8585482 39.159523 1.5104978 25.218350339833766 
Car -1 -1 0 161.63361127542345 175.8741847631801 255.13902620443508 217.0981932887767 1.4706402 1.5890249 3.9327238 -15.457199 1.5963571 28.033989 1.5252863 28.51516320301562 
Car -1 -1 0 698.0024377404101 186.26190354281584 768.8074916422095 237.81484652457922 1.4279518 1.5833585 3.5755832 3.8114886 1.8834131 22.714972 1.5610907 31.873613131997818 
Car -1 -1 0 547.0684520788418 177.41419153150343 571.9096418983837 201.50108091208148 1.6047403 1.6094073 3.902259 -3.4909863 1.9382837 50.797432 1.5364333 5.742332360035675 
Car -1 -1 0 648.9009487726827 180.96580987496387 681.4219209792832 207.5310280408581 1.5516472 1.5606785 3.8568122 3.4490325 2.0831225 45.309273 1.5208364 4.429949329220145 
Car -1 -1 0 687.4542026285819 185.28496668463922 743.0455515972861 227.53824222137015 1.4517264 1.55774 3.5132935 3.9757857 1.957727 27.600775 1.5542243 2.5680801509279463 

