Car -1 -1 0 96.30369891443537 190.34112216728147 296.7282836599933 272.90949580695116 1.4838464 1.6110567 3.7789192 -8.860656 1.9177628 15.866786 1.8453257 98.07689879185413 
Car -1 -1 0 0.040060776075463725 191.88351800212297 223.67428246341717 269.06561242059047 1.442274 1.6462191 4.3215322 -11.365611 1.948626 16.906466 1.8049192 53.358214909475194 
Car -1 -1 0 703.7118414986938 196.44660138262054 797.2495243555198 265.3263320793473 1.5182354 1.5753914 3.7191553 3.8568492 2.215382 19.303524 2.0166311 66.37922735421431 
Car -1 -1 0 616.3067928261316 201.20027269793448 751.2244397640454 289.54225120186925 1.3940576 1.5414921 3.5866547 1.6175593 2.043595 14.585048 2.0356755 110.82502639740389 
Car -1 -1 0 1070.835145141126 195.49346462669152 1242.0 254.86506228795935 1.5207089 1.6246039 3.8876514 15.806999 2.2167268 20.842764 0.2934749 29.656927517578904 
Car -1 -1 0 1018.5683855071218 192.6073358300917 1171.8258506737757 240.92620736999262 1.5575244 1.6674058 4.21274 17.149876 2.297532 25.691729 0.25541332 31.729928828947838 
Car -1 -1 0 776.0031323621247 184.5264964697124 821.0292866260629 225.51315460252178 1.7422397 1.6355255 4.1214914 8.994375 2.330557 34.150177 1.9327085 24.82887347934168 
Car -1 -1 0 990.2450114740586 189.58539460757825 1103.3485563463305 230.82248553018422 1.6069609 1.6298339 3.7634463 18.318815 2.3408403 30.3925 0.25047404 11.540412209064106 
Car -1 -1 0 958.2017379258637 191.83102470205688 1018.2773617346617 225.08213389143674 1.4669125 1.595859 3.8760705 18.925564 2.4735606 36.223476 1.7539499 6.605500393327853 
Car -1 -1 0 947.1915900494618 193.4582872512945 989.9514841754715 221.6668459422163 1.4173201 1.5458285 3.7848775 20.467718 2.6535158 41.25682 1.8552434 1.617926031878194 
Car -1 -1 0 913.0302743659058 189.91751743392663 938.7747932677511 213.46493677581358 1.5748746 1.6519603 3.857934 23.372955 2.887246 53.396046 1.9597826 0.9685670327058513 
Car -1 -1 0 1000.2391880596342 194.41530833599424 1125.9149207130538 237.29966976303373 1.4988434 1.6197354 3.9282446 17.586979 2.3853064 28.185528 0.37925172 2.127330378398361 
Car -1 -1 0 933.1313333917634 191.48405638215726 1006.3490277480909 218.2033429223307 1.5691926 1.6176984 3.7529018 22.352333 2.7551537 44.88415 0.1314667 0.8246956515706737 
Car -1 -1 0 195.4797162527314 190.71427198731965 290.07308180704206 230.57126455123512 1.4121827 1.5621974 3.7225425 -14.765358 2.1850576 29.269676 1.7140751 0.5398887599707772 

