Car -1 -1 0 693.5663153515595 175.28047546945783 772.041954545192 234.3285125196839 1.4597052 1.6045173 4.0720296 3.3154085 1.5341115 20.065832 1.601496 76.2403041716135 
Car -1 -1 0 0.0 208.55253404270277 270.59253422789044 323.0849141596105 1.4107091 1.5820646 3.7754006 -7.116792 1.9683425 10.36227 0.063158795 109.99634068742048 
Car -1 -1 0 681.4570171629827 174.31368045023598 738.2181250117893 222.75284571233718 1.6061172 1.6185534 4.0759573 3.5479283 1.6631192 26.112774 1.6044501 48.83403274330035 
Car -1 -1 0 752.6346431076981 150.95650552989898 925.005109265209 286.41771122148083 1.7207894 1.6252873 3.8342767 3.3007493 1.4426214 11.124601 1.6255957 126.4596527586101 
Car -1 -1 0 610.5137528100576 174.53907941344193 643.460816581544 206.61176878134867 1.5686362 1.621644 3.7798717 0.92741334 1.660484 37.409866 1.6079085 26.020484341223924 
Car -1 -1 0 376.33564918812255 186.7955415281775 486.02891627214683 227.1137025471917 1.4491278 1.5852321 3.7652764 -6.7993107 2.0036287 27.670952 0.12830083 27.541258996220254 
Car -1 -1 0 399.4054831123326 185.86920997598185 503.46891845724156 222.9159151647835 1.4671652 1.6116481 3.9583313 -6.5459833 2.0263991 30.104572 0.047179114 16.739014086170922 
Car -1 -1 0 333.37620762909546 190.11380511705426 458.31088803689215 239.96154199316325 1.4659262 1.5514596 3.4540346 -6.694156 2.0329921 22.782288 0.0874695 18.385116716621 
Car -1 -1 0 220.92887111531223 188.6290456592815 424.4595697154492 263.1534744154453 1.6595161 1.7114305 4.314672 -6.912016 2.0680616 17.605692 0.106821895 117.49513657737596 
Car -1 -1 0 462.22065252687565 178.33574559393918 535.8411438016797 206.53480704283766 1.5795882 1.6398273 3.931423 -6.377996 1.90522 41.83834 0.10593118 5.139487827818691 
Car -1 -1 0 427.8037342141637 181.059286163007 518.1772217647131 214.84605441657513 1.5266923 1.6164705 3.8966749 -6.4142118 1.9257312 34.089546 0.100827195 10.086230925520708 
Car -1 -1 0 284.23990353116477 191.45844823101243 443.96822209019876 248.83213807847585 1.4960852 1.6279567 3.9789608 -6.9048343 2.0507305 20.492962 0.10493975 1.5732361650942785 

