Car -1 -1 0 824.5070623026555 175.04964376786432 1000.3282397520474 286.58905713573483 1.4647014 1.6181335 3.9828818 4.630828 1.5064375 11.636162 1.7003717 105.72275221694626 
Car -1 -1 0 757.7498572698657 179.79579657116426 855.4259775492167 251.5919959658631 1.4539192 1.6021404 3.9190588 4.5142207 1.6373442 17.034836 1.6722267 113.09238530565331 
Car -1 -1 0 727.2113566652874 179.67975390126603 797.0837563407566 230.57211464873208 1.4709 1.5609233 3.5066662 4.7989316 1.7061377 23.097538 1.5913516 41.31562459300145 
Car -1 -1 0 659.7813209364028 174.4341547307253 696.4840690556324 208.92696168670713 1.5433314 1.6479464 3.5589757 3.277776 1.6225362 34.310608 1.6762782 25.68429421864167 
Car -1 -1 0 717.6832046503722 176.1935266453794 760.4902041508755 208.55136762663628 1.4581835 1.591691 3.6953146 6.1900535 1.6279633 34.794033 1.625789 14.142333664775949 
Car -1 -1 0 0.0 197.74211824846492 67.15035193626508 232.03507840357793 1.4438971 1.5946438 3.818076 -27.746054 2.6972923 34.611492 0.5911989 16.123748500029738 
Car -1 -1 0 892.3175266619885 149.77156189774374 982.7630245592989 189.868232753337 1.9193655 1.6805879 4.1261344 16.614975 0.8144448 36.765686 1.15658 4.15645137589199 
Car -1 -1 0 238.87827452010887 184.95570786907822 310.03644925456337 217.21737947303416 1.5210018 1.589819 3.6750102 -17.168661 2.168366 36.932278 0.57411474 5.438803496131507 
Car -1 -1 0 698.1567479866532 175.33244106916612 740.1595062631596 203.79753103927268 1.5111551 1.5629678 3.7471318 6.1081724 1.6570799 40.56106 1.5041416 1.5321234313751493 

