Car -1 -1 0 708.8055460932035 187.7020633450382 840.293178536758 287.66618195918903 1.44436 1.5483413 3.5075831 2.7459607 1.742187 12.710806 1.5815599 88.12181727750719 
Car -1 -1 0 674.7835614955234 182.24621461169804 758.3198433869119 251.43238767415104 1.550365 1.5680196 3.3708327 2.621078 1.8110604 18.328638 1.5534434 82.75862882194308 
Car -1 -1 0 783.434288299398 187.84126780513517 1123.1110115900058 375.0 1.4533362 1.5388416 3.4060962 2.7123156 1.625135 6.546111 1.600101 84.2390186278638 
Car -1 -1 0 157.36604809936242 185.54855170464919 404.96030545802927 276.2513756252325 1.6761351 1.6939203 4.2170095 -6.459324 1.9488631 14.550588 -0.049784835 87.34609537572528 
Car -1 -1 0 2.3251974599305347 184.87336031165282 338.9995629929112 303.1486153598349 1.6997317 1.7078948 4.2904806 -6.765806 1.9062057 11.475487 -0.030710086 104.43715997630358 
Car -1 -1 0 299.76170735117233 189.51804316382223 462.5173652536145 246.20575630627914 1.5838966 1.6854846 4.348378 -6.7346525 2.103526 21.595598 -0.028280757 39.403695803091324 
Car -1 -1 0 661.5583970006577 183.02789713384155 729.131419760938 237.10537313892476 1.5258769 1.5405235 3.3614345 2.6263292 1.8707211 22.732288 1.5102576 32.01426817751043 
Car -1 -1 0 651.9008853574127 183.7068628958457 705.4648920209761 228.51211870426664 1.526325 1.5521413 3.450098 2.5416613 1.9616488 27.18612 1.5292416 9.628801610039101 
Car -1 -1 0 648.562983174238 183.30908298835232 690.1629676216008 221.85149510544449 1.534184 1.60988 4.0452147 2.5828743 2.0256462 31.87352 1.5980971 1.3848677624847356 

