Car -1 -1 0 690.8613511162641 180.935722298943 826.9773221888522 277.8131753899959 1.4659314 1.6309407 4.131151 2.5663104 1.6385078 13.335761 1.5629593 87.75124270642345 
Car -1 -1 0 658.2958260837198 179.74826125156898 739.6862000739108 244.72422128582798 1.493765 1.6022172 4.0111094 2.2462544 1.6948607 19.030853 1.5583398 81.93727051226885 
Car -1 -1 0 323.6543543027745 180.3896314916645 451.9666410159544 227.90205137418533 1.4971046 1.6035674 3.8105276 -7.2824626 1.7571661 23.966423 -0.07077744 59.41526717040851 
Car -1 -1 0 83.89636197236666 185.4455002698132 361.6693229722584 279.81797739174885 1.5214374 1.6302116 4.0412908 -6.6960835 1.7618792 12.831566 -0.0660057 89.56534702296618 
Car -1 -1 0 641.2935223632148 176.53223613721886 705.534963750375 226.49956490180125 1.5164411 1.6089522 3.6474392 2.0488093 1.6485299 24.041988 1.5101722 37.95209703134066 
Car -1 -1 0 510.4187734289273 177.47938138485227 548.0906563326455 209.3035815733455 1.4490807 1.6345809 3.7022717 -3.8792858 1.6875137 35.29982 1.51387 28.42413786727731 
Car -1 -1 0 211.667636437676 188.3538638869888 429.93281293347366 264.0813504437884 1.4783826 1.6224 4.0693846 -6.118656 1.8334738 15.515648 0.102064945 50.9268508208017 
Car -1 -1 0 349.41353781066096 173.95645690477426 464.24215020043255 223.35659576014743 1.7615663 1.664501 3.8893619 -7.451948 1.804131 26.81691 -0.1101785 38.67076932793751 
Car -1 -1 0 637.8856257908218 176.55802435827707 686.668880365438 217.59781699453077 1.4784482 1.5251546 3.5129151 1.9944147 1.6318321 28.09693 1.535832 9.436292350151762 
Car -1 -1 0 420.8695295371089 176.57835469106334 501.2940559625203 210.09254083076215 1.6033005 1.6168529 3.7473404 -7.2954717 1.792743 35.719025 -0.0950785 15.839342274870566 
Car -1 -1 0 617.2770678438894 175.7294941037507 649.4100863991482 203.58595567628262 1.469024 1.5520126 3.4884992 1.2865148 1.6362376 40.18734 1.5347774 5.15223857680112 
Car -1 -1 0 387.9757360489191 176.60023760892918 483.49854603216045 211.22563261406407 1.5181172 1.6033679 3.9182315 -7.8420715 1.6928414 32.74229 0.056065653 3.2682660192459116 
Car -1 -1 0 621.2995879547134 175.0596870991786 662.2067832735307 209.37197307926203 1.5365787 1.576329 3.793414 1.486937 1.647969 34.500015 1.5134897 3.923841324559409 

