Car -1 -1 0 694.0319577657734 180.41443522650184 796.3694565831196 262.2895081193935 1.5946474 1.6221266 3.6562228 2.9196434 1.7837955 16.221325 1.5734038 95.43620576116012 
Car -1 -1 0 749.0490333718469 190.57263181599157 945.2869124154669 324.59841632825 1.4504579 1.5575846 3.4918542 3.063641 1.7395625 10.022226 1.5646427 116.89279434815901 
Car -1 -1 0 657.9357906836998 177.3949367660997 707.5139888977053 219.2792929166528 1.5060537 1.6163354 4.022084 2.811203 1.6975957 28.409607 1.589396 40.45062102729586 
Car -1 -1 0 260.9114989825352 190.29196577431938 475.5274701794357 353.0225800208771 1.5002941 1.5711918 3.6155555 -2.6987967 1.7595456 8.886885 1.5272398 90.90893422038532 
Car -1 -1 0 401.13533382933787 185.8639723085891 518.8568845239813 282.0427061005168 1.5390707 1.5405757 3.3863564 -2.7014685 1.8166524 13.699768 1.5684035 76.18729531902797 
Car -1 -1 0 682.2857618808778 181.03587614449538 755.8590722024501 237.40954628544958 1.5294943 1.62488 3.9647563 3.2600646 1.8031387 22.142838 1.5623819 48.60729990605362 
Car -1 -1 0 453.15169433496084 183.14169120429983 537.8627607435326 251.0488902854975 1.5043162 1.6187787 3.8973737 -2.815366 1.7966166 18.53947 1.5548826 27.53642724761904 
Car -1 -1 0 483.11118845394947 173.52932553463734 547.0936243028428 230.06552095015076 1.6985352 1.6504154 3.9619856 -3.0167603 1.7226033 23.720144 1.5533459 17.20976795674608 
Car -1 -1 0 635.6915805462436 175.09034434982402 666.7233922820601 192.67890935818605 1.5558817 1.6767216 3.7632189 3.798338 1.7679758 66.38844 1.2835034 3.0167258034550515 

