Car -1 -1 0 313.2981449591133 191.122416732031 362.2321900264909 226.9775920116188 1.4419967 1.6391042 3.9244184 -12.456466 2.337193 33.257454 1.3342242 24.76351177182096 
Car -1 -1 0 511.36049474842974 185.02413417663436 561.6057713786165 224.27221423164093 1.5886314 1.6402801 4.252556 -3.240758 2.176944 32.71405 1.6221714 23.654032147236038 
Car -1 -1 0 899.6053948006247 179.72178559960267 1161.5413342142706 268.84068389659865 1.6307342 1.6850108 4.163124 8.120772 1.7737799 14.181084 0.002387336 130.06278083657784 
Car -1 -1 0 664.8730227274078 187.52619924969713 701.2840345048525 217.8324567122071 1.4998664 1.5603552 3.5532675 3.9529123 2.3340168 39.231575 1.5538208 23.702901101379837 
Car -1 -1 0 205.85175791346538 191.39389264836976 289.77985372361513 230.27840582011075 1.5016744 1.6495582 4.0984216 -15.858705 2.3732345 31.86959 1.5716263 25.834754589984314 
Car -1 -1 0 529.6014875994871 183.94107438982354 566.5261314836235 217.16651841508778 1.7050824 1.6335413 3.667073 -3.373611 2.3501978 40.125854 1.6014925 21.864005761067865 
Car -1 -1 0 370.6079024092274 189.2406597943885 415.9868723001886 213.93401244068684 1.5611987 1.5753105 3.867159 -15.026091 2.7499886 50.323097 1.7052882 3.5060857400164296 
Car -1 -1 0 717.1207876989924 183.95362682580816 768.049246191147 200.8667804562049 1.4620619 1.6612849 4.2386627 11.828842 2.4644952 64.32145 0.005523265 4.73997475330306 
Car -1 -1 0 260.37801454102345 189.6587387111283 333.9788251008441 214.19533777630556 1.5023749 1.623236 4.014017 -19.979965 2.5999846 46.2528 -0.031689692 2.3363671878505055 
Car -1 -1 0 642.1668123100131 185.0995063149498 673.7355216325109 209.430896013554 1.526761 1.4961478 3.446687 3.2440615 2.3872283 48.89646 1.4431268 0.3187577724456787 

