Car -1 -1 0 319.55922190384103 173.25261070713407 470.0044154763385 232.8252461852029 1.7317741 1.7140818 4.267315 -6.7606525 1.7454178 22.848509 -0.55205464 75.20435483415625 
Car -1 -1 0 572.3297175342192 182.96094900788546 890.8378900093722 330.0219725217747 1.4319668 1.5903099 3.8138063 1.591964 1.5811129 8.953133 -0.56659204 67.97856519921649 
Car -1 -1 0 0.0 178.416990811093 123.35338358829202 289.4132497357197 1.7619298 1.6780086 4.212049 -10.420431 1.8862338 13.8995075 0.99466306 58.58950196388456 
Car -1 -1 0 123.47888791672024 181.69961421826076 180.95837006656492 224.9474314328099 1.653881 1.6110902 3.8986945 -19.286596 2.0543509 30.560436 1.1231556 16.993856542849542 
Car -1 -1 0 312.8467088642058 180.34471752138572 415.29740087711804 218.76723093109527 1.4865584 1.5975642 3.8711812 -10.231858 1.8154092 30.10296 -0.45877144 13.71584054297583 
Car -1 -1 0 142.77776049956566 178.01388952010686 187.48842142480007 211.22527115361353 1.7138144 1.638021 4.0646143 -24.63294 2.0162466 40.102318 1.1395164 3.612091357711695 
Car -1 -1 0 278.2595615457349 181.12799853130886 311.34312978129765 207.96389242616317 1.4599825 1.5639523 3.8867376 -18.627287 1.9727333 42.628002 1.1001604 2.0970597954812393 
Car -1 -1 0 297.0768341999778 174.38401935209748 394.4733894841468 214.79939586443354 1.7121823 1.656446 3.8867202 -11.818453 1.7843771 32.370403 -0.5133448 0.8304638527300271 
Car -1 -1 0 60.613732881389126 179.18361197520872 157.14404742874424 257.5521948949606 1.7388135 1.6228697 4.1765766 -12.750145 1.9213585 18.588476 1.0670297 0.25274229049682617 

