Car -1 -1 0 415.08057523236687 187.00528484550497 471.6826068393816 217.12862080355686 1.4194033 1.6895653 4.229706 -8.725504 2.212029 38.231556 1.6610785 38.101813056572986 
Car -1 -1 0 226.9114604602275 194.24796039503298 368.2335842725249 240.11197415651586 1.4251274 1.6741977 4.4823594 -11.034954 2.236996 25.689787 -0.42781684 54.71119458067786 
Car -1 -1 0 656.8337648770053 178.45555265072494 694.5522844014324 208.84029000197984 1.5559566 1.5944499 4.0183372 3.5896459 1.8801694 39.73002 1.5410923 12.527263551730154 
Car -1 -1 0 437.48298362368195 185.0378345361265 536.3755940294247 227.47879504637132 1.5252495 1.5906705 3.6068506 -4.829152 2.030183 28.35964 0.4838653 84.18824366571748 
Car -1 -1 0 1092.925434265464 161.63631954433984 1242.0 220.12994552383705 1.481539 1.6212084 3.932639 15.417673 1.1974151 19.224253 0.07149294 48.52618951499215 
Car -1 -1 0 120.00329969644328 190.7265456544441 248.24385223970032 240.6051377182638 1.5971653 1.6365545 3.8089154 -15.440682 2.2938013 26.27634 -0.69467 38.091185690910415 
Car -1 -1 0 0.0 196.77983531293285 173.1696623011308 253.43346552956712 1.3896844 1.6478899 4.1282415 -15.724802 2.1818817 21.713932 2.1542268 48.779797653886014 
Car -1 -1 0 1051.0141648658193 159.28745279849372 1206.8534380107346 212.85701942956652 1.5549033 1.5856848 3.5344477 15.601368 1.1611223 21.8031 0.038249046 29.473011044134104 
Car -1 -1 0 236.3211900287824 186.36122692335908 278.05412682004163 217.22419482195787 1.441576 1.5534648 3.9600987 -18.344753 2.186935 37.68975 1.2212027 2.3385595464360143 
Car -1 -1 0 643.6505631799373 178.05895547749148 676.470730315957 204.61159943478665 1.5766776 1.5547965 3.8260856 3.1476812 1.9195962 45.57536 1.5022093 2.5298276490888547 
Car -1 -1 0 0.0 198.67366609181042 78.08440534880222 251.401777698608 1.4706993 1.5902787 3.6078804 -18.915604 2.3456097 22.998161 0.4123569 5.361759779528535 
Car -1 -1 0 0.0 187.98921966971145 113.06921595783658 227.6299499118205 1.4664061 1.587825 3.8684876 -22.223919 2.0895057 28.61448 -0.15914404 3.0435717040149424 
Car -1 -1 0 466.1350973552065 174.37643539885661 497.5339984422504 191.11653139827445 1.5399617 1.5663702 3.5293956 -12.117033 1.6888093 68.63399 1.843753 1.4931588351047358 
Car -1 -1 0 786.5832787801431 144.21152390087002 812.1487050390903 160.74438207701968 1.4875809 1.6539329 3.9768755 18.361982 -1.2079504 69.93896 1.632088 0.29164665937423706 

