Car -1 -1 0 436.730853729226 178.6743415653037 521.2837650280837 248.69807524066454 1.6509602 1.6143169 3.8794575 -3.3755765 1.8222971 19.28833 1.5552744 65.86851916685369 
Car -1 -1 0 777.148746574425 171.11705515333875 1066.8363962306241 285.8628997866084 1.5425572 1.5945231 3.592442 4.4770894 1.519207 10.640248 -0.08126244 138.13415306307488 
Car -1 -1 0 233.67728824601497 169.51828083594796 450.5786425293156 327.94936186820416 1.7838426 1.6295793 3.9959073 -3.4545956 1.7462842 10.13681 1.5522611 134.13970236603822 
Car -1 -1 0 382.1114514240555 185.77098036138463 489.60942364019235 269.3178720106664 1.5109222 1.4758284 2.8900485 -3.4955919 1.8049431 14.962326 1.5937452 31.61122894806702 
Car -1 -1 0 740.4466996747602 176.15183842068583 974.7706596695979 266.5196521642586 1.5395861 1.6042465 3.735637 4.397562 1.6036434 13.184298 0.015457243 33.785959782227295 
Car -1 -1 0 468.22144188353616 185.50275647560164 547.5831151631228 228.7762115162483 1.4542112 1.586555 3.8446622 -3.7872324 1.9728425 27.519772 1.8441887 19.620799455487894 
Car -1 -1 0 672.0899045457245 177.82687151159647 809.384252691216 229.08949330822466 1.5835557 1.6588387 4.113592 4.1791186 1.7509563 23.377438 -0.040261835 37.75076344738959 
Car -1 -1 0 658.3900487291305 176.24945960468463 773.4948685045433 223.64982734954086 1.6298374 1.6329517 3.8291183 3.7595754 1.755997 25.87619 -0.061626934 28.372777270774566 
Car -1 -1 0 702.643196348956 179.24756373997351 914.3268903022931 252.60059437950918 1.4756628 1.6147516 4.0950413 4.158529 1.6204004 15.497692 -0.01426506 20.38708865562205 
Car -1 -1 0 508.2324747303722 175.0386707842689 546.8738113682093 209.62915048495333 1.8677812 1.6338141 4.063235 -4.637439 1.9989774 41.27555 1.6006628 3.8856563092223464 
Car -1 -1 0 584.0775620918739 178.50195117765833 628.7339031796616 194.8898060679496 1.5189142 1.6373186 4.1358023 -0.2901312 2.0814445 70.00953 -0.6094365 2.175985717810414 
Car -1 -1 0 545.9011999410566 183.97502828498358 570.8426202488308 206.3719330902188 1.5373414 1.5511278 3.7657392 -3.7480254 2.3877897 53.28964 1.5773139 0.2822023034095764 

