Car -1 -1 0 537.8201876973205 166.9312912835195 625.7950005406485 206.15475447488902 1.4368614 1.566454 3.5739846 -1.0303843 1.2198964 28.335407 2.2051382 70.5859530684403 
Car -1 -1 0 844.0516352697376 163.6199895302118 1032.9967911327763 221.46273591498593 1.4619591 1.6570992 4.245903 8.601752 1.228572 19.12056 0.026207995 135.9384598492304 
Car -1 -1 0 1030.3415381636385 155.61046891638853 1231.9426477563015 217.27383170492297 1.5274761 1.6489074 4.04891 13.416559 1.1003329 18.715801 -0.008900417 126.48751844970975 
Car -1 -1 0 642.8294185741113 164.01885192450533 816.5790457303875 225.60284173376485 1.5521238 1.6937445 4.3851485 3.1377916 1.3294482 19.280167 0.11601849 133.10311012572674 
Car -1 -1 0 1000.135930072026 152.76425737760255 1048.464826016788 192.20625941710745 1.4415579 1.5541773 3.3823624 16.222569 0.70730174 28.223679 2.0989757 30.026685668174242 
Car -1 -1 0 205.8533066355998 175.75881761999443 320.06223451934534 220.3573917782857 1.5372078 1.5657074 3.3478158 -12.363691 1.6447868 25.852463 0.052424747 63.783903654488725 
Car -1 -1 0 605.6047252798593 164.87303368725176 694.3353920610641 203.95869452104427 1.4196869 1.6296835 3.9250433 1.6530814 1.1297985 28.279388 2.1893969 29.089820179447894 
Car -1 -1 0 846.2652639568656 155.80717340341798 924.9018527493363 195.0495943007745 1.4373511 1.6614795 3.9782083 10.947971 0.8129686 28.479912 2.27803 12.875602751592242 
Car -1 -1 0 748.1421892441235 157.64671465752858 850.9840398439749 199.49261589727809 1.4737134 1.6069489 3.847012 7.1797824 0.93814874 27.15376 -0.59445375 1.8703413691741857 
Car -1 -1 0 1064.3399850784012 153.1408431985966 1217.1294249819036 201.72102350374163 1.5285085 1.6089683 3.7866716 17.230015 0.90826106 23.52294 0.00860585 0.5461380736043493 

