Car -1 -1 0 185.90285576934434 190.64777690075752 464.42215269326147 360.3916299248831 1.4583398 1.6904604 4.353124 -3.0615523 1.7298598 8.832827 1.5716865 124.4067324940211 
Car -1 -1 0 820.0883770207464 174.72604471046165 884.2139770817613 208.40733892291775 1.4157096 1.6022209 3.7108624 10.810562 1.5045997 32.39794 1.5614731 55.87182477208898 
Car -1 -1 0 1060.5815002522725 178.43359506903624 1242.0 266.57437840165875 1.4534827 1.6774222 4.168995 11.00362 1.5803177 14.284283 1.6125327 97.28410281432804 
Car -1 -1 0 935.6338367587944 171.22037921934472 1066.5288898592237 232.17655131726775 1.578901 1.6146625 3.8609676 11.019277 1.5365865 20.628675 1.5598105 80.61404487682198 
Car -1 -1 0 515.1894144272461 178.40713915520524 564.1506668201413 217.20994434570858 1.5079433 1.6453327 3.757034 -2.8884284 1.7570331 30.473366 1.5871547 26.66509075125345 
Car -1 -1 0 1085.7913899068608 169.31251297203272 1242.0 225.66163638552015 1.5024458 1.5510014 3.6238499 16.116005 1.4080185 21.151777 1.4087607 9.855280783619381 
Car -1 -1 0 786.3153363972538 173.55748933409185 831.4055234256083 203.09988930533163 1.5304298 1.6006813 3.6748662 10.808304 1.5706139 39.341667 1.6185241 13.908587079564962 
Car -1 -1 0 895.804290431907 174.4655588246184 960.7248170514923 205.32415509581548 1.4801489 1.5761926 4.136668 16.210804 1.5672544 36.9132 1.5943854 2.8880020134376228 
Car -1 -1 0 860.4805007966327 170.90999383126245 910.5876320200483 199.1051292725531 1.566745 1.550648 3.2019043 15.907051 1.4587204 41.730858 1.5225127 5.327574482126591 
Car -1 -1 0 998.0192236986807 174.1001060118052 1088.9986737869388 218.53446027657145 1.4941955 1.5327629 3.5504773 15.655311 1.542695 26.225183 1.6974251 0.3049839437007904 
Car -1 -1 0 564.1536070093636 176.87017367340314 592.7667344126395 192.9860741390721 1.4417412 1.5181894 3.866891 -2.8831768 1.8297993 67.6491 1.8548442 0.2863087058067322 

