Car -1 -1 0 418.32682719302437 185.94023596693086 493.1296660115403 232.71300676132316 1.4497526 1.5962255 3.7985604 -5.320609 1.9458331 25.403728 1.6382327 19.42319599701582 
Car -1 -1 0 83.91928396638683 196.54989298642207 303.98121683645365 271.82656826252804 1.4262972 1.5713085 3.7015178 -8.552914 1.9479043 15.04183 0.030134978 51.81598564477945 
Car -1 -1 0 281.8006134247309 176.35172968104735 458.59569599108244 272.73912207306364 1.6664702 1.7788692 4.359268 -4.694208 1.7497551 14.910164 1.6908994 102.16510975108146 
Car -1 -1 0 480.0107478985544 180.49747123185628 521.6284543499896 214.31869415608324 1.5595661 1.5947204 4.031653 -5.4014783 1.9649694 36.231354 1.5413659 12.074789960929863 
Car -1 -1 0 264.3268797920744 181.87819901357267 360.99600280740367 224.68942490343926 1.4119244 1.5676632 3.739589 -10.848942 1.7625556 26.284714 0.6448516 26.262891660347247 
Car -1 -1 0 0.0 197.69753172006875 243.46697284507565 291.7520949518755 1.4426773 1.5831375 3.7713366 -8.52426 1.8936434 12.294594 0.0060406113 23.882474504694787 
Car -1 -1 0 295.37200581308355 162.4848408221557 363.62340383958207 186.80117030009833 1.6316624 1.670566 4.0155516 -19.106415 0.9358759 49.318398 0.033533584 17.826135877545127 
Car -1 -1 0 135.39144927747398 194.56366271834085 324.40715072519964 259.73042018035306 1.4301136 1.5821705 3.8686333 -9.172316 1.9898062 17.563917 0.13151397 7.927689760152981 
Car -1 -1 0 214.52804409005412 181.2781101128183 287.8840392079732 221.08025833057965 1.4776405 1.6599789 3.900174 -14.657038 1.8487442 29.722805 1.3999748 0.5491606593132019 
Car -1 -1 0 141.6072467016936 178.92582556353656 244.03085297818558 213.07895080496868 1.5152757 1.614661 3.9221926 -19.258995 1.8051677 33.414642 0.11893706 4.887836793755151 
Car -1 -1 0 446.93726447847627 182.44269669653175 506.72762155911374 221.37592753388668 1.4880121 1.5792611 3.5311718 -5.505157 1.9150887 30.307516 1.6609192 0.25938960909843445 

