Car -1 -1 0 33.69129389677734 195.7540128972984 252.10557009602942 294.64021331127253 1.4695747 1.6382166 4.031898 -8.5575485 1.9694403 13.709028 1.5391843 62.80348351947708 
Car -1 -1 0 642.7193710983361 181.1348753439464 711.8996460670313 232.69125231787234 1.4697299 1.6667707 3.6240726 2.0774941 1.7552896 23.02378 1.5119578 48.65881180723036 
Car -1 -1 0 698.2393483835702 179.8772295010095 841.3564167936444 288.34288584649687 1.5274274 1.5813658 3.59154 2.5323458 1.6637571 12.20029 1.5580974 57.78878649974521 
Car -1 -1 0 39.92309588315378 196.87094029304114 451.1191297002533 348.5540771363367 1.4721619 1.6224201 3.9732027 -4.014874 1.7817817 8.309505 0.09308912 123.04737084492521 
Car -1 -1 0 11.178769901536972 198.37403440761062 181.2548376622054 277.77278372447705 1.4655982 1.5432401 3.5093563 -11.3772335 2.1057982 16.291212 1.4928865 31.60738764797251 
Car -1 -1 0 359.06341713892886 184.44038771078831 413.9600122369659 222.9863407784672 1.8046577 1.5855666 3.823631 -11.320881 2.4273283 36.856148 1.5818143 33.60674295769828 
Car -1 -1 0 251.36078840325303 188.37311802045056 450.3400667635224 290.5963195155057 1.4718359 1.6040828 3.9990947 -4.7207007 1.7904189 12.891958 0.71859235 23.972461970281042 
Car -1 -1 0 226.81806931533714 190.85038368048694 318.3955544896571 240.2681930938156 1.477427 1.5032173 3.633994 -11.436111 2.1401227 24.737816 1.5503733 11.61284139173793 
Car -1 -1 0 432.3449585941494 185.09053396735501 542.1356152229152 233.82508107439332 1.4354864 1.6739931 4.19444 -4.2176642 1.8857467 24.433052 0.83564186 44.45842595557389 
Car -1 -1 0 743.8954164327674 102.96885872356359 1192.1585992432522 375.0 2.022514 1.8502877 4.673003 2.6486082 1.5926559 6.7852654 1.5591228 57.23723465720727 
Car -1 -1 0 506.46669954934964 183.5358334220535 574.1217297784428 209.92096028774202 1.4410756 1.5874469 3.7835855 -4.0913005 2.0944629 42.45274 0.5642265 4.072959763219984 
Car -1 -1 0 492.33788216291066 182.75120103762518 557.9054986024652 214.66586192473716 1.4818249 1.5974016 3.6938486 -4.3317246 2.011159 36.64814 0.8977162 2.9307396946404998 
Car -1 -1 0 635.9398659455203 180.52640867476165 662.3399958542205 205.1324180801624 1.5589181 1.6084411 3.6576438 2.6374972 2.0961962 48.692413 1.5784836 2.5263247878768818 
Car -1 -1 0 627.8864335344534 176.7842680050215 647.2013009976499 198.82182838425592 1.8191774 1.6125916 3.825921 2.4116054 2.1685545 62.19776 1.6094087 1.0123601093182195 
Car -1 -1 0 416.3346754250287 184.74881853483785 453.24946729433333 209.39847305961396 1.5285896 1.6029001 3.898615 -11.721812 2.3621612 48.60154 1.5536149 0.6079106312608442 
Car -1 -1 0 576.8594160983026 182.6218544096468 600.6451909022973 200.71791999468664 1.5366186 1.6159521 3.9531384 -1.8592048 2.451734 65.54306 1.6841319 0.8363100582317795 

