Car -1 -1 0 0.0 183.6244510888006 164.4150086317519 248.63141716169608 1.42695 1.5877572 3.6957233 -13.2208185 1.7277565 18.30155 1.5678531 109.57285780600388 
Car -1 -1 0 665.2358885802016 171.2707921813034 733.7658738372811 238.07033829689755 1.6662638 1.704535 4.4294667 2.4513752 1.6267718 20.281403 1.6620661 50.392759703582655 
Car -1 -1 0 279.3978838378656 176.5983865103693 354.13035367753656 214.99472437083162 1.5124335 1.6514581 3.9660797 -12.399464 1.6827055 30.811325 1.5498886 38.05855558708968 
Car -1 -1 0 730.3056776349341 179.63618052359763 807.2684363350085 216.7084716990092 1.4400517 1.5952657 3.9521422 6.852903 1.7487416 30.806377 2.2567797 54.840897630597425 
Car -1 -1 0 1172.5781900364893 183.20485505448997 1242.0 218.16412607671927 1.5073662 1.5736494 3.4760916 27.61028 1.9830402 32.368546 0.0016935179 25.139014389993914 
Car -1 -1 0 943.4319403894656 177.33832324943097 1031.9966893356236 205.11804603597673 1.5340068 1.6604373 4.2130384 21.4951 1.7953098 41.096863 -0.056285195 13.876759774606608 
Car -1 -1 0 1033.4439302374224 179.83773450797707 1147.1546712728805 213.8560021779397 1.4765422 1.633758 4.0456476 21.592356 1.7992475 32.5017 -0.011070229 11.968314690899755 
Car -1 -1 0 378.242467124863 176.5523914000192 414.81325625232836 196.46919176354174 1.4886837 1.5614079 3.8543878 -16.670816 1.7890015 56.625828 1.622157 2.305674590174722 
Car -1 -1 0 633.7895341886763 176.3303066561097 654.9953301982819 193.34251860346006 1.4576113 1.5003171 3.6459906 3.085348 1.7771155 64.450035 1.5089005 1.768322116498453 

