Car -1 -1 0 659.4981724089433 173.02539570203663 724.4654797438973 234.94220264792853 1.6338296 1.7114643 4.2581763 2.3554053 1.6393964 21.24369 1.6527297 55.09115284858756 
Car -1 -1 0 126.74160231452706 179.22023119466343 246.39648333678372 229.40017858744258 1.4162779 1.5825247 3.6779566 -13.142803 1.6326524 22.678211 1.5788875 82.4087290622914 
Car -1 -1 0 324.2661779758917 175.52718898106465 384.7887591804911 207.71134159546972 1.4834052 1.6231724 3.747645 -12.451435 1.6217055 35.44923 1.5789183 25.34158146695518 
Car -1 -1 0 715.7259505989748 180.19373350688764 784.4074055660676 216.2263840027615 1.4564817 1.5428073 3.8860927 6.291398 1.8029615 32.027405 2.18281 31.330312676387127 
Car -1 -1 0 1136.6065002826992 183.506871350558 1242.0 217.07630558157874 1.5371387 1.606884 3.7730322 27.699213 2.0597067 34.500473 0.048517212 8.879087592177356 
Car -1 -1 0 631.9394969575025 176.17860900880663 653.9665814518971 192.92825036332573 1.4836881 1.5232142 3.6196992 3.0529592 1.798901 66.534615 1.4724175 4.177455569418961 
Car -1 -1 0 548.7410670955821 176.3192018927525 573.9459428944275 195.5966582194922 1.5143089 1.6570218 4.2723413 -4.0258064 1.8119489 59.73102 1.4024496 1.40349144924142 
Car -1 -1 0 390.3932954994611 176.82332208961085 416.45738480318875 196.49595623630887 1.5205588 1.606451 3.8805604 -16.716017 1.8544073 58.64096 1.4063442 2.6966880962048876 
Car -1 -1 0 230.92001584645877 173.3835571805812 282.1400789824035 196.43981039229666 1.5349648 1.6410742 4.0792017 -24.482712 1.5733091 50.188164 1.5484264 1.3243324150349942 
Car -1 -1 0 1009.9171790113817 182.85712001005763 1115.65230665707 215.50570718424734 1.5032878 1.634501 4.022371 21.710064 1.9963119 34.66701 0.03920781 1.1315956405430827 
Car -1 -1 0 923.5990757365789 181.2048446370908 996.5599864306744 206.9782110957218 1.4718825 1.5858998 3.8953009 21.059559 1.9890678 43.37206 -0.288496 1.829684079843767 
Car -1 -1 0 534.5379213676811 178.55383010268227 567.2468858345777 199.03415041741823 1.492905 1.6242563 4.0207624 -4.5878315 1.9520912 55.964355 1.2510296 0.27129956479308465 

