Car -1 -1 0 651.6692598225158 158.6288363212139 833.8044794938633 222.63568610678033 1.4880726 1.6545612 4.177998 3.2995114 1.1573567 18.08109 -0.24337971 69.81164480937403 
Car -1 -1 0 745.7302535292071 160.89192151076182 985.1059056863993 248.70597250102668 1.4610609 1.5920333 3.8397021 4.5981445 1.2620343 13.158212 -0.1951423 60.87215613244463 
Car -1 -1 0 290.9024834968357 155.83651170919472 385.91714560678037 223.2771396570371 1.8094902 1.6591599 4.210354 -7.9515553 1.3528962 21.541687 1.4630041 84.67010756232379 
Car -1 -1 0 608.2375017902579 157.1825087888739 743.5091705128971 211.83035075870143 1.6201596 1.642212 3.9140785 2.0671883 1.1555425 22.731987 -0.2862994 20.890423855636946 
Car -1 -1 0 847.3612937230859 162.4620022635126 1242.0 309.29866723413403 1.435837 1.6063263 4.021926 4.962862 1.3342192 8.176783 -0.16429368 56.88035486109686 
Car -1 -1 0 584.5747941846245 161.62651502825574 693.6791252554099 202.03055497282983 1.4584535 1.5936893 3.8402545 1.1258361 1.053178 27.505074 -0.38519514 20.4929426308954 
Car -1 -1 0 789.4240193130978 156.29804415102524 1087.1085060375071 269.8973653224491 1.5194232 1.5962926 3.7909992 4.7992396 1.2979826 10.749954 -0.16530803 49.90152109893208 
Car -1 -1 0 626.7575337023438 160.11391461164422 776.0520191109622 216.11661904435482 1.4955808 1.6074176 3.885024 2.5564423 1.1553502 20.425938 -0.19045493 22.823838442190258 
Car -1 -1 0 515.2300147700169 161.93091339183104 543.031566804061 187.8028586261618 1.556615 1.6094456 3.5965424 -5.010051 0.89941484 45.26649 1.4945357 11.853049977644279 
Car -1 -1 0 556.4233562305274 162.78241912765705 640.0222233333818 194.62853083508122 1.489152 1.5992727 3.7841039 -0.5672742 1.0181959 34.984848 -0.25136814 5.7180571335011585 
Car -1 -1 0 557.699271389595 162.99463211208482 651.6031887528004 196.6568762491896 1.4566381 1.5959146 3.9431014 -0.23115587 1.0300018 32.594143 -0.31631064 3.5913471290214565 
Car -1 -1 0 542.4008269745075 160.49135651968766 619.6292865885864 191.6997553229617 1.5490555 1.598963 3.679297 -1.4799701 0.9354249 37.13296 -0.3075149 2.635802656524999 

