Car -1 -1 0 665.3063382164165 176.4575984300705 767.55676420073 252.37936592461867 1.5082984 1.6429101 4.319025 2.324426 1.6026618 16.717583 1.5494568 72.50023094593324 
Car -1 -1 0 706.4406177087394 173.03104628131922 886.3356979313444 295.36098243011634 1.5324504 1.6152906 3.8659325 2.6129234 1.5356325 11.006503 1.5331647 97.98485204090261 
Car -1 -1 0 575.945786265491 178.80135504900855 613.5577566395206 213.51048891738236 1.5730401 1.6508666 3.4781983 -0.6750504 1.8766371 35.068825 1.6017593 25.217717810981366 
Car -1 -1 0 652.2718225717416 175.93366451555767 708.0593412749118 223.43698993150366 1.5903423 1.6088343 3.6464698 2.496997 1.7101467 26.2317 1.5527879 38.23036160114241 
Car -1 -1 0 438.6136121708568 188.9843081423363 505.9271161353871 212.86773837961567 1.4139924 1.5950997 3.8478656 -8.468454 2.4318762 44.691994 0.022058254 18.86753579396485 
Car -1 -1 0 636.3627862596211 178.94777567117035 679.2595382321501 217.41466570155202 1.5548277 1.5793751 3.6871717 2.0592546 1.8374368 31.607399 1.555894 13.689252918237132 
Car -1 -1 0 624.8170889895683 176.19095045342507 658.7161060054461 202.63336289804312 1.5862042 1.6132971 3.6557755 2.0794578 1.8066905 45.7251 1.7667705 5.654314904352594 
Car -1 -1 0 475.13280473362454 183.9233055450123 531.730127550288 206.35480995237413 1.5651914 1.635662 3.8527563 -7.617998 2.3761005 52.01715 -0.011998275 0.6122553824828991 
Car -1 -1 0 487.5268868836323 185.70830408565124 536.6003539341482 204.19361888545086 1.5219016 1.6068726 3.8840432 -8.412665 2.654469 62.343807 0.23261572 0.2606314420700073 

