Car -1 -1 0 715.9290427592657 180.54461466979666 835.0965946309357 271.7886205978546 1.4898782 1.6137968 3.8353016 3.0737593 1.6606399 14.06607 1.6198311 85.93800099297273 
Car -1 -1 0 431.27559315599956 185.85050263787954 523.4542483535967 248.8259158099873 1.4519253 1.6812407 4.036505 -3.4464357 1.8399656 19.509052 1.5901126 109.0311482403961 
Car -1 -1 0 784.9024239140248 188.23653650201075 1242.0 375.0 1.4496174 1.6377496 4.3555145 2.8905911 1.6283364 6.189749 1.5513086 110.31949511232048 
Car -1 -1 0 48.30206074557769 169.67943867362993 417.2680455655979 375.0 1.7813497 1.6941162 4.3217974 -3.5400047 1.7564615 7.8306737 1.586479 122.52597243129668 
Car -1 -1 0 809.557807096309 175.2787213126656 940.8195079036386 226.41322629505387 1.5766447 1.6265433 3.683165 8.494013 1.6582589 23.313066 0.088795915 76.05983718179093 
Car -1 -1 0 476.7236140530521 184.34409900342465 545.2731841546366 232.52822030398974 1.4567376 1.6163732 3.9999194 -3.29842 1.8845687 24.82657 1.623448 28.172567359938387 
Car -1 -1 0 661.7438146927449 177.89874341116922 704.1729862869053 211.42062593715792 1.5330341 1.5982461 3.645448 3.5484657 1.7934693 35.40162 1.5381399 20.163047969819278 
Car -1 -1 0 0.0 194.00566211896717 266.8264202236838 330.73827556940375 1.418796 1.55819 3.5572908 -6.277792 1.7591751 9.825357 1.5614439 33.75566724257034 
Car -1 -1 0 544.3892173526999 179.75146878062677 585.0774545518173 207.6081941496372 1.524952 1.5964066 4.165744 -2.600943 1.9544103 42.75055 1.7124507 8.341143901466952 
Car -1 -1 0 512.8574412839523 181.4606444274425 562.4006079608245 220.84999172769338 1.5079803 1.6130484 3.8565056 -2.96731 1.8940954 30.422224 1.5956941 7.522449007724177 
Car -1 -1 0 589.3675063911776 177.28605804211202 606.8665306380857 193.9929512670894 1.4816734 1.5281255 3.848999 -1.0851462 1.9051118 66.98154 1.5298355 0.6485792870144195 

