Car -1 -1 0 479.9179965341941 204.89995793435747 628.484076485458 305.67246667017434 1.4077928 1.5558206 3.5545666 -0.86199844 2.080794 13.228522 1.8569367 125.48652664775324 
Car -1 -1 0 577.9919792096097 199.95918471187747 676.0558762658866 273.78169114050104 1.5127378 1.5737834 3.725584 0.54862714 2.2745214 18.26965 1.8561326 72.86489635766148 
Car -1 -1 0 886.5197284014266 196.73671014301968 1017.7918777728897 242.36867939875336 1.5580325 1.6571084 4.078551 12.610361 2.4779894 26.757069 0.104327306 41.85042882095447 
Car -1 -1 0 983.0006908576412 201.44734107734772 1242.0 287.99764977070674 1.4761701 1.6403416 4.21001 9.970497 2.0953574 14.377621 0.21333176 56.31841554850547 
Car -1 -1 0 938.90723760505 200.01210730845207 1102.4240092170458 254.70814785357845 1.4721016 1.6155053 3.9701495 12.252279 2.333926 21.73518 0.18649442 29.94069817626143 
Car -1 -1 0 655.2593725574509 187.30551950511847 697.4899552220231 230.3779616126058 1.797211 1.660258 4.2231903 3.188343 2.5189815 33.816452 1.737832 34.657705339442614 
Car -1 -1 0 828.4499489351509 193.6337302471066 881.1737878499513 226.12888751537997 1.4954134 1.5534732 3.546255 12.601797 2.6199784 37.266293 1.5825782 14.032963748613934 
Car -1 -1 0 969.4854945330056 202.79220269660505 1190.6568258398515 271.47258460721764 1.4244978 1.6108611 4.073435 10.942713 2.1776094 17.04152 0.15444371 17.89644179126485 
Car -1 -1 0 857.7383221165442 192.94199577645807 953.9914504839068 232.29566883397825 1.6124994 1.612637 3.5950146 12.907349 2.5200477 31.593956 0.11316524 14.151891860410046 
Car -1 -1 0 869.6100164374046 197.58075576205889 977.0801683789082 238.06294101382557 1.495424 1.5951277 3.7465172 12.627269 2.537102 29.234848 0.20475157 9.780138652569573 
Car -1 -1 0 957.034066728552 201.26662734014104 1134.1256864160196 264.02521319822495 1.5089543 1.6021743 3.768192 11.634868 2.3201408 19.480938 0.17630138 6.220913746437383 
Car -1 -1 0 815.8392839858689 195.95175026606478 891.2400077419117 223.20560773674057 1.4831406 1.5940932 3.8260548 14.122404 2.85404 41.861557 -0.088608496 5.326095821976821 
Car -1 -1 0 805.6138598470673 193.9409473728685 870.9127314063932 219.30328418494295 1.5292699 1.6048869 3.763388 14.615225 2.9113183 46.257004 0.12621242 2.86646631981331 
Car -1 -1 0 781.4282934333025 192.07768215730525 803.7343251358326 214.56866751551053 1.5559869 1.5914924 3.5368454 13.94101 3.074094 55.07644 1.8024939 1.5910563150102517 
Car -1 -1 0 818.711770858772 196.03053902163686 888.3941430556739 221.54373291820838 1.4774897 1.6011834 3.7123673 14.861225 2.918724 44.06086 -0.004000285 0.2535722255706787 

