Car -1 -1 0 653.6997665868068 181.7091176626293 738.7626630612899 243.27095190467494 1.4622945 1.622906 4.043918 2.2622917 1.7306569 19.80015 1.5111755 56.475248106649794 
Car -1 -1 0 725.3547250580772 185.00993755709726 966.8921935105346 343.5905519199895 1.46001 1.5934947 3.8138244 2.5966976 1.6421908 8.87681 1.5313313 113.43737227103293 
Car -1 -1 0 635.4708371391321 181.6518604663654 690.5262113298818 229.19977561418932 1.4997842 1.6018883 3.9670694 1.8126338 1.8349056 25.490612 1.5579436 41.7973850049748 
Car -1 -1 0 105.91865897910832 190.51601250442926 390.13315508075425 277.9484434037938 1.42159 1.6614271 4.3590446 -6.42416 1.7721777 13.2447405 -0.11612858 147.88411552557136 
Car -1 -1 0 252.66398406722013 185.09297154447793 428.0706078875583 247.78177527204545 1.5385305 1.6361241 4.0711594 -7.009233 1.8800049 19.117678 -0.09817765 64.31458313935833 
Car -1 -1 0 363.40367156649063 182.90443811727997 468.18217463730656 219.98475908381494 1.4717772 1.6190995 4.0390244 -8.041168 1.907012 30.220608 -0.10962483 26.319819648133574 
Car -1 -1 0 311.3038018586035 188.40354610745652 462.6345921563774 240.78286845725796 1.4661919 1.617939 4.038276 -6.625791 1.9543339 21.704935 0.06890961 28.496836483476674 
Car -1 -1 0 622.450644926109 179.418404883554 669.1440822143926 218.5456048713565 1.5245743 1.5779798 3.6162915 1.4796088 1.8197562 30.591034 1.5075436 20.020640323202425 
Car -1 -1 0 518.2234020884036 181.50571938464753 546.0669490718243 206.48829274901146 1.5000935 1.6442692 3.8569963 -4.969791 2.0835264 46.677002 1.502267 7.9904895769068105 
Car -1 -1 0 378.1515303035343 177.32020110893447 473.7901011852317 216.33624152733185 1.7158375 1.6716878 4.090271 -8.346912 1.9275416 33.093628 -0.13750839 7.373195890566137 

