Car -1 -1 0 439.82198754453333 186.01891995782285 521.225492700182 243.01071797089674 1.4376625 1.6777558 4.367213 -3.704575 1.8682444 21.406712 1.5600939 79.02289483808487 
Car -1 -1 0 663.9164974679989 185.22652891317145 747.3736763672536 246.10450292953834 1.4919099 1.6112429 3.7384613 2.610356 1.8744502 20.386372 1.4985343 79.25720321937972 
Car -1 -1 0 796.2417577016397 197.2513809109594 1177.684168499621 375.0 1.431876 1.5625547 3.478024 2.8823102 1.7067758 6.3898954 1.5721931 88.57370948525708 
Car -1 -1 0 649.2985304150878 184.54463884729486 696.5271382247199 226.03957937914578 1.4608278 1.5823436 3.9762654 2.4395638 1.9555066 28.53022 1.5874095 38.567224983782836 
Car -1 -1 0 527.1211874108046 183.2221147039279 560.6587750605486 209.49318663861504 1.5319948 1.6556928 4.1758065 -4.1245794 2.2210615 45.84652 1.5946016 6.492124665862026 
Car -1 -1 0 454.397276945413 182.68964257868942 490.3867181015323 207.49262091871785 1.4721746 1.6147355 4.0990057 -8.793819 2.134575 46.52875 1.5516143 2.119899761071823 
Car -1 -1 0 631.6131019617453 183.4884032022612 664.4761872333655 210.8944394994929 1.5792251 1.6063848 3.939532 2.3650806 2.2745254 45.15906 1.5074558 2.7443316849274795 
Car -1 -1 0 556.5151072184661 185.60092015155712 576.0777932142563 201.8022216848424 1.491524 1.5717103 4.1026697 -4.275695 2.7960649 71.767815 1.6029948 0.7073775362875788 
Car -1 -1 0 644.9847918250698 184.0504700763534 680.8757440465016 217.506656424691 1.4884349 1.5809383 3.7301831 2.5604734 2.064709 35.250225 1.5992168 0.2610722780227661 

