Car -1 -1 0 686.416771031115 184.29700166452764 783.0029450355853 253.64114396834196 1.4981563 1.5900108 4.0534244 3.045597 1.8214636 18.327122 1.5278093 95.95346259165302 
Car -1 -1 0 737.4294019959782 180.46889606398096 926.098582472221 299.69952865098895 1.6322818 1.6325451 4.0451465 3.5148373 1.7834738 12.235473 1.4764028 110.0668527369326 
Car -1 -1 0 362.65245226317006 174.7015387030702 434.0420394775798 215.75733225585094 1.5369369 1.6625185 3.9091914 -8.4407015 1.6166602 29.161911 1.5939454 67.77030539417812 
Car -1 -1 0 675.1030205745344 182.74819793120764 737.7716804716732 232.77291027127453 1.4938626 1.5692351 3.4971383 3.147244 1.8471239 24.002296 1.556762 38.90469385385609 
Car -1 -1 0 94.79084330728905 176.76037331230089 286.29492061410616 257.7804593141716 1.478225 1.6828378 4.138433 -8.69018 1.5730157 15.436495 1.5742453 82.47701687125026 
Car -1 -1 0 415.69688609572046 176.0890367349584 474.53530067250324 211.17924918535945 1.5679122 1.6484132 4.1257067 -7.8364544 1.7331576 34.74288 1.6375704 25.67387355999985 
Car -1 -1 0 647.0400305000846 178.92799702971516 693.1004175322788 213.6893691988398 1.4855365 1.6387125 3.836173 2.7473621 1.783785 33.473904 1.5224596 2.9777034279006274 
Car -1 -1 0 0.0 156.93462738277833 153.51895409649373 211.97025035365937 1.622184 1.6463529 3.9707618 -16.505255 1.1529578 22.135408 -0.022667857 4.270071484481126 
Car -1 -1 0 655.1593107469556 180.09524024482798 711.5477126711608 221.88949405035513 1.5116515 1.5693512 3.6826887 2.8618608 1.8183407 28.657776 1.4853113 4.115309381848044 
Car -1 -1 0 445.82782801239006 176.55305464225927 490.24974119157156 206.02319803165477 1.5413377 1.6201422 3.8284807 -7.818898 1.7571585 40.16098 1.5999956 2.5899730946998427 

