Car -1 -1 0 727.3750466925517 186.81188603207258 956.263572651727 330.2233193284185 1.447448 1.6281021 4.259242 2.8404856 1.6798868 9.858974 1.5359358 107.20366910417725 
Car -1 -1 0 693.285412757447 183.36732075102407 778.9462246845094 251.0125570453346 1.4326354 1.5892774 3.8311133 3.012183 1.7208121 17.831928 1.6109008 58.23905037654361 
Car -1 -1 0 460.40946947512236 184.55692620622224 533.1699000829194 237.27847954152645 1.4787025 1.6849933 3.9732795 -3.5126193 1.8859109 23.113972 1.5775089 98.5578733684034 
Car -1 -1 0 264.53768967917625 171.75521463675133 466.7538696740297 306.30390918985876 1.7348267 1.6896125 4.30204 -3.578302 1.7206593 11.470027 1.5898889 129.0784038599134 
Car -1 -1 0 780.1862937860543 179.07958134523474 898.6078667019602 220.42913198393825 1.4767754 1.6229823 3.9580731 8.5276575 1.7181808 27.018517 0.076363504 44.88958947160211 
Car -1 -1 0 550.0685147664267 181.67974094088834 583.5365819231154 206.88886573421334 1.4920713 1.6148031 4.2192664 -2.7009544 2.0858338 46.380974 1.6414684 9.056716561463688 
Car -1 -1 0 658.8835259293655 178.93831213909945 692.721020325925 210.1481214836982 1.5769975 1.6262224 3.9630287 3.556694 1.9249682 39.25431 1.6095301 22.716110030369386 
Car -1 -1 0 498.4617585642772 183.74427404062035 551.7489270718264 225.9515053054727 1.4857259 1.5951757 4.063049 -3.2597747 1.9464757 28.488804 1.5793854 9.495527729058333 
Car -1 -1 0 647.6341570384653 177.2323666962205 673.2096113599694 201.7667682238879 1.5338159 1.5939883 3.8147955 3.331088 1.8353083 47.743095 1.6163702 2.654630820122419 
Car -1 -1 0 518.9019157878829 181.31860597413873 560.8191785140751 217.0293403592987 1.5440996 1.6050674 3.996264 -3.2403622 1.9681399 34.14628 1.5688732 2.948528038329462 
Car -1 -1 0 172.58666659661662 190.69402986677983 351.5794522815853 282.48339925507736 1.4081064 1.5714641 3.7186663 -6.348921 1.792011 13.660645 1.5797975 1.0953546701104504 

