Car -1 -1 0 558.4603666133243 181.904969844327 672.9080080389407 282.99208653227737 1.4312744 1.6204605 3.4859583 0.19517559 1.414207 11.754641 1.570693 74.28508881740885 
Car -1 -1 0 344.2850224588634 181.88500446866877 400.2666761518442 210.0367892545054 1.4399357 1.5827669 3.4546988 -12.26517 1.3772581 37.969666 1.6789106 30.544899814307733 
Car -1 -1 0 571.3717778579731 171.70204213206884 600.844788420094 198.83881727628852 1.5818824 1.6216761 4.0904093 -1.0079502 0.9168558 43.313686 1.503257 9.848844438000226 
Car -1 -1 0 574.8770898024572 171.90981002181812 635.1445950169598 229.96674741140458 1.5693144 1.6111258 3.5456388 0.018468738 1.2665557 20.920109 1.5261538 23.26360935357406 
Car -1 -1 0 817.1841838574921 164.483191631435 888.8813835697471 192.07809582239634 1.589408 1.6173286 3.635129 14.726589 0.51652044 41.572334 -0.020293167 23.26441627018275 
Car -1 -1 0 495.93112998689617 175.93196465066652 529.7589809433453 202.3921682674537 1.4464754 1.4950134 3.4437976 -5.1364903 1.0540587 40.5082 1.3174117 14.966684581597502 
Car -1 -1 0 608.6465653500737 165.90514107609394 635.2617723968618 185.65686127802962 1.4912274 1.6217057 4.069612 1.6111653 0.19225448 55.515614 1.7169762 6.946744678713519 
Car -1 -1 0 753.0986325528764 168.41684593910492 781.6803404417574 189.23849218200746 1.5020638 1.6535126 4.1260586 12.398544 0.44207788 53.15698 1.6918218 6.948855295986076 
Car -1 -1 0 434.04670124156456 176.15078241375218 467.8517669792575 197.78488027231975 1.5271151 1.6102712 3.9447799 -11.02986 1.0358474 51.891113 1.5787339 1.367507136763619 

