Car -1 -1 0 0.6131070615942462 197.89410906191716 189.22972127728048 274.56758079270503 1.5168492 1.5978751 3.7723775 -11.700007 1.9055009 16.660511 1.6273613 114.854100365166 
Car -1 -1 0 510.4152678442879 179.78760346234694 556.8123764391191 220.01889334294654 1.4022936 1.6154358 3.4064744 -2.5667963 1.286475 26.425865 1.4639847 51.66374101342182 
Car -1 -1 0 221.85978340881533 182.78009344063878 376.1127064741915 290.7163376623749 1.6656787 1.6568455 4.0028267 -5.6871986 1.6605815 13.001994 0.91272175 110.48221922545984 
Car -1 -1 0 298.9628616226618 173.50653651643987 341.52693560896665 196.37049139501622 1.5140845 1.5935619 3.81489 -19.368006 0.8781028 48.772484 1.5165021 27.935135757368652 
Car -1 -1 0 514.2842447913421 176.16396509716708 545.9370393587615 205.00141150097724 1.5074928 1.5743331 3.658663 -3.900299 1.1443644 38.83567 1.5124744 4.44300715788768 
Car -1 -1 0 572.5639807024962 174.38654278211354 598.8090879750865 198.59749129702385 1.5199323 1.6064938 3.7785225 -1.0255115 0.9722599 46.284847 1.5774579 13.426523213564613 
Car -1 -1 0 328.7955929263796 188.28828607597507 372.2362982153904 216.56189235676624 1.5050622 1.6885531 4.0757113 -14.486824 1.8186464 40.632587 1.0596755 9.581838379237121 
Car -1 -1 0 599.9910982878201 164.7652045057714 703.1608340918282 212.29910447316522 1.7534912 1.6688135 3.807439 1.854763 1.0767503 26.96821 0.02627233 14.902119868641885 
Car -1 -1 0 361.9514411729082 185.98594185731153 405.02414367842385 210.33266930547765 1.4845508 1.6278135 4.337268 -14.091067 1.6799225 45.83853 1.5258721 6.972062478030692 
Car -1 -1 0 387.8770719246797 185.50891337127933 424.2493422426861 206.0779417479356 1.4241335 1.5896709 4.039158 -14.20018 1.6055973 51.46347 1.5539407 0.5239224754690721 
Car -1 -1 0 1082.7104304688555 147.1099125875904 1224.5556432167002 201.65385631559548 1.5912561 1.5934311 3.6834779 17.361223 0.54098386 22.484201 1.5529829 0.27209150791168213 

