Car -1 -1 0 216.27773087205088 179.50628129710663 353.89749968206837 241.1663543979146 1.4566135 1.7006192 4.2359333 -8.643449 1.6577299 19.661764 1.6134144 94.03066934827139 
Car -1 -1 0 696.037614677866 179.4248162088789 783.7972999295532 243.53765179842867 1.6534429 1.6102059 3.9935832 3.6887965 1.8639454 21.071154 1.5070484 82.34083787873463 
Car -1 -1 0 0.0 180.25670420380953 239.883779950974 293.77215025755584 1.4767228 1.5946032 3.761454 -7.708252 1.6011937 10.843345 0.28174528 93.45775220421693 
Car -1 -1 0 668.9112416518203 182.27756547723308 729.3298398358602 225.8861197349661 1.4650905 1.5873672 4.118557 3.2966995 1.8482171 27.240627 1.5236636 40.2404462671946 
Car -1 -1 0 429.5186804226732 176.71298982470063 478.8884802034041 208.1080185619549 1.5504584 1.6589406 4.0109725 -8.1476345 1.7653604 38.15641 1.59515 40.4500272833932 
Car -1 -1 0 312.3759177442549 178.8715517811206 397.7278527761946 227.78491165100556 1.4752955 1.6289738 4.057378 -8.462713 1.6955209 24.338772 1.5199256 34.14487535649184 
Car -1 -1 0 663.5924327479898 181.68475438345405 708.3059165031578 216.91774099121804 1.4813852 1.522692 3.315145 3.4312854 1.9045812 32.88275 1.5179223 14.511081510376783 
Car -1 -1 0 468.06458073855254 177.3243430143428 511.7162704564872 204.4070643403318 1.5377557 1.586777 4.0215673 -7.196806 1.8216767 43.74176 1.678952 4.055215077400031 
Car -1 -1 0 649.2592960868554 181.0256619174162 699.7278001665595 212.80050359768552 1.5316813 1.5360137 3.3985906 3.330582 1.9780054 37.568634 1.307193 1.20528829449976 
Car -1 -1 0 850.1572811650067 145.61983486261263 892.8278862378095 170.24644848533814 1.6651727 1.6757109 4.002693 18.5418 -0.1924966 51.241302 1.5994241 2.406072884270351 
Car -1 -1 0 304.1139527211856 153.9336959526266 356.11097568740104 183.66417360351844 1.6979847 1.6751552 4.3759933 -16.745354 0.61739683 43.444885 1.50836 2.0883711516121006 
Car -1 -1 0 641.4397928779048 180.2889417267058 680.7707742041182 207.64966071148442 1.4874041 1.5838099 3.8317246 2.9735441 1.9439948 42.31111 1.4458796 0.3356355130672455 

