Car -1 -1 0 727.6426240084087 175.43868504628702 931.5625452801464 302.9221632389251 1.5423312 1.611007 3.9654973 3.0371294 1.5884849 10.848078 1.497905 111.50501363953416 
Car -1 -1 0 609.4121894895476 167.19817299672957 668.8160555704569 224.39372997694537 1.7116866 1.6744121 4.102794 0.8858826 1.542425 23.666203 1.544368 81.0573587797301 
Car -1 -1 0 108.28345006064043 183.66882214680572 396.135289422715 303.44664636506815 1.4643106 1.5849032 3.677215 -5.2834816 1.6521337 10.829647 -0.6086998 101.76422672660257 
Car -1 -1 0 580.688859285733 180.73190881508273 613.2612084871744 200.89628233324396 1.4976429 1.6301326 4.096535 -1.0424383 2.1492834 57.492805 1.3027833 8.799226634962947 
Car -1 -1 0 408.6235271329497 179.58659881786036 443.855128244045 200.0193949122723 1.5043441 1.5940523 3.6355062 -14.349504 2.0486455 56.373566 0.99821 4.553917947911478 
Car -1 -1 0 374.2869345270212 179.9354467066757 408.36577765291673 200.132892489291 1.4774439 1.604969 3.6052089 -16.99252 2.047143 56.097584 0.9979845 6.193919211848652 
Car -1 -1 0 486.15823099035106 181.16879113464256 520.9419355382142 207.3692492556492 1.4547205 1.5602008 3.4597619 -6.259741 1.9689084 42.889927 1.5705218 1.1728284108971887 
Car -1 -1 0 325.7978179916658 179.66157394349463 350.477196776246 200.60984507029184 1.5302386 1.6237283 3.9096026 -21.100496 2.0802765 56.18871 1.2562217 2.084742894924419 
Car -1 -1 0 431.1777919446079 178.80971480063494 499.72884732633895 201.44848176691033 1.4883945 1.6582873 4.352654 -9.713625 1.8993492 48.857277 -0.046831254 0.7012154987280735 
Car -1 -1 0 146.583469846227 184.96176278452796 210.88574994673792 221.93832186555008 1.5097742 1.5848198 3.7594762 -19.500715 2.0943167 32.810513 1.2963982 0.2757093608379364 

