Car -1 -1 0 261.4377654983064 187.34145590783183 418.8133327071895 283.29180809014 1.513778 1.6552538 4.0129957 -5.01579 1.836103 14.024614 1.5432093 94.53395792547312 
Car -1 -1 0 355.5603867400034 184.294662828291 461.16248536131974 252.50410972108446 1.5244038 1.6783366 4.252459 -5.138159 1.8594975 18.989267 1.5485466 54.68249799791457 
Car -1 -1 0 248.25424228830295 183.64494795484734 373.4629928441429 232.48287820882538 1.4462212 1.5447944 3.7238858 -9.932064 1.8388178 24.250793 2.0883994 19.905840444849616 
Car -1 -1 0 4.138336203987066 182.68388704291914 169.77306985704368 270.0874757958988 1.4576963 1.5975454 3.8766685 -10.383445 1.6764964 14.250598 0.6508729 22.587846750118167 
Car -1 -1 0 435.74404278323493 177.94797595355328 482.92118052853397 211.70547446953765 1.7146242 1.6347847 4.108384 -8.125336 2.0070252 39.345566 1.59283 12.081080815467988 
Car -1 -1 0 180.89692610577842 178.65684381898527 301.3626667770765 245.62941580138607 1.672265 1.6712229 4.090545 -10.453215 1.8519189 20.349777 0.73225 39.65868869650085 
Car -1 -1 0 112.86517195940758 187.11813815861888 251.17729476911998 259.2286356741386 1.4554307 1.5780653 3.7775455 -10.167181 1.8283296 17.067919 0.6734966 11.718968775854144 
Car -1 -1 0 217.63550781280156 167.5988165433342 316.235597716563 198.06561746397094 1.482099 1.6391017 4.14601 -17.02706 1.2264533 35.96845 0.023610614 2.078138507068806 
Car -1 -1 0 306.2009748764995 168.9535632085893 390.2949790274561 207.9207373391394 1.563519 1.6022148 3.706925 -11.148524 1.4070177 30.706793 0.6463502 5.618896722678582 

