Car -1 -1 0 227.1727626340944 186.6230120478996 404.7057544256938 293.02877251379226 1.5240979 1.6583564 3.9876313 -4.9920444 1.8084052 12.878176 1.5374074 91.96366468646411 
Car -1 -1 0 338.1780555912317 183.0515723613414 453.4320263597184 256.10738486510644 1.5363569 1.6562202 4.12112 -5.113593 1.8174088 17.818563 1.5623223 63.2766083638247 
Car -1 -1 0 76.04306078781406 186.00169903191687 224.76284155268277 262.3355249983902 1.4314284 1.5821662 3.8534706 -10.217548 1.7553287 15.964807 0.6642414 37.28836683955548 
Car -1 -1 0 156.18525040040558 175.59184511541542 282.0305371807946 243.13339601722902 1.5963244 1.6578768 4.116357 -10.459573 1.6767612 19.206654 0.73163664 57.24364443237094 
Car -1 -1 0 0.0 182.3367772824635 138.55958423403945 278.9857275110002 1.4771228 1.6114239 3.9585445 -10.308668 1.6758744 13.258161 0.67389053 25.626745920708355 
Car -1 -1 0 434.41012938387667 176.78426186154417 482.47934906969493 210.0008593251341 1.6370382 1.5512003 3.5574505 -7.8639927 1.8530221 37.822216 1.6417798 16.391598910726437 
Car -1 -1 0 229.0919543322773 181.14748839138284 365.42442439835264 233.25521496690865 1.4781644 1.5942433 3.848959 -9.917634 1.7685795 23.196638 2.0769792 8.38979904379025 
Car -1 -1 0 286.3562218600996 163.6125430037435 386.33773079354137 205.28075763653138 1.6176571 1.634959 3.8869007 -11.222255 1.258882 29.612074 0.46363822 3.219371352763603 
Car -1 -1 0 209.57860105678444 161.90865795507344 313.40484744666674 193.9915185822636 1.511875 1.6597329 4.221779 -16.75978 0.99608576 34.861946 0.014387829 0.2598917782306671 

