Car -1 -1 0 651.6823319416407 159.470154779075 745.4155242373835 246.119190244482 1.7647029 1.6695306 4.239305 1.9362097 1.4921261 16.816177 1.5727365 115.96496704529817 
Car -1 -1 0 611.8486790947379 178.28533631601857 654.8185702536907 200.61972836699243 1.4659014 1.6615897 4.3184834 1.6199329 1.8656166 50.791084 1.2590326 28.672574451703163 
Car -1 -1 0 260.2713585184626 181.4081161806679 328.7614332432716 225.05219735665912 1.44666 1.5829008 3.9146938 -11.74725 1.7885298 26.779781 0.95896524 15.916341972948185 
Car -1 -1 0 964.7386339628812 185.42208481440755 1093.8018266171662 231.45448618761395 1.4148755 1.571392 3.899849 14.6379795 1.8940645 25.415848 1.2734398 16.428504515957837 
Car -1 -1 0 1013.2261112042501 180.8599250877229 1149.7965666793766 227.56081572562076 1.5081775 1.577019 3.824549 16.922308 1.819975 26.052439 1.0405445 15.781860734478224 
Car -1 -1 0 386.28447833704 176.92878092510372 423.25110944148133 199.58867722544764 1.4833366 1.6310768 3.8193245 -14.235286 1.7775933 50.040215 1.0620133 14.070752682612376 
Car -1 -1 0 426.8817204926031 176.92867771092602 463.0406789190157 199.8633107677974 1.511825 1.6124955 3.7020996 -11.505639 1.8072343 50.29494 1.103065 9.99695569201997 
Car -1 -1 0 242.11215057613168 176.34171712768622 269.01655986438476 198.90654706170767 1.5118953 1.5603411 3.6829586 -25.02044 1.7678016 50.950996 1.0748937 4.465316278580722 
Car -1 -1 0 329.63158950195384 175.18983029673916 358.31326826600366 198.16275534772566 1.5257735 1.5830221 3.6340737 -18.469515 1.6949084 50.283337 1.3002176 0.5959967452241605 

