Car -1 -1 0 425.6209292465748 187.50986099902963 560.7742864741438 249.5812814651762 1.458581 1.6077688 3.6619987 -3.1010845 1.9018412 19.85369 2.160191 98.17267821849703 
Car -1 -1 0 362.8558495999742 187.55066493051584 509.86544072563464 243.84417946020025 1.4189124 1.6356889 4.427458 -5.062738 1.9081099 21.70559 2.1272209 55.824452936360615 
Car -1 -1 0 309.6708689916628 188.58360562076544 438.0523324318349 239.2280697853661 1.3999509 1.5207236 3.7336152 -7.457752 1.9467444 23.122387 2.1937633 52.783205147405035 
Car -1 -1 0 164.78424795293515 186.62872568962536 283.7732487211408 228.3297946653964 1.4666467 1.5724175 3.9165812 -15.285316 2.0561774 28.811874 2.151739 35.48198690548216 
Car -1 -1 0 140.2499822056735 185.33411676587235 241.87797098406088 225.1560011283836 1.4952942 1.5053341 3.3318992 -17.34064 2.045321 30.00812 2.195051 24.844371122441277 
Car -1 -1 0 1021.6331120537584 189.32332670174128 1078.1777239801413 234.75981203071163 1.7806896 1.628733 4.139648 19.538338 2.558328 31.943745 2.2449489 26.590882169162903 
Car -1 -1 0 846.0661937521637 203.62458377456653 979.7115673191256 286.1334915407378 1.4111683 1.5230478 3.5510874 6.5957055 2.1504846 15.516888 2.319154 84.51842099412542 
Car -1 -1 0 936.2440703002685 200.91718747693312 1039.9516455837336 268.2736897580263 1.4762151 1.5644562 3.6811152 10.169445 2.299057 19.270542 2.3122144 48.90314364086602 
Car -1 -1 0 303.08023298402 187.2718347069569 421.612465168517 235.33935259430405 1.4468865 1.581151 3.686071 -8.433502 1.9837003 24.885574 2.1380434 5.216200493249716 
Car -1 -1 0 24.151378353077313 182.44642909095307 98.10698331100801 212.51028289393705 1.5444899 1.621501 3.77515 -30.5332 2.1065688 40.303947 1.443255 7.620085587070737 
Car -1 -1 0 1202.6723190773157 197.0948855733274 1236.912256480103 227.40313990271045 1.7188444 1.6164745 3.8248386 38.95162 3.3334022 46.07487 2.2714715 2.080413398329021 

