Car -1 -1 0 700.0502129652001 175.64339047713094 839.8311562312678 286.7260365728673 1.59822 1.6232622 3.7192864 2.5633547 1.6531999 12.348558 1.5878807 126.64705843624665 
Car -1 -1 0 752.3385534309203 174.22442252389158 1170.3050279955667 375.0 1.5610511 1.626095 4.192841 2.4940085 1.5771172 6.359277 1.5667965 122.44479174582656 
Car -1 -1 0 678.4027244280804 179.30031442548545 765.4313876822537 252.09699140139313 1.5259781 1.5773988 3.461188 2.5694373 1.6949775 17.174791 1.5846742 63.293448286209994 
Car -1 -1 0 107.9395919070155 193.69344633288466 448.6844753981343 333.54893330990564 1.4851524 1.6462687 4.159419 -4.5313764 1.8468134 10.407211 2.2792907 129.7667064527564 
Car -1 -1 0 648.3561580157497 163.98286044444643 707.036948921189 220.64394322107566 2.0091984 1.7866166 4.533405 2.5394354 1.6946282 27.862755 1.559011 42.613952562706764 
Car -1 -1 0 456.90621043107694 183.15978378510377 559.7016526227718 221.19294483061424 1.4698849 1.6086823 3.8796802 -4.0850606 1.9042566 29.417887 0.099870495 28.808690974267343 
Car -1 -1 0 632.278626885308 179.4399971154848 658.9198449260616 205.39872527898308 1.4933034 1.561991 3.4756002 2.1733122 1.9124722 44.161694 1.6014705 9.05622175890551 
Car -1 -1 0 640.0663383933578 178.6553706664777 683.7712100181311 214.30887261800038 1.5248057 1.5453901 3.5427918 2.3619256 1.8068789 33.26596 1.507769 4.639294536348479 
Car -1 -1 0 405.27429796044044 185.06185325022867 507.90685239103556 234.11952843920625 1.4477191 1.5992011 3.7251716 -5.167821 1.8877393 24.11973 0.7920445 48.12748356034923 
Car -1 -1 0 403.15098074266757 188.28615523202177 444.8823202672847 214.38675183421034 1.4991134 1.5884975 4.054358 -11.738773 2.5237875 45.87712 1.5769287 2.144030900898551 
Car -1 -1 0 531.4022226906201 180.00026414946072 573.8266931258923 205.81917202712768 1.5200478 1.5593965 3.7413435 -3.6425557 1.9920267 45.62781 1.166359 0.5570903267404902 

