Car -1 -1 0 905.8384961666352 156.76258551961223 1013.0216230310026 238.9057744960714 1.61433 1.6509693 4.086897 7.778736 1.2980913 16.378866 1.886439 99.8759371387508 
Car -1 -1 0 800.5474124303549 145.3510659510724 869.9178029632532 210.0270638932499 1.6190937 1.6833535 4.1790986 6.4039392 0.93058735 20.312733 1.9031541 55.27384687393875 
Car -1 -1 0 487.1524489620431 144.60873930208973 551.9210687171868 178.09577585943623 1.4533513 1.5367008 3.5661328 -4.0845084 0.22749507 33.25181 1.9073625 57.969209192514846 
Car -1 -1 0 892.0116173463398 149.3049306967138 949.4494765500208 194.24628894705026 1.4599268 1.6214217 4.1154184 10.973812 0.6949316 25.649885 1.9155514 27.457099596998294 
Car -1 -1 0 221.09609472919436 145.6662613191882 342.4897793593191 192.28416937135773 1.5468591 1.6241573 3.8687172 -11.521276 0.64472497 25.37846 0.35685617 52.9685118689512 
Car -1 -1 0 532.6320797601537 141.14118894886607 591.8632497899673 171.3574659080806 1.4641625 1.5991305 4.1185513 -2.3822837 -0.08212601 37.388798 1.9008948 19.097233397100435 
Car -1 -1 0 942.1951436541877 177.21107963099183 1242.0 313.71344050917304 1.416301 1.6270362 4.28592 6.4971504 1.478963 8.976374 -0.29451528 38.35624883272493 
Car -1 -1 0 583.917909471411 139.39836677342538 632.6876453138257 166.16457296118384 1.5061026 1.5914857 4.070107 -0.022085339 -0.42704856 43.877365 1.9422057 13.04401464224698 
Car -1 -1 0 295.38647125419834 142.03639253618118 401.3019442009054 185.7470924264233 1.6005228 1.6281582 3.7976513 -10.119405 0.4720968 27.943996 0.42456558 43.56389990469346 
Car -1 -1 0 1.7378925541397054 138.96356096228527 238.12779319281404 229.8594808957607 1.8037319 1.6913426 4.382555 -11.01372 1.1312125 16.6651 1.8995254 27.847183658686536 
Car -1 -1 0 891.8899797954257 140.35453448024126 932.3600836653208 171.65857721230796 1.5051787 1.5652275 3.3864942 15.330431 -0.063836515 36.68254 1.8672631 5.025271536098709 
Car -1 -1 0 135.4671498757153 149.32165452434404 279.0171013351042 199.58528285352597 1.4705819 1.6305884 4.1220837 -12.58782 0.7820871 22.585592 0.351631 5.901967888243242 
Car -1 -1 0 355.8503299373569 145.06621824007073 456.52503402938447 181.73684332646084 1.4780496 1.6266145 4.082891 -8.668645 0.35803255 30.712988 0.4569805 7.0136766333225475 
Car -1 -1 0 899.8955281314624 156.19691096136503 975.5467860921165 209.21988000489478 1.4354806 1.6122128 3.636135 9.679182 0.98452634 21.509571 1.8726702 1.8592984776666488 

