Car -1 -1 0 774.0318201119059 175.65120744865735 1093.3797474276932 361.3876263912316 1.4818027 1.6168159 3.9725103 3.0756469 1.5198641 7.817299 1.5526183 111.40687930000085 
Car -1 -1 0 677.2933538548353 181.64035350900824 777.9849804990043 252.96368584657029 1.4430623 1.5893898 4.120024 2.6731212 1.6779265 17.199997 1.5350106 105.34069285338434 
Car -1 -1 0 658.4827646942513 183.5624525759631 728.1181927229551 236.32522599437985 1.4496338 1.620673 4.190118 2.545442 1.8193069 22.795221 1.5474155 45.24186119994337 
Car -1 -1 0 104.89829157345314 202.1212624023695 208.4450293434345 246.92625689005027 1.5137422 1.61898 3.9388897 -18.037676 2.7690527 28.960512 1.5933155 24.361849716522812 
Car -1 -1 0 635.5796934322403 182.9016279615116 678.6828283824555 218.11098994494563 1.4867351 1.5596807 3.7334857 2.1517239 1.9792354 33.461258 1.5168693 19.419736476066014 
Car -1 -1 0 208.38489770618278 198.56331448578175 285.95360854543816 233.34241615163833 1.4693859 1.7027386 4.098954 -17.774046 2.8117285 35.60647 1.5915288 29.774146722913553 
Car -1 -1 0 614.3697542451058 182.13056564836606 638.9069692092902 206.6427223614663 1.5172961 1.5673916 3.7058153 1.1421921 2.1579318 47.955223 1.5984792 9.493175809752692 
Car -1 -1 0 0.0 207.26769193603516 108.41053831195254 268.2855805562292 1.5528231 1.6781996 4.1340933 -18.095978 2.7375607 22.76901 1.5754147 32.719859213717434 
Car -1 -1 0 625.2280272222694 183.1390424990212 660.0615140135674 212.93792907736164 1.4753673 1.5400394 3.5983615 1.7377946 2.0549362 38.824688 1.5222188 3.5954623339367218 
Car -1 -1 0 278.967426462101 193.91214988459535 332.4390860458163 222.04638578750163 1.5115852 1.5697789 4.131043 -18.432552 2.8549685 43.95276 1.5558565 0.640682014037146 
Car -1 -1 0 163.29704825540804 189.77149605731836 229.66271365747812 222.1523456762525 1.5894086 1.6137643 3.8952577 -22.522997 2.5624347 39.502056 1.5028927 0.3496943414211273 

