Car -1 -1 0 396.563140179962 178.14391934710724 508.1018962336828 265.6100175982939 1.6609228 1.6291697 3.9748917 -3.3186502 1.7923882 15.937243 1.5620753 96.61221727683427 
Car -1 -1 0 842.2502864537719 165.91734697152498 1242.0 347.7853326974499 1.5696983 1.6155216 3.7437348 4.4671226 1.5098282 7.2094955 -0.095135346 122.0823535954029 
Car -1 -1 0 311.05691774651143 187.74733615308844 457.6017212807064 300.79019346157065 1.5293043 1.4503601 2.7988591 -3.4597926 1.7964474 11.53697 1.5789856 50.18238723226767 
Car -1 -1 0 667.6471923638485 174.13119867703494 801.4044111564604 229.7996739692519 1.659577 1.6407845 3.8435364 3.8166816 1.7008687 22.439201 -0.035517525 46.11099151415914 
Car -1 -1 0 0.0 161.76159619946202 392.95981073073233 375.0 1.8457954 1.6402828 4.125573 -3.469517 1.7728436 6.815135 1.5621823 109.92027153043522 
Car -1 -1 0 781.1265295690145 173.66162400129124 1116.499992904944 301.56420725682017 1.5744622 1.6161091 3.7581403 4.378688 1.5862758 9.723485 0.012225794 47.07319235716369 
Car -1 -1 0 449.17789934662767 185.66667282843085 539.4834830476719 235.97828924729166 1.4652683 1.5755104 3.6541476 -3.7346966 1.9263117 23.990978 1.8460739 21.268703364668454 
Car -1 -1 0 682.8663117726122 181.6294467935536 842.2583339843919 238.89546929935022 1.4883192 1.6282047 4.027832 4.142917 1.7414467 19.919485 -0.039635293 57.30144093894861 
Car -1 -1 0 733.9552880486235 180.92145431911388 1019.0703266058065 278.2497863763965 1.4909408 1.6459317 4.146224 4.285523 1.6348447 12.031305 0.007836703 45.931696759913436 
Car -1 -1 0 131.89082237132266 200.32732922738552 293.4403856372774 296.156281389614 1.4511672 1.5869093 4.1459756 -7.6544285 2.0810022 14.359528 1.3897828 0.9238744466159211 

