Car -1 -1 0 185.3451736972982 189.24107637376892 388.3709408837543 302.5371997327327 1.4804529 1.6805154 4.2769265 -5.1636543 1.8075176 12.228857 1.5284708 111.1734052966076 
Car -1 -1 0 458.54971780348535 187.29414679390112 504.0240868434724 222.90332343689283 1.4516097 1.5924821 3.783238 -5.7900505 2.1489277 32.91166 1.5171825 44.377781866374825 
Car -1 -1 0 393.48588013730904 190.0364282816852 476.35863292832937 244.2918474205747 1.4355469 1.6548336 4.380731 -5.3680906 2.0288756 22.703802 1.5440388 89.6142433145169 
Car -1 -1 0 883.4244619389718 183.3091106688376 1242.0 324.4948762580684 1.5302138 1.6143485 3.8237445 5.570813 1.670875 8.828898 -0.037635453 69.40387238439534 
Car -1 -1 0 741.1601249925525 184.9274959069505 927.3168542019497 259.6636819791136 1.5803357 1.6172613 3.72434 5.0342174 1.8709574 16.459522 -0.05437923 52.74542277079369 
Car -1 -1 0 682.3485145525768 184.07191864945574 803.0480858699743 234.05787380812032 1.5621309 1.6292367 3.807547 4.3408904 1.9500351 23.96959 0.08891791 30.588916260599476 
Car -1 -1 0 784.5566825812534 186.91207095255928 999.6489831231892 273.9321024911803 1.559258 1.594713 3.5740595 5.415539 1.8511982 14.099306 -0.049430035 40.37670695457849 
Car -1 -1 0 804.8459520298945 188.21205884548047 1088.2023426741412 288.8403194749695 1.4619056 1.6097417 3.8959994 5.3607883 1.7325358 11.746202 -0.08550618 42.79942353533159 
Car -1 -1 0 724.0139919900438 186.53344850074214 888.1432934318713 246.4636843804855 1.4839634 1.6010339 3.9032502 5.140463 1.8643138 19.168207 -0.048298318 14.405330178917707 
Car -1 -1 0 658.1823608506912 183.75722837037029 728.6421765108045 213.71439438671194 1.5945847 1.6119527 3.6223958 4.6364264 2.2164357 40.14556 -0.113773204 9.594892782910797 
Car -1 -1 0 681.3707245185551 176.71116170255684 798.022250725457 227.79460133693257 1.8031753 1.6979856 4.007271 4.7080994 1.9497083 26.50838 0.026992407 8.765532480696306 
Car -1 -1 0 636.2667413079805 184.4621016168061 699.8903619493602 208.512336884648 1.5049167 1.6096948 3.8786597 3.827365 2.2864423 47.42189 -0.18980713 1.9454256306478732 

