Car -1 -1 0 637.0409401475597 176.6607318014879 682.2558765037718 212.63767002010596 1.547262 1.6217473 3.7873383 2.2593153 1.7335784 33.37802 1.5136075 48.09584213140707 
Car -1 -1 0 427.6914874229832 187.92722769880447 517.137350424353 224.18349824504838 1.4168754 1.5449128 3.4637284 -5.898444 2.1008816 31.137318 -0.5898597 69.8726501001517 
Car -1 -1 0 925.2547994166841 159.5544097000486 1080.55240070129 213.06644294437626 1.4256096 1.6010253 4.007679 11.228782 1.0712962 20.621094 -0.3251326 19.681805927870176 
Car -1 -1 0 444.0759176000836 185.45261612504572 528.970133105355 219.63446471169115 1.5219423 1.5999367 3.810993 -5.8860016 2.146943 34.454407 -0.30810428 8.287044416686863 
Car -1 -1 0 459.8827986908923 185.2313081113108 534.0882931513091 216.28801698704672 1.506528 1.576093 3.63068 -5.822146 2.166266 37.223087 -0.2653182 4.939779825655829 
Car -1 -1 0 425.28843813527965 187.97583197598794 535.2709648923069 234.95042800169736 1.4721763 1.5550966 3.448586 -4.492572 2.032226 25.168243 -0.5410099 6.229128200433194 
Car -1 -1 0 508.3738251695201 183.99457163470714 563.7593580919174 205.52055444388532 1.4744759 1.5947275 3.7235467 -5.3712616 2.3169866 52.872078 -0.5865409 4.717797580610316 
Car -1 -1 0 631.2089666650411 178.25897458577307 660.6939546730787 205.80566335639173 1.6119487 1.607806 3.5967476 2.2199168 1.9606189 44.73859 1.559675 1.8008157537781104 
Car -1 -1 0 527.8061487801227 181.64747361127652 563.9229609840185 201.1974381170418 1.5114874 1.6522385 4.0061655 -5.3229103 2.2677476 59.892002 1.1136457 0.250253826379776 

