Car -1 -1 0 724.2552644181492 176.20284707761775 888.6010636842825 240.28071142130435 1.4966005 1.5912662 3.6024349 4.75935 1.582872 17.76319 -0.016234897 101.99970367004215 
Car -1 -1 0 783.2758677017317 174.99695834023885 1144.9893134802414 308.8220719847973 1.575448 1.639507 4.0380726 4.5366454 1.6068187 9.544712 -0.10032669 73.7366862869792 
Car -1 -1 0 866.5950194367744 181.37067504010685 1242.0 363.40102407583163 1.4831848 1.6032311 3.8951566 4.6785808 1.5746858 6.8574147 -0.04824494 57.10629854135763 
Car -1 -1 0 457.31714386067716 186.14336722817416 501.40985310063985 222.2246922948493 1.5097322 1.592353 3.7362576 -5.9889956 2.1622622 33.51476 1.5086807 15.786938232993611 
Car -1 -1 0 701.4678012557359 178.50482075364485 852.3708525442098 232.31479006473538 1.4255519 1.5802182 3.845984 4.681757 1.5937388 20.407425 -0.14961112 18.40872529540116 
Car -1 -1 0 673.9123775002367 176.68729115754215 800.6816386955568 222.68845744346322 1.542709 1.6469042 4.1011877 4.4332037 1.682739 25.36082 -0.08621174 30.962040463033198 
Car -1 -1 0 481.6243319983664 185.61384012152325 520.2476562675819 216.08972229862448 1.4846193 1.5684596 3.853456 -5.7769 2.2036865 38.718822 1.5499176 11.547989884641067 
Car -1 -1 0 622.1540725572191 174.22563072999338 672.7504375775634 191.62642070706102 1.4651302 1.6206565 4.086348 3.2837727 1.5874627 62.684105 0.4842131 10.405878258296031 
Car -1 -1 0 497.0859431274371 183.87758567842465 537.8582837773162 211.72763068053254 1.5563295 1.5929686 4.0254126 -5.568364 2.2612414 44.055237 1.6740532 2.6964670224204337 
Car -1 -1 0 388.3218004249951 186.85285931855296 468.9242237388258 233.6872807088125 1.4977682 1.5912762 3.3393464 -6.415711 2.0352225 25.920694 1.7425976 5.458204227366959 
Car -1 -1 0 0.0 196.13051196237956 257.76863859439527 344.8855353997437 1.4878161 1.5881491 3.485802 -6.3782845 1.8136153 8.852999 -0.28102463 2.118851436242974 

