Car -1 -1 0 703.9172566781207 175.1885669730592 814.4298499028674 264.4789205891328 1.6736283 1.6280445 3.9541996 3.0860484 1.7305967 15.617676 1.5861795 98.46353112032311 
Car -1 -1 0 662.3192860054507 181.1436748880091 716.3702326786512 224.88641511146005 1.4624143 1.6336334 3.8833244 2.8920996 1.7929459 26.816294 1.5853784 60.67665203722453 
Car -1 -1 0 152.72011412109993 186.9812454033608 427.7109648977161 354.23990453433805 1.5564104 1.6979592 4.2753053 -3.67563 1.7793542 9.232399 1.5507028 100.70914407574824 
Car -1 -1 0 356.11430501537745 191.52319726686292 484.28134611026053 283.6661571660796 1.4503951 1.6049145 3.9258454 -3.5376039 1.8680549 14.152765 1.5366293 52.71673907452077 
Car -1 -1 0 435.41365739751217 187.9506519386678 518.9233810616132 252.02911929296644 1.476626 1.6348636 3.9851108 -3.477841 1.9286249 19.589504 1.5442076 38.002892826049525 
Car -1 -1 0 522.506829091107 182.66106333950555 559.2435788156927 215.0986792602889 1.5666444 1.582248 3.821781 -3.5609107 2.1080642 37.919853 1.5666124 12.897915711139401 
Car -1 -1 0 473.3902960077437 186.794285109919 540.8268553196272 234.73016571409008 1.4583287 1.6222888 4.0068502 -3.4822936 1.9840105 25.172201 1.6141002 19.78343357434182 
Car -1 -1 0 281.9374833859741 152.81620731767543 384.60601563208775 202.85818982622493 1.4899766 1.6034192 4.106163 -8.884644 0.8933606 23.575775 1.6233014 11.943879314569573 
Car -1 -1 0 630.7235551735578 178.90321475442562 656.338146032183 198.00941524013635 1.4827628 1.6147413 3.9085076 2.7578254 1.9966699 59.284344 1.4893504 1.8521993005511146 

