Car -1 -1 0 147.66620985894912 176.5623019578358 359.2052247402552 250.44355912236475 1.5442145 1.676172 4.321425 -8.4758415 1.645833 17.538797 2.2109444 34.48274184458106 
Car -1 -1 0 158.3923416010903 176.80292376645136 329.29634332680325 238.02398784793047 1.4953644 1.5841421 3.8978279 -9.9649725 1.6153042 19.899588 2.2473788 23.94906798471017 
Car -1 -1 0 180.82934986066635 180.9282044100487 394.8728228770767 302.4824534079854 1.4710611 1.5788085 3.63805 -4.8982263 1.611835 10.775911 0.73341507 112.69567164746209 
Car -1 -1 0 78.53634458366376 177.13228584782527 226.51177587917883 223.53305625885963 1.4562008 1.6206306 4.0426135 -15.801788 1.617605 25.125748 2.228061 20.868933739452302 
Car -1 -1 0 337.26138035297913 169.68259792008635 656.1329879333621 358.08441318265716 1.5785887 1.5897715 3.5076594 -1.3595115 1.552016 7.8230834 0.7504679 92.79563256768755 
Car -1 -1 0 231.40587079129438 180.96465677383995 425.0827562935651 259.0729024634975 1.4790096 1.586899 3.7185993 -6.1156154 1.6810834 16.022636 2.2329502 17.818891183718623 
Car -1 -1 0 0.0 172.83924558152066 63.64392209683004 210.15570224534403 1.5016792 1.5668374 3.524977 -24.714664 1.5010853 30.779022 0.71015 9.878251186439293 
Car -1 -1 0 97.44694552513471 178.92745541890915 245.15965208434068 229.93979065579381 1.447293 1.585305 3.6816435 -13.788214 1.6558944 22.855988 2.2572498 13.406024757295917 
Car -1 -1 0 9.445930616370703 177.13933786696168 133.37215926301005 216.53603169579893 1.4675026 1.6079952 3.7591074 -21.743492 1.6529021 29.259487 2.268413 2.088053900535585 
Car -1 -1 0 52.612379568386274 176.68886636328259 197.6686879481229 220.44676423991731 1.452623 1.6399697 4.105854 -17.648586 1.604578 26.458565 2.2181458 0.7383836801370383 

