Car -1 -1 0 104.14251020763245 191.82820000019004 443.2197123891337 375.0 1.3970673 1.5494964 3.4656193 -2.7316172 1.6199684 6.741958 1.5728178 96.98176086639961 
Car -1 -1 0 474.5985554721148 180.7077392540557 557.6706946301783 239.95562089339373 1.4244454 1.6424038 4.4210835 -2.4855695 1.668269 20.169647 1.5964757 54.36326695601848 
Car -1 -1 0 868.7741038733975 193.87610213690564 1242.0 375.0 1.4227192 1.6216183 3.7537622 4.1929264 1.6933935 7.386346 1.5359935 91.35821270293182 
Car -1 -1 0 381.30289913420756 168.11321248537482 525.910159047024 277.82038114140124 1.6893716 1.6520436 4.1590586 -2.649212 1.6163685 13.210935 1.5964525 124.0335398508116 
Car -1 -1 0 41.64746455352788 169.8956108387433 174.99964702196124 226.848594028519 1.5484098 1.544409 3.344769 -14.653609 1.4679785 21.313175 1.6029723 81.40089946491204 
Car -1 -1 0 164.4403949072304 173.25883547177176 272.69599169942603 216.5491795768688 1.4857452 1.7142946 4.4431696 -14.48598 1.5021727 27.042189 1.5525727 93.83564715616727 
Car -1 -1 0 275.2159606299499 174.38001694798663 343.6077624608594 206.7061987216426 1.5018269 1.6547039 3.9726114 -14.764341 1.5816075 35.716614 1.5949011 58.63974239847194 
Car -1 -1 0 886.378766356828 182.84562833761348 1017.6750425983344 224.1874778831404 1.4939672 1.6650568 4.2324934 12.972003 1.8873693 27.468948 -0.05146534 71.11317230401944 
Car -1 -1 0 1009.0166778197091 183.025044380295 1226.2780695117983 256.6460638956942 1.6885811 1.6979454 4.162165 12.339152 1.9506457 17.694038 -0.023155106 78.69222322837625 
Car -1 -1 0 332.82639229636385 173.7117286351594 388.1496029870378 201.15413157271593 1.516314 1.6463313 4.244402 -14.469993 1.5689745 42.150818 1.6040204 11.738221149845637 
Car -1 -1 0 710.9071419931009 174.33260050841233 785.2249084504534 228.8742952905865 1.6536658 1.7242993 4.3008575 4.525831 1.7076032 24.157326 1.5862647 56.51355557096574 
Car -1 -1 0 507.17428472529383 178.61094118107903 558.9957551439138 223.32888321194457 1.4990418 1.6283408 3.6738312 -2.74487 1.7255626 26.52878 1.538979 23.829957460111306 
Car -1 -1 0 522.143012054406 173.27682414548008 564.2639048560545 215.92113361884591 1.7324157 1.6441532 3.832036 -2.8217514 1.7519023 31.302385 1.525362 17.697725508520588 
Car -1 -1 0 548.2463462555086 176.46330133402265 587.0162388810405 205.93456163844442 1.5112584 1.5187659 3.4595647 -2.2371054 1.7166419 39.250496 1.6901604 6.133274143340103 
Car -1 -1 0 662.8987182249206 178.97475321761527 693.0712369082003 201.17110035073947 1.4392693 1.4884065 3.4001672 4.660968 1.8741417 49.509388 1.4892408 8.772593662697487 
Car -1 -1 0 950.9398310575104 178.4118295081938 1086.7032959403336 228.24665868823536 1.6178617 1.620877 3.7564528 13.880413 1.8145087 24.5825 -0.073921286 2.283058234959307 
Car -1 -1 0 482.8102760054129 171.87548516623315 506.46356881434514 188.24438160386796 1.5945815 1.672416 4.0852933 -11.48891 1.4992588 72.34196 1.5835197 0.8338616740815655 
Car -1 -1 0 567.7194898884179 175.50148462270153 594.2879751534317 191.02157669255058 1.4528253 1.49794 3.7264225 -2.8069596 1.7178986 70.23497 1.2144766 0.275547593832016 

