Car -1 -1 0 679.3293344840259 176.3552795160515 741.2429188680901 222.0239968064602 1.6560863 1.6127126 4.0978312 3.9056582 1.8050046 28.588064 1.5000436 52.99243033640297 
Car -1 -1 0 0.0 187.80246589127336 209.4380927923833 268.0469478847114 1.4022603 1.6113789 4.032456 -10.5632715 1.7417791 14.795123 -0.4434848 86.76437752298197 
Car -1 -1 0 267.3374663939146 183.09358866868664 427.292367690103 248.38289314295747 1.4671166 1.5838486 3.6567645 -6.5710526 1.7441192 18.09047 0.3907735 122.46551170244464 
Car -1 -1 0 469.6996111381925 178.27512095959364 508.50477547522553 203.85735950870705 1.5216124 1.6244224 3.7386622 -7.571081 1.878933 45.643356 1.631489 16.89535576654026 
Car -1 -1 0 664.835834495059 179.08412282421628 707.8084612605709 213.8362583040362 1.5359265 1.5754688 4.023164 3.6255932 1.8524858 34.638596 1.5553045 15.142564652495727 
Car -1 -1 0 76.59965430847234 174.3411096966236 153.77755967187088 215.21294711532255 1.3870467 1.5782447 3.969996 -18.23289 1.4466383 26.777756 1.1777543 10.15992783761256 
Car -1 -1 0 388.055010324579 179.84121996016086 452.1890460592327 218.6039295792022 1.5610418 1.6588377 4.2592897 -8.30062 1.8914268 31.973839 1.5878763 6.832880088198261 
Car -1 -1 0 496.03257150791944 179.25596049474825 524.0931849436761 202.2852162571975 1.5373989 1.5705247 3.879268 -7.0252156 2.0092976 51.222904 1.5401024 2.601116558417078 
Car -1 -1 0 826.5316231115885 144.36051277554284 863.0030479458959 164.56576913200232 1.5372252 1.7100942 4.021949 19.045446 -0.6961906 58.581944 1.5879998 4.753110173577755 
Car -1 -1 0 650.5796398906036 178.854173510028 694.1837859893764 207.51880814076725 1.5045397 1.5843127 3.6946251 3.4871793 1.8587167 40.639725 1.4084072 1.3495792532059367 
Car -1 -1 0 357.0836974133245 182.21221688073962 430.2672500750228 224.02449284297737 1.4718668 1.5942827 3.4715135 -8.288963 1.8580508 27.987667 1.6417801 0.9641310907780902 

