Car -1 -1 0 672.9925073897964 180.80403969185372 773.1234199113705 249.27936163633044 1.5310445 1.6061218 4.133054 2.8132193 1.7612258 18.759455 1.4787627 92.08215629876378 
Car -1 -1 0 733.5057960738287 183.01279487644982 899.2867020722392 297.7666115460955 1.4872215 1.6070194 3.8108888 3.1064153 1.6775274 11.603314 1.5807469 82.81477604453305 
Car -1 -1 0 806.3309623824292 190.6024693226485 1232.5960357592994 375.0 1.44388 1.5870962 3.8726797 3.045576 1.6483762 6.3710117 1.5786119 75.79162612720722 
Car -1 -1 0 340.07336540276975 175.56627781144823 515.5532634131345 232.68775726571585 1.4679321 1.6780471 4.4059067 -4.8242016 1.5454781 19.633152 -0.072394036 82.78502063755859 
Car -1 -1 0 401.3431041771262 171.99370120159506 539.6138333406662 223.69355331602938 1.7433867 1.7536867 4.5415835 -4.7826505 1.7143762 25.28707 -0.03504659 60.85143209468017 
Car -1 -1 0 667.8780997751367 179.34913172548994 731.0117143106155 227.19350889743728 1.5390081 1.62138 3.8305957 3.1175497 1.7877547 25.685705 1.5292534 18.648220124921348 
Car -1 -1 0 0.0 193.27051425916258 365.6108801890697 361.39350774347906 1.4277987 1.6180288 4.0822797 -4.7638187 1.6577456 7.235347 0.04059264 47.816395709844656 
Car -1 -1 0 652.8372100634278 181.68090961521654 699.5232592612654 219.55749477225478 1.4746662 1.5613296 3.648953 2.7852144 1.8739893 30.796875 1.5436524 17.972658619232305 
Car -1 -1 0 443.538032280994 178.3248327334236 552.3788735423501 216.2824037259415 1.5123378 1.6581402 4.297787 -4.5591717 1.7460978 29.920294 -0.037895944 21.37334082032596 
Car -1 -1 0 648.7848203555259 180.905947860252 691.4842917956636 212.6738011873323 1.4494421 1.542378 3.5397458 2.9445806 1.8679266 35.67376 1.4892826 4.146578092641357 
Car -1 -1 0 633.6309756830441 179.95001504649883 668.9864270660393 209.4104798297838 1.5570102 1.5734596 4.033855 2.334515 1.9822352 41.1812 1.5165763 1.3965474993471925 
Car -1 -1 0 482.24693489336033 173.88565583592097 564.8221862569129 208.16132647071294 1.7205788 1.6791518 3.9450214 -4.4322176 1.775716 37.42567 0.15678717 3.0808232932526396 
Car -1 -1 0 556.4575834772028 175.0502400440226 574.8671685886759 195.26008475461154 1.7510976 1.6041503 3.8434668 -3.932167 1.9546282 64.90556 1.5183566 1.237661887835824 
Car -1 -1 0 519.9004609861555 158.5245966125734 547.317466420431 172.03589186203743 1.4618428 1.593502 4.1351595 -8.444499 -0.09382534 80.54162 1.8551824 0.3095957636833191 

