Car -1 -1 0 668.6427555892614 172.41683488539852 776.2292630380962 257.01334816430045 1.5802159 1.6335895 3.5388367 2.2585015 1.5720499 15.269154 1.543269 104.50070234427828 
Car -1 -1 0 119.37668520487173 202.93288181459704 246.96687037761538 268.1645982089369 1.4845207 1.5546706 3.8681004 -11.790421 2.4117334 20.249949 1.4872006 33.99808828351338 
Car -1 -1 0 117.01481186127413 199.10345169159888 426.52475900380813 355.03917641407634 1.4348238 1.6432261 4.2749524 -4.4117546 1.8375039 9.173065 0.6082649 137.06644465139317 
Car -1 -1 0 405.24725306079796 181.97939264561055 525.3835091191396 226.91555550510637 1.4360596 1.5975614 3.8527222 -5.067254 1.7813439 25.538128 -0.614457 75.45502171732049 
Car -1 -1 0 0.0 202.98712350856536 152.50925953500268 307.7687222516901 1.6829226 1.6856682 4.277514 -11.630738 2.4009943 15.017497 1.5227968 74.29510902132743 
Car -1 -1 0 292.71206682495654 190.4362095537791 489.91206947492066 269.42752756836694 1.4031544 1.5877852 3.9078565 -4.5821743 1.8089776 15.084859 0.45322037 63.04109456733142 
Car -1 -1 0 210.5227011765105 193.0986136415086 396.9111036201824 291.88518757935043 1.429853 1.5328044 3.4304156 -5.466374 1.8342648 12.766247 0.64916307 16.367670989812446 
Car -1 -1 0 628.4695971549824 165.77697379012622 678.8897285556234 214.8059887386801 1.8280746 1.6235508 3.6764314 1.6967635 1.5642035 28.776537 1.5248033 48.27934352611357 
Car -1 -1 0 608.0031211754618 175.71025358669968 631.3157221965106 197.4740013065534 1.4821856 1.5827272 4.0179095 0.69110656 1.6947528 51.683105 1.563053 6.0344102173435585 
Car -1 -1 0 683.0990490331583 171.81768014965277 769.9416213187396 204.72860802535718 1.5253606 1.6082438 3.7934353 5.6022377 1.4773289 34.680164 -0.24381949 1.8975980983574967 

