Car -1 -1 0 966.1114313365127 155.50419765835716 1152.442600863985 232.77264882214885 1.4445587 1.7163932 4.55085 9.575396 1.1201985 15.852558 1.693186 73.49154980397289 
Car -1 -1 0 727.1154303402391 169.8423017691608 809.362408235193 238.18413616690543 1.4054879 1.6784813 4.223254 3.8529158 1.3435506 17.09663 1.836126 47.88968761700849 
Car -1 -1 0 565.9265136568539 174.20187482963834 692.3870137453038 231.75366553141242 1.4256889 1.6591278 4.1041613 0.6601236 1.467402 20.15291 2.1370726 81.95468758062388 
Car -1 -1 0 1054.8606533853736 155.17488604037607 1242.0 224.63026921759237 1.4172902 1.7069 4.1685486 12.552275 1.0565343 16.823837 1.5515559 35.731850737655876 
Car -1 -1 0 524.5471012285 175.10418384517297 630.6221526562242 224.97841939798997 1.4123147 1.5840732 3.6826808 -0.9136726 1.4890082 22.602066 2.0958886 32.00957179379755 
Car -1 -1 0 487.282386809395 176.06802379077487 589.6983314413675 221.22021549790426 1.4184533 1.6043929 3.9271913 -2.3749692 1.5395318 25.074413 2.0727584 19.079589128829355 
Car -1 -1 0 172.48626960879358 175.73010462073006 266.0709015585874 241.5556444101953 1.7360029 1.7636889 4.4793973 -11.732987 1.8310935 21.543377 0.91426414 70.94847436418203 
Car -1 -1 0 830.4880632398047 177.12169814721128 923.8645365204211 216.82264195450685 1.4672279 1.6045041 3.8513923 10.716921 1.6481159 28.814356 -0.6168096 21.86493698728449 
Car -1 -1 0 780.7461247422713 178.87951644454674 869.7938135760442 216.1317111015708 1.4895406 1.6084254 3.8887155 9.351541 1.7647486 31.188866 -0.6042589 17.222029095694833 
Car -1 -1 0 413.9449864546807 178.2544721501519 504.06575569027586 216.0878399763279 1.4020511 1.5751984 3.9801416 -6.059357 1.6387638 29.487999 1.9897578 12.193129241901023 
Car -1 -1 0 890.1149144818153 174.26469247713052 993.0934531933196 217.33138739462706 1.4857912 1.6177124 3.94445 12.344485 1.5415463 26.76272 -0.5779006 13.665228470657107 
Car -1 -1 0 438.72872925614286 176.23483914500014 534.0638503014169 217.4224091481928 1.3974617 1.5956546 3.7874262 -4.4970007 1.5329798 26.87019 2.0219073 13.694506903849966 
Car -1 -1 0 700.1647643529874 180.43806852628765 781.2355492355367 212.8626194583185 1.450152 1.6004477 3.8982158 6.3697033 1.8357277 34.894844 -0.62404406 11.224376050318787 
Car -1 -1 0 940.1608501930749 171.8349022062606 1051.4482655210707 219.81852830404594 1.5370643 1.5962446 3.7066145 13.2397585 1.5044193 24.705132 -0.50249654 5.617540764881091 
Car -1 -1 0 1129.578122394416 151.41257982718113 1242.0 221.72602323906125 1.5285146 1.616073 3.903734 14.575938 1.0624084 17.783182 1.8459123 1.6379412093416663 
Car -1 -1 0 252.18691579730697 178.05548496193924 277.9271628779999 195.96689132639594 1.4663882 1.5720775 3.8697293 -29.778088 1.9304911 62.32267 1.0101774 0.6607518333858022 
Car -1 -1 0 670.7551871323551 179.97684349962927 748.9722322095611 211.48058791260124 1.5024673 1.5949061 3.7764225 5.1301813 1.8819679 36.79896 -0.5312523 2.2804484671265337 

