Car -1 -1 0 929.2082965768694 184.22784418592656 1012.3532672535 217.6752689019406 1.4079531 1.624787 3.8261902 16.56827 1.5875039 32.156994 1.510835 39.8911786185594 
Car -1 -1 0 877.3421544715761 180.96886288090627 944.6350288231298 217.49896245687128 1.5750682 1.6208315 3.482068 13.931557 1.5973268 32.288067 1.5918868 26.357856558720936 
Car -1 -1 0 605.1041862792076 175.6179437282826 634.6548492012382 199.78067217199336 1.4868159 1.5599895 3.4269319 0.9771731 1.1859996 45.275494 1.4939139 17.19572847797262 
Car -1 -1 0 983.6623751188907 185.2377270487098 1071.2461524671894 219.22520469486648 1.4461814 1.5897259 4.025352 19.44078 1.6783618 32.673748 1.5552449 18.116572907754406 
Car -1 -1 0 1129.2865884467715 189.8274489653952 1234.3054852786836 224.34115917844224 1.4278165 1.5229155 3.8482614 26.226639 1.8790538 32.269238 1.5201901 4.317995189067504 
Car -1 -1 0 306.50495239402244 170.46690721438307 361.96801701495156 196.26840748091854 1.5498077 1.6213067 3.6714485 -16.884869 0.9467573 44.414192 1.7362381 8.754910540287085 
Car -1 -1 0 486.9884415902358 171.8496020325202 516.5901873153975 194.03516066484642 1.6290658 1.6669247 4.06501 -7.7628574 0.9933896 53.951317 1.5717719 3.3785014441706434 
Car -1 -1 0 454.53781710022434 170.3116907680475 475.173041549108 188.03318444780695 1.5500193 1.5831721 3.543711 -12.576901 0.65831584 63.759453 1.3067791 0.34961050748825073 
Car -1 -1 0 1065.1156908965463 180.79624366991433 1190.4063536218052 225.16637854111138 1.6817179 1.6577995 3.7812448 20.50317 1.6934832 27.766098 -0.067772076 2.8944875743570013 

