Car -1 -1 0 662.9690068032871 170.81862711421294 1009.3835822943279 278.6787050905478 1.4436238 1.6938183 4.5668497 3.1022506 1.4163818 10.591509 0.038549993 160.4003364315859 
Car -1 -1 0 945.4907516078488 169.81651339477472 1173.648946564114 238.02582427107177 1.4872015 1.6593848 4.193976 10.269066 1.4209735 16.714188 0.073845014 106.05060298824321 
Car -1 -1 0 257.8928197736085 179.59309143293368 368.508535040663 224.99218788293084 1.4936372 1.5409856 3.191836 -10.207233 1.7355766 24.961212 0.11107969 75.63381586512162 
Car -1 -1 0 666.8413515813261 169.67012543295363 758.5926875752555 211.44701401323215 1.4093359 1.583888 3.7803922 3.8219728 1.3019283 26.305325 2.256596 60.559294124897576 
Car -1 -1 0 592.3872739499823 170.7874715654545 681.9735572279768 213.77192871909034 1.47465 1.5418732 3.3623114 1.0641272 1.4037544 26.533195 2.2763567 65.55433138596828 
Car -1 -1 0 704.5920531632422 170.7351383684671 897.2862981407844 238.5090961400087 1.5137401 1.6595445 4.2701144 4.461523 1.4664149 17.292997 0.16915227 65.82386851362398 
Car -1 -1 0 1105.0993192245808 159.07432595972614 1168.639615183699 204.11934780368406 1.4589692 1.5441368 3.5507026 18.39412 1.0126574 25.284706 2.1292763 15.80249044934828 
Car -1 -1 0 750.407567080761 170.64542135065037 828.1237584447694 214.44726218491968 1.4497759 1.6066298 3.5749257 6.486673 1.3766751 25.816877 2.1518726 8.421249249370875 
Car -1 -1 0 934.9357202268557 158.73347295664772 1020.4173197849076 203.95384809649116 1.504277 1.5660429 3.530286 13.181757 1.0345509 25.767168 -0.7354154 15.710652458877645 

