Car -1 -1 0 744.329956156299 185.49428960339296 857.9023123895382 268.4265630029944 1.4412601 1.5887144 3.9446416 3.8703308 1.7425754 15.177801 1.6391908 85.97298669532148 
Car -1 -1 0 697.7974255802264 181.6868388977674 760.4120130420151 225.39400689033366 1.4887033 1.5733588 4.15427 4.471879 1.8514202 27.527712 1.537807 33.05401042982128 
Car -1 -1 0 728.5497112551977 181.50354390493516 805.2045081370795 241.97240688226063 1.4973165 1.6021563 3.7736382 4.3366795 1.7646928 20.36311 1.6452928 42.97790425618247 
Car -1 -1 0 793.1303426983509 184.11759177830209 1056.7340089602912 342.9020089947 1.5072465 1.6252517 4.272929 3.675962 1.686263 9.311362 1.5960596 74.3985492884974 
Car -1 -1 0 56.456215338631004 177.00560598576584 449.087858581222 321.95737388653953 1.51794 1.618318 3.8683882 -4.030515 1.5723426 8.531938 0.059685 123.16623977971396 
Car -1 -1 0 309.91055648729093 182.59430125291433 538.472003894402 266.578071720288 1.4569076 1.5992391 3.9324734 -3.4735734 1.6581482 13.83636 0.14266229 37.34618926163573 
Car -1 -1 0 198.74538544331787 169.0137891913712 498.5794315404503 289.22242365726873 1.6778729 1.670079 4.0044374 -3.8766613 1.6242712 11.090836 0.094168626 73.26439985265867 
Car -1 -1 0 509.1446301439652 172.0584242893271 603.8908660972627 209.23652366507366 1.7311271 1.7329636 4.37623 -2.4827442 1.6940825 34.507584 0.02022617 33.0187902841638 
Car -1 -1 0 686.8745151741618 180.72934029286455 723.671723652463 210.13534759852678 1.5013708 1.5404366 3.6583998 5.2129407 1.9541054 39.64949 1.5718601 9.747072851872865 
Car -1 -1 0 472.1257817931105 176.0875182925048 580.704781729783 217.01433502232254 1.579706 1.6672555 4.1430807 -3.2582762 1.7126012 28.81849 0.0012507306 15.91571124103042 
Car -1 -1 0 551.6730879689096 175.05286173167528 619.0339124055711 200.99223110193964 1.6249895 1.6656684 4.0854836 -1.5420676 1.770599 46.591694 0.18205217 5.199857808971018 
Car -1 -1 0 343.99653221163584 182.54512495111882 534.8070224503947 250.7218844825002 1.4352609 1.604312 3.946832 -3.8323677 1.6717466 16.548944 0.13379934 9.984335805736249 
Car -1 -1 0 531.5139675687927 178.87707124817527 608.2177383039071 207.9549826845566 1.5248568 1.6256618 4.0516768 -2.1024203 1.8572197 38.996384 0.0031804016 2.076827945433145 
Car -1 -1 0 698.7924130610024 180.954952932186 739.7032842032744 215.68457270712167 1.516633 1.6085913 3.4933999 5.1389475 1.9200487 34.138657 1.6323819 0.535568162491264 

