Car -1 -1 0 212.15393104498781 187.1481828012467 282.6963038260539 235.3141979728425 1.5067102 1.6197927 3.73364 -12.844881 2.057637 25.789639 1.2831014 67.63339307262987 
Car -1 -1 0 601.4972752472831 163.72618528191077 790.1280102956865 272.3925247755078 1.5811534 1.6454141 3.9830756 1.3058926 1.4483387 12.652146 1.2149935 137.3416443788629 
Car -1 -1 0 421.7356260249696 179.01256719910674 480.53260846680956 222.5584730175904 1.5002604 1.6934118 4.394673 -6.1941023 1.758302 27.878332 1.2318755 32.50382508976982 
Car -1 -1 0 936.3021988419664 137.4350805679991 1038.991146967968 173.39221352656935 1.4464114 1.5801084 3.8059835 16.183624 0.021650016 31.084858 1.1908559 32.175607404412354 
Car -1 -1 0 339.2941156376784 183.67628386377217 386.38851586395015 225.42220797849873 1.4381485 1.614328 3.5973651 -9.517226 1.8851552 27.838884 1.2377552 24.882071808160042 
Car -1 -1 0 1042.0178607539879 123.46920538596699 1154.3125957076174 161.20443581630235 1.5170572 1.6986139 4.011855 21.886574 -0.55990946 32.512302 1.2734561 5.1017010472316615 
Car -1 -1 0 825.1030220821125 149.1598971189683 958.3519387098369 202.8302005154322 1.7780428 1.717982 4.169452 9.8751335 0.99308103 25.309563 -0.28231505 11.7201334860339 
Car -1 -1 0 411.0019444281806 182.37629209384568 451.45189814181316 216.70289041408302 1.5259833 1.5842288 3.7788267 -8.756205 2.018228 35.25464 1.2381603 3.190950418990124 
Car -1 -1 0 409.2940650928525 182.55419746562217 434.66296327625133 206.93695358735724 1.5016565 1.5346398 3.6720402 -12.502617 2.1733594 47.986984 1.2895342 0.7740316614945333 
Car -1 -1 0 993.6707866563615 129.20583455419904 1095.2151426896962 169.115681008 1.617496 1.6460264 3.6425676 18.937908 -0.17397082 31.596308 1.2754239 3.9288275766574072 
Car -1 -1 0 412.7243351874018 181.36641292124673 447.75811037473426 211.1522398801325 1.5654399 1.6028473 3.5922914 -10.22463 2.072291 41.002068 1.2334697 1.188263379655305 

