Car -1 -1 0 355.26031939355073 193.2224171424277 452.24905578489455 258.26938074028544 1.4408946 1.5668023 3.5905125 -5.27558 2.0260403 18.921587 1.5557799 53.597688585200196 
Car -1 -1 0 78.09607326673076 189.36211288161098 216.2727620039906 241.56212957061146 1.4129419 1.663392 4.33774 -14.582248 1.9907584 23.08059 1.5637715 27.044084946018746 
Car -1 -1 0 0.0 178.5292602878226 348.55042910936413 375.0 1.7120099 1.720749 4.318885 -4.736311 1.7960209 8.514713 1.5787618 130.2357770396617 
Car -1 -1 0 450.23252458978436 187.1439930860021 507.14636285472153 228.05214432296654 1.4920088 1.5713859 4.1734543 -5.3356533 2.125021 29.870092 1.5779501 18.8070587824947 
Car -1 -1 0 402.98763821429094 190.11598487468183 463.5048043695148 240.75549678423332 1.4532169 1.5229799 3.3881667 -5.713145 2.0621977 23.684174 1.4549248 19.848413502791132 
Car -1 -1 0 7.936976580869638 183.88095839408948 147.07513377208053 229.15161481496642 1.6024659 1.6620357 4.098558 -19.845793 2.0301404 27.001863 0.07518044 27.086719427891246 
Car -1 -1 0 280.1770694109498 185.21708569977594 362.2954432537492 230.25094791647257 1.45227 1.6053287 3.7765489 -10.55404 1.9360278 26.285519 0.8489448 6.170264252935119 
Car -1 -1 0 249.32898943629414 185.01613492479535 353.6621003657721 232.75155278335887 1.4785495 1.5842746 3.722149 -10.676591 1.9277623 24.936234 0.6086998 3.4016230026194383 
Car -1 -1 0 496.50219690582946 181.19716843826407 522.7241967585317 200.24016864186447 1.5594647 1.6158322 4.1344914 -8.69015 2.3121307 63.004837 1.5968612 0.25955355167388916 

