Car -1 -1 0 765.9200658775803 156.41174575292163 1163.9093276886617 375.0 1.6197253 1.6236793 3.6883848 2.5215268 1.5216639 6.1591835 1.5855141 112.05392342958069 
Car -1 -1 0 268.81409744165006 185.597924468093 488.79386232915914 265.8436945448378 1.5185962 1.6793789 4.42001 -5.1071124 1.8410285 16.27034 -0.6336407 152.06407826961507 
Car -1 -1 0 656.264967593493 157.3537886187226 731.8497229394716 234.67365104541096 1.9059709 1.6053579 3.7821112 2.2058296 1.5238833 19.680267 1.5670824 88.17266487911442 
Car -1 -1 0 0.0 208.44118636603088 64.30346730970766 252.4661411430378 1.4366097 1.6023133 3.5864408 -22.924824 2.9462929 28.65594 1.0455141 25.24832834938647 
Car -1 -1 0 0.0 209.51077700173732 184.43414316720987 290.5335389438578 1.3785996 1.5288888 3.8210616 -11.240046 2.2886152 15.97238 1.5301524 25.56938159559787 
Car -1 -1 0 727.3006494937737 167.71734389604663 845.927632010594 212.527330542497 1.4995395 1.5960667 3.721352 6.183209 1.3276442 25.325089 -0.21659634 30.8228345032685 
Car -1 -1 0 391.68344788641883 178.77528473941913 432.2723728659719 206.1971289113866 1.6009158 1.6061945 3.939162 -12.263848 1.9865701 44.99142 1.5275071 6.540606489570222 
Car -1 -1 0 622.9712518042188 177.24994711816706 656.7085272690533 203.94373711112237 1.4704161 1.6259897 4.002013 1.8285066 1.7422483 42.52614 1.7047088 1.321917455724086 
Car -1 -1 0 612.4388809611662 175.13495393095067 631.4722193102313 192.67751542084596 1.522793 1.5656692 3.678931 1.0922555 1.7340618 64.97381 1.5473807 2.1634294412282578 
Car -1 -1 0 178.99412384082868 195.6318286270875 231.90797518134386 236.90308873765355 1.4994696 1.6418389 4.0365562 -17.23991 2.5360274 30.70229 0.9789049 1.268486750530032 
Car -1 -1 0 467.55100893429653 178.85849979427417 542.2501990148938 208.56217585575945 1.4836948 1.5693505 3.540883 -5.4696684 1.8086752 37.799347 0.28603467 0.49453625082969666 

