Car -1 -1 0 421.4886573918112 172.10195425905007 519.0409340859082 228.18751994265307 1.6947334 1.834705 4.484761 -4.5217795 1.6720088 24.15351 1.7148695 70.63295299743997 
Car -1 -1 0 300.4199627901034 184.0750712490988 421.7525046644462 229.25990676342892 1.4202956 1.5531609 3.5582623 -8.329991 1.8149921 24.298481 0.1792329 16.105485553701495 
Car -1 -1 0 0.0 192.84242799880352 230.6575518432587 285.1131728670669 1.4102294 1.5814153 3.857017 -8.8061075 1.7776747 12.344916 0.06753098 13.832955660446471 
Car -1 -1 0 249.94966786958625 183.92503072866523 398.4149842821038 235.31350416969897 1.4281132 1.5832553 3.8038058 -8.42522 1.7723937 21.45641 0.10221432 14.652052920526074 
Car -1 -1 0 79.45172477292137 180.97983197737747 299.24088033737416 263.37695897239945 1.5722439 1.5969609 3.5990078 -8.507692 1.7486322 14.800223 0.035743363 45.2279825217179 
Car -1 -1 0 207.31903331285298 182.7861906524385 368.12318563959485 243.10650354085524 1.4964745 1.568226 3.5515132 -8.419399 1.7706274 19.050844 0.04625243 16.64929153028327 
Car -1 -1 0 309.1950073145429 184.00310839562496 424.34482101043716 224.07862779767018 1.4086145 1.5721799 3.783832 -9.047283 1.8422244 27.00555 0.14796734 4.628172656707586 
Car -1 -1 0 140.13547715520767 176.20805337160908 332.5167053831064 252.7220658320719 1.6919138 1.6308663 3.6836827 -8.65547 1.7747201 16.923336 0.041032247 17.246601266454398 
Car -1 -1 0 360.91336862782913 178.31056885219246 434.5153621614464 209.16710875141928 1.416739 1.5682139 3.7855575 -10.463549 1.6990216 35.543224 0.66386163 4.216839780029773 

