Car -1 -1 0 722.8829181313497 177.96097564136699 840.9751126132676 263.5107828535233 1.4923068 1.6155136 3.9235387 3.3759704 1.6112348 14.8132715 1.6066271 85.890757912851 
Car -1 -1 0 680.060038704005 174.6791239880169 731.5900440211149 218.28450749463826 1.5755854 1.6145171 3.4633298 3.6689615 1.6507595 27.968426 1.5949862 67.1975501880263 
Car -1 -1 0 448.96592394894935 183.5795713119848 571.5111412142913 235.3765418249465 1.4080236 1.5731231 3.747671 -3.0938234 1.7635584 22.135012 0.67267805 47.163047925882246 
Car -1 -1 0 61.01216714778873 189.4713971747256 241.6864894536218 284.6337287156999 1.8503807 1.603812 3.9473467 -10.374052 2.2813957 16.720673 1.5973542 105.92795626680288 
Car -1 -1 0 234.33338698520555 196.23471919291111 454.68316981052925 321.70058352277323 1.4191155 1.5508535 3.5438142 -3.9776855 1.8188769 10.57692 0.73050666 72.26004461789624 
Car -1 -1 0 479.5652598291909 181.79529041417752 580.9900679702432 221.33045816639077 1.4115518 1.5720196 3.7633967 -3.117157 1.781106 28.166264 0.55178607 8.72827393604815 
Car -1 -1 0 516.3908403558019 175.5131240400369 593.3100905431645 206.28116429277307 1.5733643 1.6364406 3.813153 -2.9322739 1.7230371 38.902657 -0.56362534 9.078486628563674 
Car -1 -1 0 382.5807629580773 187.707076987514 546.3046844043661 262.8980909085271 1.4119866 1.6377258 4.134978 -3.3989477 1.791627 16.39945 0.78755134 68.73989516101231 
Car -1 -1 0 324.45543745823903 187.89233967121513 394.681782204978 230.11446631213676 1.4888711 1.5823079 3.957682 -9.909828 2.1327698 28.884586 1.5297984 2.3110797108889156 
Car -1 -1 0 659.4216964552351 169.76139918168826 693.7331924009709 203.07445139100957 1.8331184 1.6255338 3.746765 3.8173656 1.6629416 41.578285 1.5697831 0.2615809440612793 

