Car -1 -1 0 708.6344557056736 179.25867142664143 854.0338943296581 233.04021716545486 1.4775207 1.6120732 3.807489 4.8933 1.6703796 20.87617 -0.023715157 63.509022267081114 
Car -1 -1 0 746.1587310648023 178.43307176260905 1013.3863080526917 277.3146904700883 1.5798972 1.6512768 4.0938444 4.6388607 1.6860148 12.684941 -0.10683037 65.82959743922883 
Car -1 -1 0 864.6884303461017 184.03114164974176 1242.0 346.68306374281804 1.4628507 1.6135414 3.9858875 4.940622 1.5934747 7.5233383 -0.05189886 52.72424483350794 
Car -1 -1 0 792.8724665920636 183.42382080367017 1111.1414419806056 301.01733189290246 1.4484565 1.5730103 3.6917543 4.603915 1.6085796 9.993335 -0.083268106 53.4297189824515 
Car -1 -1 0 666.9156052383995 177.2357769018966 776.4856915866253 216.69600340851613 1.4849017 1.6126125 3.980389 4.41745 1.6659005 28.610785 -0.20464242 21.164316406743357 
Car -1 -1 0 490.79648337616385 182.83900900007242 527.5716017368192 211.7657487537293 1.5424979 1.6033907 4.025466 -5.77569 2.1500974 41.887768 1.5633268 10.069141112447033 
Car -1 -1 0 473.20879451351385 183.59680310899938 512.6367700414381 215.57807448638516 1.4890138 1.5573132 3.706399 -5.8882875 2.0641556 36.744694 1.5283427 17.024360532115917 
Car -1 -1 0 693.0967011387812 178.99213956487807 826.8197458390671 225.3625592450155 1.4306138 1.598824 3.9685864 4.8367596 1.6386037 23.482908 -0.08568943 16.80932164174587 
Car -1 -1 0 624.0076211831702 173.97864171684313 670.6417813839392 190.34306274882496 1.4493725 1.600111 3.9392126 3.4349496 1.554441 65.76997 0.49462926 12.264311335721743 
Car -1 -1 0 424.7759943878903 184.24076584180767 471.93579992337493 224.94641144456338 1.4799383 1.6375964 3.5497139 -6.454633 1.9698861 29.16566 1.4147382 0.898564242735341 

