Car -1 -1 0 207.7921015454972 192.35416886426964 355.25707404634403 240.41291799548577 1.4291064 1.663267 4.4067407 -11.012297 2.134347 24.44507 -0.41533172 56.27898003926551 
Car -1 -1 0 660.5423726224259 176.19984146784526 701.1046646426654 208.64965817377725 1.6196572 1.6034557 3.95753 3.7421694 1.8072447 38.441277 1.5263853 16.4333706203686 
Car -1 -1 0 423.39509996052516 184.1132012537596 529.985117371875 227.71908309284925 1.5056368 1.6065257 3.7586162 -5.0343685 1.9558408 27.28626 0.46807313 83.95399228469064 
Car -1 -1 0 409.3787859697242 184.87154078115307 468.08092121527005 216.67844868839938 1.4619584 1.6917518 4.3605566 -8.696531 2.1170611 37.094254 1.6470428 24.981624055504028 
Car -1 -1 0 0.0 194.5258212958045 166.97276031552795 255.69444375501521 1.4559655 1.6664224 4.0345917 -15.327602 2.1451368 20.814613 2.1813362 54.55884191633759 
Car -1 -1 0 98.51193107588374 186.62804974040648 235.42458240423886 240.35698117645896 1.6597371 1.6596917 3.8779047 -15.348658 2.1747303 25.111486 -0.6814024 35.99899260037951 
Car -1 -1 0 1081.4087572095882 158.28975610925357 1242.0 215.76991323532746 1.5678765 1.5922277 3.589603 15.766813 1.17061 20.549065 0.040314034 18.522206624193466 
Car -1 -1 0 221.27693929438368 187.5122987629845 263.0513802497757 219.05745351213096 1.4177096 1.5601413 3.7959318 -18.468033 2.1986024 36.38655 1.1849725 9.363824192012162 
Car -1 -1 0 792.3954985899461 141.45010364344188 819.0152463426382 159.014038831519 1.5424367 1.6769396 3.8571937 18.570889 -1.3507782 68.44831 1.628368 0.5083212410374212 

