Car -1 -1 0 785.1326150966595 202.64642250648544 1154.7491695416218 375.0 1.3841224 1.5758059 3.9286609 2.990139 1.754217 6.9885144 1.5573491 84.36501553370593 
Car -1 -1 0 683.7764559242297 177.91120657900214 777.1562445650237 262.23143892831473 1.7574732 1.6667603 4.2303357 2.7830763 1.8946645 17.434649 1.6007208 128.84210976315418 
Car -1 -1 0 138.7509454452082 169.28414687825995 265.78835588042534 218.98420916813313 1.5265815 1.7335771 4.5409207 -13.592836 1.4169302 24.434402 1.572265 53.61588060529561 
Car -1 -1 0 581.785404486496 175.76098292493887 635.9399946226678 230.4587854397465 1.6527407 1.6546692 4.359852 -0.04776699 1.7591615 24.22461 1.5584718 32.09615393105974 
Car -1 -1 0 660.2328410345417 186.68345676155113 726.7180877879724 234.03251061413133 1.4214582 1.624228 4.2266426 2.8199832 1.9431355 25.067636 1.5221009 33.54521875064336 
Car -1 -1 0 243.23428641044282 171.5100234892917 318.73532325379716 209.14308029588483 1.4980755 1.5659702 3.7723417 -13.847738 1.4445751 30.628056 1.5453403 30.568397181139204 
Car -1 -1 0 645.6344405415061 183.55982888236005 698.1052928263334 223.36677881444604 1.4986024 1.6219412 3.992883 2.5465462 1.9785825 30.305843 1.5082145 22.432412211817798 
Car -1 -1 0 321.6547177295628 173.5463677738255 378.0587873830938 202.32414440382283 1.4841347 1.5739008 3.978983 -14.072582 1.5237813 39.312492 1.5906292 8.385378715665173 
Car -1 -1 0 635.157761701083 183.3192741655374 675.321475497517 213.758298089577 1.5422001 1.6166849 3.6548753 2.4694993 2.1465964 39.767944 1.464772 9.409084514935527 
Car -1 -1 0 427.7771058036465 176.57931891156082 457.7670877333819 194.7318491196333 1.4551475 1.5423644 4.0413723 -13.990195 1.7790446 60.703716 1.5834807 0.43687328696250916 

