Car -1 -1 0 659.8779808711964 176.35881077398793 756.9065817187194 250.7706742813641 1.5514001 1.6125414 3.5495167 2.2172463 1.6429752 17.033613 1.5120374 97.43788339012957 
Car -1 -1 0 750.2389851565662 178.02540585001483 1124.2709463761548 375.0 1.5221382 1.6290655 4.287661 2.7465382 1.5897135 7.2451696 1.518846 125.27378916450468 
Car -1 -1 0 631.4340241755895 177.25863282047953 702.5370503226263 231.41285117005407 1.4812903 1.6397258 4.2520223 1.6687816 1.6303712 22.255108 1.5179453 56.091219127757164 
Car -1 -1 0 149.47815597846008 196.41929724624552 393.81390501617483 302.379051424888 1.4128747 1.5454252 3.4571543 -5.5433416 1.8566062 11.964478 -0.6083498 142.12637151288948 
Car -1 -1 0 423.5758240659266 183.31146991590762 509.6518263651241 216.10847703611572 1.4544916 1.5927763 3.7417476 -6.85762 1.9813449 34.70138 -0.5443325 50.094330897981365 
Car -1 -1 0 233.0735911209889 190.66532789438892 442.9839429954168 275.43235819988723 1.48194 1.6141164 3.8317997 -5.628887 1.8995774 15.140084 -0.6277297 48.251131987522434 
Car -1 -1 0 601.4192109342929 176.28494374997396 637.8207196029088 204.65836734657475 1.5158789 1.6430604 3.9098432 0.5255505 1.7207804 41.065178 1.472258 22.06475402662528 
Car -1 -1 0 317.3506904541798 190.27125781615925 468.27918366883307 248.21459887522423 1.4257407 1.5959737 3.8081448 -6.123562 1.9631813 20.530378 -0.6002071 30.249941749598467 
Car -1 -1 0 457.86657334995493 179.79162353443718 525.2357790420019 205.16800065789414 1.5537267 1.6542925 3.999989 -7.659857 2.0224376 46.953278 -0.58530253 0.5149844273832787 

