Car -1 -1 0 430.14770737216986 155.80234530143832 1141.1882600986714 375.0 1.5581188 1.6705351 4.1581087 1.030858 1.4614409 5.133295 0.10188187 181.9299559725001 
Car -1 -1 0 949.3201887510389 169.99657181143152 1170.2473636483164 235.59055329317815 1.4321179 1.6251463 4.050597 10.282119 1.3697314 16.713995 0.074269086 97.88640220727544 
Car -1 -1 0 709.7060848743265 170.58923302564293 1041.9442852243508 276.5761527638626 1.4155504 1.6480781 4.283063 3.688903 1.3853023 10.592744 0.06239066 96.27083852488576 
Car -1 -1 0 254.64927903276265 177.15858528675514 369.96668658093915 223.97184749680545 1.5481234 1.5734369 3.3574219 -10.263108 1.703279 25.024712 0.12037742 57.29888503904875 
Car -1 -1 0 1101.8623657643573 160.22024818466022 1168.7168912426916 205.66763150275509 1.4741137 1.549422 3.4498806 18.335407 1.0643301 25.283964 2.0982437 19.65605158046586 
Car -1 -1 0 667.2393703426111 167.47122213361197 756.6787335194962 209.0975877647187 1.402988 1.528519 3.5792153 3.7681878 1.221565 26.175278 2.2790778 30.954946647942922 
Car -1 -1 0 749.5619481020275 165.86062664333474 940.9477621025545 231.335697413992 1.4566221 1.6282628 4.120474 5.4606905 1.3010406 17.171312 0.15335223 23.062811992251014 
Car -1 -1 0 934.3504694244091 160.44793864776 1020.1124653503153 205.04735947949834 1.4837301 1.568192 3.5703564 13.176027 1.0710061 25.784933 -0.7376227 15.348518460906012 
Car -1 -1 0 747.9463957919069 167.41288767520052 827.9663841649094 211.167115227162 1.4464865 1.5751833 3.538125 6.421035 1.2666067 25.750479 2.1921158 6.036465099742097 
Car -1 -1 0 586.9688551022505 167.1254977013918 682.0062255116621 210.32267374765465 1.4785054 1.5990214 3.5816169 0.97245663 1.2824364 26.5719 2.286671 12.017094934679537 

