Car -1 -1 0 515.8874238754378 183.11312631917608 561.0645419176054 222.0275264749806 1.4002941 1.6245291 3.4122143 -2.4595382 1.400406 27.223854 1.4692388 47.30482183834496 
Car -1 -1 0 197.52230266377967 187.67764678383222 361.09910572108254 314.46074382308956 1.7309207 1.6191273 3.7484624 -5.4792366 1.819652 11.766405 0.8988777 153.52188283071212 
Car -1 -1 0 333.4609627376535 191.87088605701248 385.8651875286807 220.75877744097778 1.4908069 1.6660299 4.02092 -13.543785 2.008553 39.756363 1.5430146 19.733215718430948 
Car -1 -1 0 579.1730099994281 178.19560919528655 606.578370807098 202.5385252990721 1.4859169 1.5564797 3.7193842 -0.53872013 1.1859131 45.050034 1.6095586 20.29279399742775 
Car -1 -1 0 300.25044570158974 183.57280190037625 345.8476089841455 208.84971853009023 1.6405585 1.618056 3.6515412 -18.787834 1.6730102 47.791817 1.578745 22.33682864935989 
Car -1 -1 0 363.10202790202817 190.48284794973708 405.16685039214707 215.85499136720813 1.4929558 1.5546833 3.7841823 -13.684924 1.9780895 44.62213 1.5511452 8.860315327197547 
Car -1 -1 0 607.3854807343773 166.51762243132427 720.1653151297725 215.45749384744508 1.7256918 1.6781269 3.9768188 2.1964836 1.1406062 25.805109 0.016640829 19.33405790706488 
Car -1 -1 0 520.7313673663272 177.54300599923636 556.0889744557276 205.77172783999592 1.5106963 1.5568751 3.4892318 -3.5129752 1.2127502 39.61048 1.6041279 2.6516099259916555 
Car -1 -1 0 391.19081998625956 188.20122854513906 427.2131701614535 210.7182873178529 1.5137453 1.5653224 3.6881433 -13.637416 1.8885922 50.21743 1.5671043 7.516031568286562 

