Car -1 -1 0 419.5182674546069 178.61331616961658 514.6685270093046 257.8586386939668 1.6868024 1.5994682 3.906176 -3.3471174 1.8430214 17.60769 1.5572697 86.00296261133163 
Car -1 -1 0 801.9633311039744 170.59189086637602 1167.893040205234 308.670069338567 1.5305549 1.6088748 3.7425404 4.489629 1.50548 8.948471 -0.079465315 132.97655911450457 
Car -1 -1 0 134.52116823441813 168.31764321485892 426.0115647356375 371.97310591644913 1.8098824 1.6336833 4.0746894 -3.449061 1.7695678 8.466825 1.5491704 126.14735038172498 
Car -1 -1 0 759.394907037851 175.7877687223138 1038.9364600560918 281.603829785301 1.5492257 1.6142563 3.7850227 4.4305897 1.5991042 11.438521 0.011437632 31.59192663368502 
Car -1 -1 0 662.3122556101515 175.46568936674402 788.8787132892766 226.5263556118765 1.638597 1.6445224 3.9255295 3.8283193 1.7295471 24.189003 -0.05977483 34.85434818373688 
Car -1 -1 0 677.4793891293878 182.7458067121298 832.1317078302006 234.35809241314868 1.4536291 1.6469615 4.2658634 4.2713385 1.762462 21.601795 -0.048251837 37.3595216348975 
Car -1 -1 0 355.5352451472784 187.84764578652448 477.3498198149886 284.30134141359247 1.5207864 1.4656361 2.8450785 -3.4250658 1.825631 13.2448 1.5744556 24.579280710119313 
Car -1 -1 0 462.41858197926723 185.6733749875267 541.9408091561385 232.24348449073673 1.4694495 1.544729 3.5263753 -3.743574 1.9600884 25.714596 1.8257711 18.247156999755507 
Car -1 -1 0 714.8431162787609 179.9659768035809 959.9480308859366 263.7674361236462 1.4778166 1.6296232 4.153913 4.222742 1.6223319 13.76867 -0.037924834 27.900725236088647 
Car -1 -1 0 507.58425203628747 175.20622504428144 552.1880707229316 212.54624032841534 1.9237742 1.634839 4.101676 -4.3074274 2.0596433 39.55915 1.6644932 4.516850776274423 
Car -1 -1 0 246.9405822867021 188.58470672574828 366.70243371063043 264.332843618653 1.4677304 1.6237811 4.067718 -6.9530306 1.8845885 16.992577 1.4295144 0.3434785306453705 

