Car -1 -1 0 708.2551795587673 183.60030044058433 838.5253981404906 270.15063088046156 1.4354753 1.6368778 4.354003 3.1398072 1.6867902 14.691504 1.5640031 87.38793011653823 
Car -1 -1 0 758.118578307454 185.3281591246346 1000.3393960448686 336.19788992079293 1.4471167 1.6191828 4.169692 3.1468525 1.6451106 9.359709 1.5807158 89.4223563015617 
Car -1 -1 0 675.2454446868202 180.98463003607867 750.8245765715008 235.63011008648613 1.4940654 1.6302192 3.7127607 3.0862088 1.7653654 22.183414 1.523819 59.69375014510209 
Car -1 -1 0 163.82365577680903 190.06788832690654 246.1187059045248 230.43029114578923 1.5005846 1.5425749 3.452623 -16.751339 2.2590585 30.051205 1.5513132 53.59862238526379 
Car -1 -1 0 57.029750165984055 192.10156456323134 180.54083157634125 243.47089403011563 1.5047286 1.6233597 4.016291 -16.629223 2.2181869 24.705101 1.5287707 39.80073676668853 
Car -1 -1 0 285.52880842023325 186.38423590088817 341.75669677936423 216.24682224626912 1.503068 1.5930008 4.154485 -16.461252 2.299044 40.33813 1.5278457 8.206067671103472 
Car -1 -1 0 226.47125233411066 187.80917736212353 295.40154062318396 221.15346791615397 1.4563327 1.5777041 3.7555084 -16.866575 2.2228718 35.095047 1.557689 21.26063993956348 
Car -1 -1 0 363.19509315384977 183.57602328388612 403.50570253149243 205.88511909700657 1.5768328 1.6052573 4.101585 -17.218092 2.4266691 55.099148 1.6239574 11.223631908958032 
Car -1 -1 0 414.0648020925512 183.8379859059638 437.0060503014288 201.81234395734003 1.5479532 1.6525284 3.854849 -16.96397 2.5932531 66.640144 1.4276212 10.467838387981779 
Car -1 -1 0 655.7012450833506 181.39399032931976 704.7659362555396 218.1421553966433 1.4781145 1.5731065 3.812991 3.059619 1.87854 31.880436 1.5092716 12.25719770418602 
Car -1 -1 0 667.1382249986491 181.15745540099218 730.4106614139854 225.9012300821627 1.5184727 1.606005 3.7263126 3.276503 1.8528907 27.13114 1.4796815 1.4087808759255942 

