Car -1 -1 0 51.406327846828816 188.13022695306998 240.1577303699823 273.01864309794274 1.6727589 1.6502395 4.148362 -10.721744 2.0794225 17.093493 1.6228973 102.57021724807193 
Car -1 -1 0 696.236304998712 177.8516016496901 811.3352960359913 266.07518159641234 1.5552566 1.6612233 3.4593222 2.7900524 1.6687356 14.649934 1.5758251 76.81005646605789 
Car -1 -1 0 663.9218726052652 178.4648487491378 697.937532059078 208.21672372519555 1.55544 1.608272 3.5639307 3.9337146 1.8819971 40.19718 1.5900073 20.46537361058464 
Car -1 -1 0 372.77748455210013 184.98817434274036 532.9273717256008 262.4057641321822 1.4487028 1.6475728 4.214132 -3.6474319 1.758029 16.279184 0.83437884 115.9377654468492 
Car -1 -1 0 675.9899663742742 180.00833389297867 730.7658362218543 225.22821429605543 1.5321045 1.6327784 3.7787151 3.4326665 1.8182929 26.956451 1.5924444 22.53049985551006 
Car -1 -1 0 499.54611777797766 180.5531089454343 587.3857778737216 212.86068706844637 1.4199288 1.6052597 4.0446444 -3.1726098 1.8053895 34.342617 0.58159196 13.902606917594726 
Car -1 -1 0 312.1020496303619 181.4520906544072 388.71366490494415 230.15985904644637 1.7765808 1.594129 3.950735 -10.315922 2.1460166 29.011473 1.5908971 46.421523185942746 
Car -1 -1 0 653.043920638422 173.9182759193756 677.7695618588295 198.71653168464863 1.7760234 1.6006931 3.885693 4.1305313 1.8582598 53.79841 1.5861251 6.2445621827930635 
Car -1 -1 0 477.50476971144286 182.44398434190268 575.3079541055804 223.2674872693974 1.4541093 1.5916939 3.830881 -3.310007 1.855509 28.378788 0.6787516 11.912285106026804 
Car -1 -1 0 437.33364243235224 184.70201524300276 540.8706620805984 234.8874954088398 1.4067471 1.5985026 3.652567 -3.9069238 1.816227 23.031206 0.86069554 5.226473296377476 
Car -1 -1 0 597.572711157258 179.09842352626825 617.7736010448382 199.0642468212735 1.5019696 1.5527523 3.7571259 -0.15554285 2.0145025 57.33985 1.5651414 0.29669445753097534 

