Car -1 -1 0 811.2255180904936 189.90049572808243 1242.0 375.0 1.4171256 1.5740308 3.726078 2.8826046 1.5984159 5.7905464 1.5970305 148.41063299596502 
Car -1 -1 0 737.9390176896183 181.45671959082236 916.6278455745742 297.37413076499973 1.472561 1.5657387 3.5478039 3.1786313 1.6282191 11.2451725 1.5214187 111.1760237691685 
Car -1 -1 0 692.4379503358344 181.4411474932318 789.1063196682154 256.54051281567394 1.4382735 1.558223 3.5607517 2.793617 1.6503165 16.022932 1.5887132 73.9372847965759 
Car -1 -1 0 671.768742228453 171.05201696817608 729.4839242826397 219.91834856029385 1.6533686 1.6199608 3.232757 3.2230165 1.5923992 26.043854 1.5524377 54.523214686232464 
Car -1 -1 0 653.4809543919434 174.4351114078547 700.2776495961922 208.50206391715687 1.5727149 1.6817762 4.4228973 3.2674592 1.6560413 35.772594 1.5171664 18.722229838338727 
Car -1 -1 0 683.7965822883142 179.0526304352727 758.9974522682959 236.27115203699978 1.4814725 1.6081765 3.7401726 3.1509683 1.677592 20.957958 1.5718265 25.87688157474448 
Car -1 -1 0 0.0 191.27271278874142 363.69910996647343 352.7992279298705 1.4558427 1.6092898 4.000735 -4.8292007 1.6678537 7.4965267 0.002092283 25.607176155121554 
Car -1 -1 0 236.2766588191487 166.74680198778898 483.6486295837956 281.4350083434495 1.8318173 1.67572 3.7073472 -4.2343245 1.7342721 12.555429 0.10693586 62.15437545779976 
Car -1 -1 0 100.714252894528 183.631759767498 426.1145186318209 306.42762084180544 1.5421175 1.6048197 3.7520251 -4.6262918 1.7042828 10.03133 -0.012147334 57.43612638235369 
Car -1 -1 0 480.85805137369573 171.0531056701035 562.3362299689791 205.37716758693242 1.7947857 1.7046627 4.108489 -4.672145 1.7006178 38.675125 0.046216194 8.358019852256572 
Car -1 -1 0 647.8916495626553 174.94407095083469 672.0492429129094 198.03923932889856 1.4758539 1.5370817 3.551533 3.401545 1.6210296 48.27957 1.6618857 3.5514503244362463 

