Car -1 -1 0 391.19646131355717 178.55058660336812 448.7165025105072 221.7581712339086 1.4582489 1.6846455 4.3683953 -7.2463045 1.6923422 27.30981 1.2154381 50.5052474269888 
Car -1 -1 0 159.5118207228644 185.65808755293912 241.6476866736949 237.72903940144397 1.516077 1.621983 3.7723737 -13.518293 1.9791789 24.054571 1.2679527 81.82237847465717 
Car -1 -1 0 571.8678500120066 163.33021977103243 765.5457314100821 274.0312109188648 1.5615807 1.6377406 3.930485 0.810224 1.4272354 12.3070755 1.1634593 144.88949012866325 
Car -1 -1 0 304.5789379486741 182.9628578164971 354.3229845994118 223.8746641101803 1.4377534 1.6129737 3.7881026 -10.9624405 1.8646549 28.420471 1.2575998 24.81480079538828 
Car -1 -1 0 910.8360903909187 138.053225845934 1005.0741489631239 173.84933808249122 1.4532154 1.5621893 3.4853697 14.982711 0.040407598 31.202 1.1520606 29.925245091080413 
Car -1 -1 0 1163.7313269541435 118.17904627624266 1242.0 155.48751709215423 1.4670653 1.5876579 3.7620387 25.97833 -0.78212905 31.088985 -0.3607479 23.104703734607117 
Car -1 -1 0 380.1848165079798 181.12226455213988 416.66607893252404 216.74433572034155 1.5490584 1.5818269 4.039801 -10.089764 1.9695959 34.538948 1.2915404 4.889296604368497 
Car -1 -1 0 1008.3395938870547 125.67961000508265 1116.8149553823891 162.3992598968248 1.5022838 1.6756135 4.0000095 20.5495 -0.5083823 32.919773 1.2169428 6.901589598008219 
Car -1 -1 0 796.5768409338049 149.13796303957238 929.4609503948749 201.54043524258475 1.7329242 1.7073528 4.2091637 8.870312 0.9486463 25.301367 -0.30169103 13.211963669546055 
Car -1 -1 0 961.6804492945698 130.39040260735916 1061.9148496790306 170.0417822512909 1.629313 1.6548132 3.7036335 17.71399 -0.1324395 31.957912 1.2267995 10.494869780929555 

