Car -1 -1 0 686.7126984588944 186.91332650813817 792.4239417623647 262.3327491249002 1.4317 1.609751 4.138242 2.8329191 1.7949252 16.55748 1.5523934 78.05222169068708 
Car -1 -1 0 741.3263255477145 176.17851079664038 985.1080361004902 357.3530802092861 1.7035577 1.6694316 4.2084923 2.801287 1.7547923 8.991192 1.6010883 129.60334221809666 
Car -1 -1 0 663.4083329359655 182.6332506929116 737.2752153486166 236.80912778293708 1.4314221 1.648178 4.2471867 2.656591 1.7581906 21.972805 1.554161 69.04489871097942 
Car -1 -1 0 579.9502607459801 171.40257058920784 637.7550520628434 228.4594033407674 1.646135 1.6677381 4.242467 -0.021151036 1.60426 22.938475 1.570431 31.76123163304656 
Car -1 -1 0 93.10782619959275 168.24893647268846 218.94629165874727 221.37730196960524 1.5017655 1.5840361 3.6573763 -13.81092 1.3715953 22.226164 1.5683153 46.64984185396406 
Car -1 -1 0 241.01928731571186 171.39752660374216 319.5939529476655 208.16873116671474 1.476733 1.6169324 3.8772554 -14.003826 1.4182408 30.920452 1.5647633 36.751846883709625 
Car -1 -1 0 647.0492872923134 180.08831417884292 698.029860022761 218.6191985800857 1.5258212 1.5974946 3.7283325 2.661456 1.8580868 31.217175 1.4901881 26.17073966809659 
Car -1 -1 0 397.26601378829633 174.7513810666904 435.58997911802015 196.53825953836082 1.5076842 1.6077968 4.2314243 -13.976886 1.6511345 52.426548 1.5824721 1.6941880124325799 
Car -1 -1 0 628.7297354570513 178.5670534076796 673.6069845926345 210.72392992426083 1.5427475 1.5680702 3.6404006 2.0943012 1.8526593 37.219788 1.412633 2.2038854866000173 

