Car -1 -1 0 703.8140116382177 177.98804584501215 837.9752964446977 290.8112849880967 1.7195903 1.6732296 4.2188997 2.7817519 1.8296478 13.329657 1.6062896 136.25956220332174 
Car -1 -1 0 668.798094664076 188.82029592101546 748.75264983513 247.7060536187954 1.4425268 1.6041093 4.190594 2.7662535 1.9530702 20.94939 1.5348966 51.542484097277345 
Car -1 -1 0 30.54311685052623 166.48082049156193 202.6550893282014 228.73788706160337 1.5606731 1.7522287 4.4983554 -13.631821 1.4009088 20.344027 1.5790925 64.46319094534277 
Car -1 -1 0 654.1400630148408 183.9389064087907 713.9002685062134 230.00577159657743 1.4789675 1.6293938 4.213308 2.6297963 1.916011 26.318764 1.5420002 46.45509689710732 
Car -1 -1 0 578.9539298769021 176.62426146844885 634.7853941858513 231.69826512791332 1.6318549 1.6768997 4.172777 -0.0687488 1.7669196 23.756914 1.5766544 42.37612174017395 
Car -1 -1 0 287.2653088138003 172.9130325391055 351.41244535138685 205.34784011110773 1.4899251 1.6325588 3.9461823 -14.048445 1.4929638 35.147377 1.542283 33.225855701977146 
Car -1 -1 0 180.21775232265142 172.58638617492974 281.4476392769203 216.39706390695048 1.49253 1.6011524 3.8916357 -13.799688 1.4834129 26.547796 1.5977005 16.651446292103383 
Car -1 -1 0 639.3768245550503 181.56213779982298 684.2964162403681 214.93770031191823 1.5097239 1.5816453 3.6878653 2.5215728 1.9619677 35.555252 1.4656944 10.579943308000246 
Car -1 -1 0 414.0206085978952 176.16084123339976 446.91325806628873 196.63192568721334 1.5257459 1.594342 4.1816854 -13.990435 1.794589 56.55849 1.5566156 1.0954279216103218 

