Car -1 -1 0 799.7989047979607 191.53851875880463 1001.7209365022987 313.65673016366674 1.4160005 1.5357125 3.4269261 4.0498085 1.7358477 10.623391 1.5512934 98.57621336879093 
Car -1 -1 0 468.2595491158938 181.98277730696506 539.9939977282805 239.96230978793122 1.4435453 1.574254 3.611565 -2.8846858 1.7242279 20.361877 1.5479991 35.69708966187568 
Car -1 -1 0 741.3220687637395 185.63983600718998 850.8717775402424 264.56465967953045 1.4996288 1.5541838 3.2823908 3.9825585 1.8102579 15.885947 1.5676122 84.38769520660604 
Car -1 -1 0 501.0341494695331 174.328458968404 557.980579903908 221.86672232478423 1.6204665 1.6138465 3.7935257 -2.8797517 1.6787813 26.625471 1.5893357 34.34414831951639 
Car -1 -1 0 70.56282845488197 141.48307962509415 433.67233056335493 375.0 1.8118479 1.6707659 4.195202 -3.1314397 1.5820494 7.390312 1.5619631 119.81912211889481 
Car -1 -1 0 73.6671599411831 172.88392704127165 206.2057626468758 220.98584604620498 1.4543757 1.6161051 4.281149 -15.397745 1.4554582 23.959507 1.5703473 27.818276395211896 
Car -1 -1 0 667.0535417760459 175.02442336346687 713.4734474597033 209.58415468192624 1.6948189 1.6973649 4.2598877 4.1657133 1.8152001 37.839024 1.5056045 30.153305999573366 
Car -1 -1 0 834.3220211068997 182.77425410376478 940.9652182693411 218.124393150421 1.4761236 1.6344707 4.026097 12.086225 1.921374 31.504198 -0.031668432 17.084335421865607 
Car -1 -1 0 704.675113869507 184.81169771020814 790.2550481710242 240.07055411031678 1.4144379 1.6169958 4.0660906 3.9764256 1.8037091 21.425465 1.531135 23.40220873603379 
Car -1 -1 0 528.9225705009967 178.78257169805403 571.5457946738886 214.39901473600065 1.5249083 1.5851995 4.04175 -2.7036622 1.8177333 33.60401 1.5881455 4.232087612650641 
Car -1 -1 0 542.1422853040241 174.212497983865 571.2522265181283 204.40130169527282 1.7928925 1.647468 3.9889839 -3.259964 1.8815185 45.05268 1.5394744 3.260175940110783 
Car -1 -1 0 785.7059450858787 179.5323265668652 865.8652409130106 206.93603023614472 1.5134228 1.6412888 4.0733023 12.320486 1.9038314 41.24286 -0.058120605 6.365909426383664 
Car -1 -1 0 366.6972322111213 150.5264273606506 518.6378439184188 277.034365896704 2.1113312 1.7966262 4.5508833 -3.0846412 1.7386992 14.353563 1.6133426 49.462090916040275 
Car -1 -1 0 537.0537839309982 178.49942168973743 570.1852567293805 208.62786916657262 1.5765676 1.5948334 3.4745374 -3.0729122 1.9043515 40.151756 1.564681 2.951426923980431 
Car -1 -1 0 941.2783143367238 190.0275700750246 1046.436808878902 225.25189873613473 1.43974 1.5854068 3.7998266 16.689472 2.210733 31.41771 -0.098184206 0.5174870976253504 
Car -1 -1 0 649.8843932235227 178.6500335016825 667.4721784877406 196.74421293166196 1.5120145 1.49524 3.4357398 4.312327 2.0338678 63.195988 1.6451043 0.2798575460910797 

