Car -1 -1 0 599.6357953798731 178.01739533054004 695.2274163043168 228.02629077893056 1.4483455 1.7515556 4.4503956 1.1231055 1.63551 23.771795 1.280576 62.292547171374906 
Car -1 -1 0 427.280152247189 186.79029096970157 495.7705211238504 239.0905277491286 1.4133253 1.6368797 3.9853387 -4.5485106 1.890351 22.644901 1.4893589 30.155948490511943 
Car -1 -1 0 661.2949250788984 177.43979835118117 762.7090972957047 222.1351356930067 1.442511 1.7024683 4.3358974 3.5853567 1.6231568 26.094109 1.1920619 33.19661145250776 
Car -1 -1 0 291.57745615418196 189.01586582155107 407.9022136396209 238.6420946399108 1.4179876 1.7127248 4.2674446 -8.615673 2.0142188 24.35479 1.7764513 47.83542948839468 
Car -1 -1 0 0.0 187.74193938230462 124.37374593568866 276.55256343686204 1.6025033 1.676379 4.2005396 -12.306269 1.9622343 15.54375 0.6102158 60.877886321566656 
Car -1 -1 0 151.18668419151237 190.8499075808417 255.35713917592085 233.0196399491131 1.4527125 1.6844689 4.1269693 -16.042118 2.2221203 28.748943 1.6169112 9.461780966252695 
Car -1 -1 0 248.82020422893646 191.24013313001967 344.0144128351985 235.31899079194557 1.3670949 1.5832968 3.917623 -11.173282 2.0813913 26.036932 1.6189193 21.088130620527394 
Car -1 -1 0 726.8897378153176 174.89672457545183 811.9502689783757 216.33176576620684 1.4543527 1.673208 4.02148 6.026174 1.5387666 27.676846 1.3628138 17.3485751831406 
Car -1 -1 0 114.02106548309096 193.38726941153718 213.53250847187672 232.65428570535815 1.4157436 1.6853158 4.2487583 -18.644747 2.3426383 30.418404 1.5357256 10.896699718446861 
Car -1 -1 0 203.56763976699983 191.84168633230695 304.33801485087344 235.4611127040797 1.4300214 1.6445953 3.9632728 -13.406158 2.206669 27.472193 1.6502583 19.972395391816978 
Car -1 -1 0 1078.2355714169432 166.83492156565788 1115.6356804772904 194.43490170474843 1.5121846 1.6047968 4.0323486 28.092468 1.1824031 41.671654 2.1185126 9.53903681216492 
Car -1 -1 0 404.22304247204397 195.69907652516451 471.8818779251134 226.88168970706872 1.5036922 1.6535851 3.9337616 -9.450595 2.8394177 40.053905 1.9675953 7.499197243026485 
Car -1 -1 0 520.9180760408623 190.9005204989218 596.6806276932807 224.37686788573438 1.4627131 1.7137194 4.1263375 -2.4715106 2.421244 36.11586 2.1165812 4.588237593816676 
Car -1 -1 0 776.9273305116179 174.7985970127637 863.8602535580617 209.214342944691 1.4370244 1.696276 4.178645 9.431932 1.5310352 32.63227 1.2492838 2.1667321718918076 
Car -1 -1 0 473.6027258112288 193.9760048781735 544.6745208678118 226.45672815947722 1.4763756 1.6268656 3.917709 -5.174411 2.6398885 37.64064 2.085402 3.3728163983474753 
Car -1 -1 0 956.5621785635902 162.03992504554267 991.5410100056902 181.3076306345682 1.506466 1.6690469 4.0470233 29.578674 0.6609558 58.50394 2.264012 0.6482030161619841 

