Car -1 -1 0 405.36078331954656 185.4971077514749 478.50921404172834 248.63900897380142 1.4979689 1.6143519 3.815342 -4.525562 1.8819666 19.916271 1.4369053 83.21373425732453 
Car -1 -1 0 456.74224930777126 185.29870414440532 498.596541720765 223.04867796703238 1.498748 1.5648818 3.7335992 -5.769109 2.0819201 31.8696 1.4589909 20.07160210169182 
Car -1 -1 0 752.3140898805458 196.76568882127117 1040.4602657829028 302.86127366346966 1.4494591 1.6069862 4.0400944 4.4969254 1.8696625 11.528137 -0.17966817 55.12540365970811 
Car -1 -1 0 706.2839761664371 195.30025828763422 862.2632696398286 254.12450399337408 1.4281949 1.5712433 3.7105315 4.5325108 2.0471234 19.03518 -0.04064448 18.336063385785273 
Car -1 -1 0 872.7234233983896 201.4915016779033 1242.0 341.0104253695442 1.4558971 1.5920205 3.7921593 5.46197 1.8541845 8.995571 -0.13248491 44.268913811901115 
Car -1 -1 0 687.6981583574106 186.60893643355507 825.7307208786252 243.3940509738685 1.6244204 1.6369851 3.8352585 4.4472055 2.0646873 22.107065 -0.09017773 23.220152105213792 
Car -1 -1 0 761.2342916495335 192.72002149766396 980.9612090782203 276.051616553859 1.4906005 1.5950054 3.7914734 5.109226 1.9126691 14.351314 -0.09752503 26.7904096033434 
Car -1 -1 0 563.2434363103833 185.94206233846148 586.7879664071578 205.92319502267642 1.4961299 1.5810213 3.9635112 -2.8457375 2.6003919 58.807705 1.4366585 5.412619006238638 
Car -1 -1 0 644.8974818994951 191.70895010683327 750.277931102216 229.94543224654 1.4396653 1.6071029 3.9697268 3.5126114 2.2275252 29.15089 -0.10058051 8.377312296257633 
Car -1 -1 0 635.649783398296 182.60264479591214 733.0521727197391 219.5965985309063 1.5549957 1.6351144 4.033751 3.2626965 1.9993582 31.876019 -0.099110596 6.868122082461972 
Car -1 -1 0 669.1872139974514 188.32756271282005 795.3991158104583 237.2656086922258 1.5206268 1.6096822 3.869651 4.0910187 2.065726 24.279203 -0.18042405 2.6316549577166795 
Car -1 -1 0 611.9479199045783 183.26773031068277 650.2687128713848 213.1081095553032 1.5165265 1.6091863 3.9313467 1.1489975 2.125215 40.133945 1.463778 4.238690211008233 
Car -1 -1 0 597.5720086580367 184.99534411798783 635.7335127010796 211.21247350387986 1.5173368 1.5766782 3.8111405 0.40452164 2.320128 45.67546 1.3471596 0.6764133115216988 

