Car -1 -1 0 274.9716298822508 178.80872467849747 319.89853621204446 219.19233799864597 1.6239572 1.6169258 3.7292352 -13.625191 1.9018538 31.643421 1.2144597 25.92608059147367 
Car -1 -1 0 0.0 191.8211336372345 224.5631020072495 375.0 1.4934635 1.6484886 4.0398593 -5.6724653 1.7712755 8.38701 1.1986823 90.54787661816715 
Car -1 -1 0 453.2574554055538 168.67449808473614 601.6449964922016 229.8760819973268 1.7281458 1.7132282 4.179718 -2.49917 1.6101294 21.949446 -0.38292778 88.62917208535816 
Car -1 -1 0 133.22913723871412 175.69789523378947 263.73698020721196 286.01371409590644 1.7604747 1.6422372 4.0941105 -7.6820555 1.8236935 13.833969 1.1868435 85.98824562609853 
Car -1 -1 0 724.7933318862906 179.67757829634198 1204.4141709553317 375.0 1.4466097 1.6049067 3.9508488 3.2223346 1.5224601 6.6843753 -0.2914217 44.80861574171062 
Car -1 -1 0 450.3658862907394 177.75310950412344 549.0776169216452 215.18210520961443 1.4566061 1.5903423 3.8577356 -4.537162 1.6668477 29.68893 -0.2666549 12.893537732540363 
Car -1 -1 0 299.750477376407 173.65998579020237 336.7893850646816 204.71677624814095 1.7071838 1.613787 4.039598 -16.87616 1.7564521 41.940735 1.2838349 5.442914863796366 
Car -1 -1 0 433.2006759127441 170.1686104736213 525.1831734776836 209.990002094458 1.6977755 1.6511922 3.8237302 -5.8225603 1.5832844 32.17402 -0.33706656 20.63060381726335 
Car -1 -1 0 195.70747704169105 169.07753368197234 293.07745152453737 254.48420194719841 1.9736692 1.6710231 4.2558985 -9.439929 1.8863984 18.956814 1.2508354 2.0295354483627235 

