Car -1 -1 0 697.0999164431012 183.81748457036977 809.616055465759 263.07316558668606 1.4293696 1.5972525 4.140852 2.9601152 1.698859 15.661337 1.5656298 107.70372483874348 
Car -1 -1 0 669.5995752940001 180.61934368165444 749.7689723172825 238.82268764835837 1.4954245 1.6377025 4.349746 2.8398337 1.7485987 21.324903 1.5394529 54.922343972282356 
Car -1 -1 0 813.157762683572 184.75938607776757 1242.0 375.0 1.5117741 1.6174816 3.8613505 3.0177612 1.64459 6.0938334 1.602863 89.7222548946159 
Car -1 -1 0 382.45846784800045 179.58105271044207 513.249066715283 232.7936531522574 1.5407377 1.600597 3.6649418 -5.021175 1.7625576 22.504711 0.28779274 70.19642001572056 
Car -1 -1 0 651.6911111692648 180.63545394286382 697.8428693476668 218.36665665247625 1.5259477 1.5302565 3.4130147 2.8071933 1.8861221 31.649529 1.513124 20.471193483885173 
Car -1 -1 0 301.52830119291497 182.3518390424599 494.30793072578996 250.39081455572085 1.4375231 1.6318192 4.195546 -4.9704905 1.6820425 17.114231 -0.33578116 77.36128259540851 
Car -1 -1 0 639.0912288428734 179.78759844843677 668.4252561347762 205.6877022946235 1.5236777 1.5644035 3.9032574 2.7451062 1.9793441 45.4578 1.5590553 5.328712292441557 
Car -1 -1 0 430.5081566417008 170.99297417819363 549.2262570388136 218.77026540613187 1.831809 1.7537886 4.462985 -4.8660603 1.7604561 29.422045 -0.44855818 0.8070034542390436 
Car -1 -1 0 0.0 123.19501427764354 370.9214209313394 346.5528993317178 1.9767716 1.7768476 4.343606 -5.1854024 1.5372775 8.289322 -0.5579449 2.219850044045017 

