Car -1 -1 0 743.1439967132017 189.62771667605438 1059.8991230722954 375.0 1.5123128 1.6243718 4.1217327 2.8600726 1.7509942 8.144532 1.4854724 128.60696472477625 
Car -1 -1 0 190.868228769094 180.14064224274597 391.8049263650567 248.23336469073766 1.426428 1.5799987 3.8148358 -7.0193872 1.5990014 16.197176 -0.0537845 39.41049509281329 
Car -1 -1 0 24.30692257717125 176.83960822704736 332.23067319370176 286.67574207652933 1.5530063 1.6071911 3.805652 -6.524268 1.6207651 11.270559 -0.103684485 48.00805299602732 
Car -1 -1 0 293.5530667231835 172.33574666991115 432.230026677465 227.43412934351406 1.5730855 1.59097 3.6274452 -7.268859 1.558289 21.521349 -0.070401095 33.92435553743321 
Car -1 -1 0 327.9230690467305 171.18120603710938 451.32172119423166 220.6707380206759 1.6207695 1.6207993 3.7590454 -7.411701 1.5659858 24.582375 -0.076790415 32.107654301452776 
Car -1 -1 0 507.39802933779674 170.18788131724094 543.225472321031 199.65231788624789 1.6237518 1.5955629 3.5935974 -4.907421 1.4768248 41.701057 1.3219638 36.84801736404077 
Car -1 -1 0 237.52273618164668 176.96459666207352 407.22809184239884 236.81894763654853 1.4609466 1.577446 3.8184733 -7.3455925 1.5734856 18.751684 -0.114917494 16.52789995509361 
Car -1 -1 0 608.2998592933917 163.92655865513908 658.7035316216406 208.2498330649827 1.9789486 1.76543 4.5037923 1.0719959 1.5803554 34.553795 1.4554424 53.14022445952606 
Car -1 -1 0 599.2656327376225 170.53664209158754 635.8712278952958 199.89423924234745 1.598981 1.60606 3.9188263 0.4119087 1.4727644 41.339344 1.452818 9.140053644395776 
Car -1 -1 0 552.9380622851426 171.22310523401708 595.0077689322096 193.22465060553589 1.4855796 1.5611205 3.6161027 -2.5355105 1.3754587 50.682228 1.0819746 2.60911149278952 
Car -1 -1 0 457.3885213904658 171.86741380326984 489.7873299749138 200.47341192852073 1.5100856 1.5992416 3.5639508 -7.5741353 1.4580044 40.007942 1.3374014 1.4616252201638944 
Car -1 -1 0 368.63684862164723 172.82645956963202 470.20495136355055 207.632942696489 1.4898214 1.6284274 4.0296073 -8.304458 1.4886425 31.724245 0.012969588 1.7217801740565786 
Car -1 -1 0 398.7598815907151 174.47171013995546 491.91717787260194 205.7976555526537 1.4627669 1.6110512 4.081724 -7.860468 1.5427269 34.726624 0.06558362 0.5277038087251823 

