Car -1 -1 0 710.104268266888 181.24453339788266 879.8828073745951 299.76645725873544 1.4489224 1.628398 4.1170745 2.6307492 1.6030549 11.184196 1.585542 86.55161856703852 
Car -1 -1 0 668.2785236958267 178.95830379182124 764.5541537913948 253.29676638899377 1.499057 1.604999 3.955782 2.3669462 1.6585994 16.867544 1.5546294 93.94914000362317 
Car -1 -1 0 646.8910274021142 174.85266607942813 719.7976964344799 230.44173825875535 1.5358 1.6281085 3.7984672 2.1581485 1.6021723 22.01764 1.5124971 47.55238109586519 
Car -1 -1 0 502.1431266163143 177.76778004363715 545.4939110367036 213.4099682476541 1.4456236 1.6277483 3.6532063 -3.7039275 1.6737807 31.640514 1.524912 33.60654570615589 
Car -1 -1 0 289.07487563184935 181.367441856246 438.3478256381435 233.35823119955796 1.4740585 1.6199716 4.025286 -7.3326035 1.7439489 21.835638 -0.11644416 66.6411173691493 
Car -1 -1 0 0.0 186.42200973467067 326.21581140163903 303.49974223314376 1.5561852 1.6476943 4.110567 -6.597765 1.776284 10.757435 -0.06083167 110.45919169439313 
Car -1 -1 0 146.24054339081223 189.55193190847794 405.2009905355164 277.7214076498854 1.4764599 1.6272101 4.0628476 -6.054989 1.8070068 13.358202 0.055548005 67.0604992661169 
Car -1 -1 0 331.7711813779148 173.5871558155643 459.7620393444162 225.60740860821494 1.7140126 1.6693614 3.9811475 -7.266406 1.7402892 24.831617 -0.09972347 41.949227947284975 
Car -1 -1 0 640.9256313737507 175.13084694803678 696.0846344227526 219.54556513116253 1.4954464 1.5122223 3.4587042 2.080459 1.583882 26.250814 1.5060582 10.475832860945458 
Car -1 -1 0 401.13874846205925 175.87849283767488 490.9871582929617 211.449942231828 1.5961225 1.6327264 3.9410882 -7.5503397 1.7414346 33.61096 -0.12487602 12.375482496254653 
Car -1 -1 0 620.9703817348435 175.33718309739507 657.4510662792795 205.93870922370513 1.5247246 1.6008326 3.7084048 1.5218762 1.6625215 38.14863 1.5220103 8.40270310691801 
Car -1 -1 0 370.03116118101514 177.87477059076022 475.3722820918599 214.91870696991174 1.4866345 1.6198173 4.172209 -7.7917585 1.706192 30.409573 -0.16584653 7.530368218447083 
Car -1 -1 0 627.9804556094368 176.3134452079947 671.6917573675958 212.85127272203368 1.523634 1.5383735 3.5286384 1.7478936 1.6868943 32.241165 1.5064306 6.336834488572383 

