Car -1 -1 0 35.8012757331302 193.48663047841146 372.61476751447236 375.0 1.429148 1.6447421 3.9833012 -3.9909961 1.7145948 7.948887 1.5164304 113.08967665890341 
Car -1 -1 0 594.9531601057552 182.6889352629679 633.4626337396072 215.79905096649298 1.4435704 1.6390545 3.523122 0.17527682 1.9359972 34.32715 1.5217137 27.38834582097381 
Car -1 -1 0 726.6921553897535 184.24166698331948 951.9657161877267 261.2463593407676 1.4331706 1.6181865 4.0461984 4.559412 1.679203 14.648056 -0.06606859 71.37483117492722 
Car -1 -1 0 872.3808051842022 161.59803785377977 1242.0 357.88458783403377 1.7293327 1.6989033 4.1048656 5.0422406 1.6301649 7.3556886 -0.073947474 78.5931758637149 
Car -1 -1 0 712.5829432912011 182.97908575513082 886.9643883818811 246.8783449459689 1.4253999 1.5680325 3.7452016 4.502978 1.6824167 17.35733 -0.095108226 17.099171005454796 
Car -1 -1 0 680.5601918006746 181.92031898956236 839.4189151297899 238.4078917646447 1.4556336 1.6095803 4.000944 4.106769 1.7199843 19.984852 -0.1278841 31.116882225987176 
Car -1 -1 0 671.7927360292833 181.87775814077204 793.1806429241251 227.0820483202632 1.4758391 1.6026952 3.8686981 4.1509943 1.795794 24.738842 -0.022513801 9.744262634400531 
Car -1 -1 0 489.21664384255524 181.74206234555945 525.1593694534635 211.90182214100824 1.5077167 1.5724479 3.789263 -5.504336 2.0135274 39.134296 1.5263245 2.4730889797210693 
Car -1 -1 0 660.9114745833853 175.0719221608503 772.7975130981159 220.41301823082142 1.6214278 1.6329601 3.8410614 3.9563751 1.7073114 26.921085 -0.10800664 8.740276019786128 
Car -1 -1 0 440.4749055556386 183.14138301910953 499.88486400000494 223.0784454849054 1.4157566 1.6184115 3.6340134 -5.399003 1.8457105 28.336071 1.5746375 4.350957063050693 

