Car -1 -1 0 562.4574614622018 169.01317375065062 601.9750785686994 204.22892404704666 1.4356441 1.6110324 3.474222 -0.80883586 0.8609412 30.566359 1.5668218 42.31016950004147 
Car -1 -1 0 1.4301241260624098 162.74871825086223 247.35643943454693 375.0 1.7028263 1.63145 3.7777717 -4.7934637 1.5528948 7.2301836 0.981307 129.30591564758396 
Car -1 -1 0 353.50860239612376 174.47197867140645 413.45087001199664 206.18498681109133 1.5102901 1.6839705 4.125 -10.956931 1.0988969 35.75351 1.5911702 26.06303193368191 
Car -1 -1 0 629.4560966522469 167.9458489136116 659.9724494776983 195.08979511094114 1.4601481 1.632254 4.0681257 2.472958 0.644405 40.131985 1.6551467 10.43391786929109 
Car -1 -1 0 420.72235431281536 172.20578987837519 461.42969067316295 195.3268562372241 1.4470501 1.5637159 3.7699604 -10.452309 0.7645767 46.18994 1.642397 12.87780969921428 
Car -1 -1 0 675.4272522099616 155.70490730123078 823.3177787619862 214.98831026176381 1.6434238 1.6602447 4.0022984 4.186227 0.883703 20.54119 0.055357862 24.940080979149023 
Car -1 -1 0 579.0898166440518 165.83216549444435 612.5449991699618 192.5269417484648 1.5697502 1.5687017 3.812462 -0.33156925 0.55372715 43.56851 1.6954656 1.1578837377791205 
Car -1 -1 0 387.15962592930276 173.27737560357485 439.72299169535086 200.76507123525573 1.4980261 1.6293764 4.083465 -10.757711 0.9621455 40.639256 1.6567848 6.052815920661384 
Car -1 -1 0 445.3012831881273 169.62881928073804 480.6545376248501 191.39813263519375 1.5309446 1.5891776 4.0919905 -10.128563 0.5828417 51.812084 1.6239544 0.25321778655052185 

