Car -1 -1 0 238.2274786980393 192.33146251980384 398.47320775131055 288.1619149524237 1.436655 1.6068971 3.6588037 -5.212755 1.8491645 13.426217 1.5375538 91.99864213782442 
Car -1 -1 0 329.12144595442214 187.4207848373622 427.8765322258176 254.80165909978786 1.4226811 1.6177678 4.003598 -5.690179 1.8323631 18.21326 1.458977 38.10654413301979 
Car -1 -1 0 411.94151384120977 184.65103888537942 486.1022456138262 234.8001960277155 1.4672427 1.6690942 4.184243 -5.2802773 1.8978337 24.220846 1.5420653 43.4666978088385 
Car -1 -1 0 79.82759557630062 184.03369634281495 234.5487917419277 254.39092428518578 1.4187385 1.5719595 3.7687535 -10.540787 1.7042401 16.753735 0.5648236 78.57372585305168 
Car -1 -1 0 0.0 188.6062742137005 154.35818922189787 275.5210116983751 1.4214551 1.5748633 3.7787237 -10.651772 1.7683399 14.158477 0.61266345 68.64612729340854 
Car -1 -1 0 148.37733189157524 180.2606112066237 280.2913441927237 239.54849923789004 1.4204295 1.567529 3.693213 -10.647998 1.6365244 19.378193 0.5852195 46.259355118069294 
Car -1 -1 0 194.9311848548936 178.66162226882443 322.09958497080515 231.13635370329047 1.4281502 1.5869343 3.9161336 -10.595766 1.6166297 21.715305 0.5511653 17.910332736264884 
Car -1 -1 0 445.7013666009157 182.86753147477484 501.7910438071769 223.39151063334853 1.4869325 1.6300946 3.8778796 -5.457316 1.9220436 29.397015 1.549991 13.509590981317945 
Car -1 -1 0 304.6569756808381 171.82238267625843 390.7728112678028 208.71417821081675 1.4795825 1.5890514 3.8525662 -11.180808 1.4382083 30.725481 0.6398433 2.2636392811930004 
Car -1 -1 0 368.9535880757062 170.42864018908745 432.8732463966359 198.47976155867389 1.5229448 1.6025963 3.8056529 -11.87989 1.3912675 40.994637 0.68157107 5.4906736451308324 
Car -1 -1 0 0.0 180.85066472183536 123.4539540637807 246.97752288682398 1.4524388 1.6361647 4.0003424 -14.505308 1.6780497 18.345707 1.5571703 0.4129200875759125 
Car -1 -1 0 244.18738507822545 179.46539450637752 351.6017459221167 226.30122924579842 1.4442627 1.5810606 3.7428608 -10.585838 1.6838291 24.43845 0.59782726 1.4130204713457233 
Car -1 -1 0 347.53798847363214 177.335990714025 436.5578192856652 210.42534761021057 1.4681218 1.5897298 4.082521 -10.394806 1.6973896 34.753204 2.1206746 0.9767037311004688 

