Car -1 -1 0 444.21001915100277 183.2505489854535 548.850516327117 257.2934307765771 1.4321139 1.6189587 4.3257475 -2.4704843 1.7051251 16.758894 1.6039848 73.58001099005163 
Car -1 -1 0 93.07949936574195 173.34779573112814 232.08112634343885 224.9589836945111 1.5276186 1.7520713 4.5381203 -14.44439 1.5453708 23.669868 1.5698016 111.01638076068467 
Car -1 -1 0 721.3313653798581 176.91648658377372 818.4497815350207 240.95512034815604 1.625025 1.7474016 4.4056582 4.476975 1.7546831 20.809807 1.5521046 89.21301719054021 
Car -1 -1 0 239.50237510570588 176.08368611258015 318.4285834715667 211.86413392282145 1.4866287 1.6568232 4.0077753 -14.717023 1.6404905 32.3584 1.5852084 62.307276415572794 
Car -1 -1 0 491.07750685958945 181.19699433021256 557.9606546347485 232.05170936593927 1.4384544 1.6112993 3.7329803 -2.6143806 1.7251203 22.90946 1.5913348 49.09434231595203 
Car -1 -1 0 281.2343366187912 165.71870351882848 504.69981968866375 322.57952594059884 1.6771606 1.6728934 4.1498604 -2.6300573 1.6008698 9.816738 1.6046271 109.80054461812752 
Car -1 -1 0 664.0232287437262 180.54135431625824 701.4888241272283 205.93032953481412 1.5126059 1.5789838 3.725985 4.632819 2.024681 46.115314 1.4432874 11.41294409177119 
Car -1 -1 0 927.2942905371168 186.52595520427673 1079.544725309817 238.1165650334086 1.6118214 1.6965498 4.2054477 13.060629 2.0865667 24.061808 -0.06981517 58.43446539247495 
Car -1 -1 0 512.6049604549225 172.99844379035264 564.5423722641782 222.8175688414841 1.799552 1.6333592 3.9840145 -2.689608 1.8055696 28.067795 1.5695028 28.42636486136867 
Car -1 -1 0 542.4308785020764 178.01795996702296 581.1929296993032 210.83331695729572 1.5239156 1.5754709 3.7072444 -2.3315783 1.794826 35.975792 1.6020998 6.428161492695644 
Car -1 -1 0 469.4190586618693 173.97264152345386 498.80009708442145 193.86706254712627 1.7255149 1.6884115 4.161494 -11.251192 1.8295097 64.94958 1.6321975 4.290845006632298 
Car -1 -1 0 573.402100110191 178.2485140575783 594.6029883226635 195.99669293443992 1.567602 1.6417564 3.8347707 -2.3978558 2.0831208 66.94991 1.4491525 2.637793581616991 
Car -1 -1 0 1002.4592642277527 182.15508943373325 1152.9788300599657 244.98828036733516 1.7500787 1.6293317 3.4968634 13.810509 2.0385723 21.385656 -0.1056027 0.965017788435287 

