Car -1 -1 0 647.6049745284719 177.0755866595851 759.1373732589047 251.60482076693424 1.4884298 1.6224431 3.7936163 2.024101 1.5973097 16.622189 1.4386193 96.91205667139718 
Car -1 -1 0 809.3567841124324 188.37867228982893 1194.0930096451225 375.0 1.4208477 1.5482934 3.5242102 3.2522602 1.60655 6.820545 1.503286 155.03134743542623 
Car -1 -1 0 620.8911275491414 175.0338429429089 692.2485770484697 231.38948548873097 1.5203115 1.6237079 3.8268347 1.3147519 1.5914595 21.583744 1.4991642 54.26244320744024 
Car -1 -1 0 130.89946664537456 163.2813575731118 391.6994149720063 275.63904508039997 1.6574643 1.6490347 3.8317997 -5.8978457 1.5162517 12.375217 -0.57281685 116.3650515206471 
Car -1 -1 0 604.2867667351378 174.5674805649323 667.7991499977949 218.56859400835526 1.527381 1.5991628 3.7157383 0.9237523 1.5966055 27.175129 1.3816924 38.62838548087218 
Car -1 -1 0 239.07216722239295 174.09983563383867 427.6534438856822 255.42870337147951 1.5483375 1.5911636 3.5213234 -5.85771 1.5776703 15.387077 -0.5526459 18.390071094292324 
Car -1 -1 0 305.5877826058904 173.9854537330429 457.20145003789224 233.36712535066144 1.5463061 1.626693 3.8193293 -6.486479 1.5817161 20.720566 -0.7090541 16.12821023143959 
Car -1 -1 0 449.8912982341193 172.69592262324818 470.97031664500884 192.3827008505616 1.5271008 1.5964468 3.7527435 -11.950527 1.5148385 57.96177 1.3835119 1.8389103329985927 
Car -1 -1 0 511.6515626594377 174.44181681009192 541.8033238470517 189.7924749209219 1.4933159 1.6303923 3.85585 -8.372363 1.6578718 72.6996 1.051364 0.3123904764652252 

