Car -1 -1 0 928.3920386673078 184.28645565515788 1011.5652509923302 218.10908681177682 1.4242457 1.6076016 3.819788 16.540842 1.6067278 32.173195 1.5007484 44.46738823911636 
Car -1 -1 0 1117.7082842702027 188.22971589219014 1230.115648666875 222.77030062154643 1.433676 1.6395924 4.283487 26.004053 1.8120099 32.47519 1.5462514 48.10190110703707 
Car -1 -1 0 875.667468728835 183.10810055990075 944.8681009983469 218.18809337654247 1.5023835 1.6032896 3.5751743 13.916649 1.627958 32.338074 1.5661004 22.728940956641917 
Car -1 -1 0 987.0484680206337 185.51025100883803 1069.5932662625219 219.43755673128047 1.4425945 1.5919373 3.900416 19.462282 1.6875228 32.6291 1.6114472 8.8590795628731 
Car -1 -1 0 609.7865534664224 176.04728825604815 635.2266555203696 200.21654960927341 1.4904976 1.5679793 3.4763637 1.1503396 1.2154952 45.34739 1.5786238 12.084416430741804 
Car -1 -1 0 305.70795540209974 170.90651515161443 357.8846136873399 196.04695699644915 1.5108998 1.6132495 3.8144588 -17.048397 0.9339498 44.447403 1.6347556 5.34831801554406 
Car -1 -1 0 649.3282028319708 170.5897287430794 759.2827794114847 214.3538561747026 1.6821754 1.7072303 4.237592 4.010688 1.3009973 28.358843 0.16076359 16.495136020647596 
Car -1 -1 0 536.1465653119807 175.6876009176089 560.3269780782049 194.1744427125984 1.5090518 1.6754448 3.929107 -4.6812544 1.1156839 59.691986 1.5855061 3.756894853084851 
Car -1 -1 0 920.8452406974342 149.8957748412616 968.0675770197204 171.2217559945871 1.4760349 1.5746447 3.7915354 25.22819 -0.71513844 52.535072 1.534167 0.5518663546064507 

