Car -1 -1 0 421.6925703283863 180.67622563988533 513.1814130202881 254.25414460481278 1.4978486 1.6279413 3.8453074 -3.238673 1.7043154 17.076057 1.5095625 96.83415862210839 
Car -1 -1 0 495.49613675847655 180.21266460267637 542.4026073040676 219.90205539666508 1.45319 1.5579681 3.769658 -3.5849044 1.7689047 29.042492 1.5311286 29.176715104965808 
Car -1 -1 0 861.2276598558087 188.5022859910659 1167.221109426903 299.5212297589742 1.5054214 1.5914763 3.7169676 5.921613 1.7586367 10.846725 -0.017944977 61.287998573950986 
Car -1 -1 0 757.9736538862354 186.30207026018923 914.8601897601562 249.15150685070103 1.5181873 1.582439 3.544953 5.791522 1.8822665 18.66729 -0.04311845 40.09602913792819 
Car -1 -1 0 779.993307376839 195.40896979902192 975.0939670216964 266.8652450170812 1.4152616 1.5638667 3.657894 5.7340107 1.9327481 15.694181 -0.043267157 47.99917331888355 
Car -1 -1 0 880.6253551270784 197.66847628146664 1242.0 353.91850791583386 1.4877437 1.6310338 4.1196575 5.394155 1.7960558 8.06106 -0.043253187 48.05706244460008 
Car -1 -1 0 691.5032301994213 176.85021337550958 801.6453272612641 219.44291386678657 1.6208636 1.6579473 4.0067163 5.3655524 1.7840924 28.55135 -0.046156242 22.20646800712537 
Car -1 -1 0 735.9680712857644 185.46052905291947 887.872222075588 239.70707443159733 1.4771359 1.609015 3.9470525 5.8167534 1.8600926 20.9972 -0.06001438 12.425179224089588 
Car -1 -1 0 609.1046577969164 180.75319253082304 636.4716964303152 201.36355260577722 1.4914178 1.5598255 3.8186126 0.98794645 2.1234543 55.737007 1.4389241 6.094061884105093 
Car -1 -1 0 703.0234528592056 187.00447613661063 819.3321721058572 229.87018609361115 1.4402559 1.5842776 3.776672 5.3718853 1.9648864 25.808334 -0.08124103 10.840858660321596 
Car -1 -1 0 649.5394241966418 179.26560406940038 689.0097379419598 207.99922793825903 1.5651462 1.6179038 3.973907 3.446972 1.9590951 42.27706 1.4729291 2.7782397558363927 

