Car -1 -1 0 755.6058947192 190.38104272145426 916.4581172085557 284.66312854132883 1.3796449 1.5372415 3.365128 3.8929467 1.7372906 12.967251 1.4621363 106.18899570192545 
Car -1 -1 0 512.3369474017968 176.86050735897163 553.4662220727739 211.49525023761228 1.5080659 1.632699 3.8001356 -3.534684 1.7063541 33.78617 1.5405669 40.51950469780704 
Car -1 -1 0 247.62621830061195 181.9157353094505 456.9879352723201 322.68865345695656 1.4514158 1.5744303 3.4607215 -3.102797 1.5916383 9.414905 1.5447508 117.68152166137281 
Car -1 -1 0 727.225350856847 185.63417402201372 825.4534837109065 254.64355303484186 1.4231495 1.5636885 3.515221 3.8778508 1.7607256 17.295826 1.5776309 58.21614582775815 
Car -1 -1 0 49.73235294012573 169.79076242628926 185.1792992489851 223.9612630358586 1.5564289 1.6313236 3.8815029 -15.284268 1.4684157 22.67822 1.5631003 45.17416795412438 
Car -1 -1 0 228.4173791597818 171.59497036968156 302.2109239852457 207.51463841809033 1.5318493 1.5555059 3.4815283 -15.4388895 1.4781559 32.542835 1.6126102 26.163966040635913 
Car -1 -1 0 659.9311449611016 180.6559956229191 697.369706733498 210.04384081676318 1.5082301 1.5820494 3.9329743 3.7874064 1.9631281 40.078552 1.538547 16.485165015057014 
Car -1 -1 0 704.6172528177271 183.51213582283924 778.4228695093569 237.9185210601209 1.4867461 1.5686252 3.3843567 3.9558191 1.8384222 22.0976 1.5471042 21.677582974214232 
Car -1 -1 0 538.7847236340838 174.4169057784015 571.7456764536728 202.60195833076796 1.6880591 1.5950323 3.8758538 -3.3736625 1.7906985 45.409267 1.621433 12.141026193437089 

