Car -1 -1 0 323.56494805046515 166.31620695547505 493.3239919480834 287.75809811739873 1.6277854 1.6377262 4.0102654 -3.0190148 1.540154 11.678311 1.5685729 113.13198713548097 
Car -1 -1 0 698.6087299055615 183.4872722116246 779.707732041597 235.5548319896203 1.3853998 1.5482676 3.413264 3.8045766 1.7311527 21.69154 1.4795334 90.9768603437323 
Car -1 -1 0 528.8306348949781 175.03344725112154 563.799345601309 202.38936889907433 1.5279313 1.6090292 4.1521935 -3.6955338 1.6633273 42.729675 1.5953488 22.97624556013322 
Car -1 -1 0 438.48251924398295 177.44470667512707 521.1922275035001 241.77681977023565 1.4382722 1.531851 3.3569775 -3.1511242 1.5640006 18.067184 1.5500618 67.01597550683792 
Car -1 -1 0 208.20973075184094 172.31706223138073 289.6771085891 209.14497375003705 1.492742 1.5615883 3.8341284 -15.472635 1.4709781 31.173698 1.5846336 18.053156247153066 
Car -1 -1 0 88.39742032172767 165.7179111424875 204.07656030416936 219.37756157758486 1.7116137 1.5893415 3.8068545 -15.85434 1.4839895 24.92907 1.5575929 50.076017227985794 
Car -1 -1 0 686.2241545374122 180.68912608452618 743.6777098701365 224.54644812558027 1.4368956 1.5597831 3.5464404 3.7340298 1.7390101 26.047684 1.5719132 35.333652853180105 
Car -1 -1 0 307.20773523802745 171.89933523472874 363.36932372800726 200.55970911161094 1.5591288 1.591242 3.8371892 -15.590834 1.5071946 41.207695 1.620754 7.7042527639191185 
Car -1 -1 0 548.9362636530213 174.80339856423043 573.9295836770347 195.93634854089697 1.5101867 1.5611767 3.8089967 -3.5576472 1.6607935 53.829994 1.5841688 5.7507101122388695 
Car -1 -1 0 649.3079685859035 176.9863818006518 673.0488808249161 200.3588367685191 1.4960063 1.5397632 3.7770505 3.4708292 1.7865512 48.79885 1.6319228 3.211360115299412 
Car -1 -1 0 968.0028343193267 194.38705511280585 1084.9970473279102 240.19231430669205 1.6641777 1.6121067 3.5728102 15.989756 2.5175123 27.784649 0.0017708858 8.850899633194663 
Car -1 -1 0 1120.0594029552142 192.20127572723723 1237.6534790527166 231.7249229203738 1.7381978 1.7305001 4.192211 26.471338 2.6656544 33.629784 -0.045069814 10.58717966762432 

