Car -1 -1 0 808.2124660011675 187.6265477998745 900.0555219189332 255.7124430750789 1.4319642 1.5853004 4.0579185 6.045233 1.8489954 18.23516 1.7411418 71.22345601926247 
Car -1 -1 0 892.2162719607135 177.93905478137873 1200.916702419664 375.0 1.6694994 1.600309 3.9079177 3.9210932 1.73509 7.2134724 1.8287686 102.38166482510772 
Car -1 -1 0 779.1458378085978 183.9817479256103 835.6589118603666 224.63688909127723 1.5220556 1.6345834 4.2627993 8.256517 2.0253274 30.426765 1.6770366 33.06339625161687 
Car -1 -1 0 841.9023438611202 186.042066657328 1017.4123663452223 302.6961167678644 1.5515391 1.6474879 4.285163 5.202811 1.8180287 12.341442 1.7147377 63.377529658308646 
Car -1 -1 0 333.6595868314542 178.53080674793193 582.0752648100032 275.71800690776826 1.5251052 1.6290224 3.916278 -2.5647252 1.6330445 12.5871725 0.16897288 125.55140640317862 
Car -1 -1 0 800.3710706183535 183.68961718399382 868.3810299945346 237.63907943530754 1.5309432 1.6119151 3.8281674 7.1680384 1.911407 23.3115 1.7419434 24.93879466216515 
Car -1 -1 0 604.135473089051 175.93517604160496 691.7736338605306 210.02687512390634 1.7353008 1.7404696 4.442884 2.0608616 1.9039614 38.22643 0.18791674 26.57108390962814 
Car -1 -1 0 470.5682652189137 182.2483366184052 639.408539921123 249.6978705931756 1.4922345 1.6044241 3.8640125 -1.3531964 1.7443241 17.870256 0.40027457 28.033893556925797 
Car -1 -1 0 414.5928688015362 172.52809774156088 614.857677995083 262.00251042385355 1.7116295 1.653 3.8074563 -1.9366187 1.705395 15.078207 0.2521502 64.96279147281317 
Car -1 -1 0 577.0223266208864 179.00151527767153 671.6106805433835 213.59538313664953 1.4916968 1.6383202 4.104319 0.7008924 1.7789196 32.608273 0.1430019 20.880571309738386 
Car -1 -1 0 672.9081363956541 181.09861050683298 701.1896256654643 207.87263411339885 1.4973226 1.5495657 3.6384118 4.698576 2.015576 43.442677 1.7175646 5.186062208059103 
Car -1 -1 0 758.3751296785676 184.53522344576695 803.0211978205575 212.4610789205374 1.4925647 1.5710665 3.8664436 9.941604 2.2068822 42.163177 1.5357869 3.8420778930464894 
Car -1 -1 0 492.73054034562716 184.18317094387038 639.1676623873099 239.73088791034914 1.4256914 1.5917499 3.8770652 -1.2502651 1.7730726 20.626976 0.40629977 4.449535069584882 

