Car -1 -1 0 777.7278260494749 177.804599706053 1056.8516102860588 275.30478014976035 1.4428408 1.59311 3.794116 4.7793684 1.5277026 11.563833 -0.004227924 103.77798902961266 
Car -1 -1 0 420.90924151487565 186.19242744702126 478.86597635875535 229.8733579510338 1.477603 1.537916 3.5439715 -5.9708776 2.015726 27.30856 1.5311986 27.30274143247287 
Car -1 -1 0 694.7331201130717 174.37462105897538 869.8368124577771 234.34364781345516 1.5137017 1.6611699 4.235952 4.517154 1.5562394 19.222822 -0.062595695 52.67413109790892 
Car -1 -1 0 741.2869305637647 178.228472672681 961.4726408914129 256.9864483424199 1.4383334 1.5851265 3.8154979 4.6911144 1.5518675 14.27571 -0.09314323 35.26996870194044 
Car -1 -1 0 455.79252895660494 185.93014554479564 505.014591271577 221.60941607038006 1.4517759 1.5676883 3.6421168 -5.7581806 2.074051 32.515553 1.5703577 26.470720176452787 
Car -1 -1 0 625.2242005791276 171.58533856329095 680.2814634137499 192.4077333234612 1.5835301 1.6419045 3.9868364 3.3762047 1.4870489 56.54491 0.49725366 22.4547764245512 
Car -1 -1 0 511.4631693525066 181.0166261469054 539.9411325694678 203.45155539628533 1.4722836 1.5567914 4.0573645 -5.871152 2.070681 50.86271 1.5654207 3.7987370346272815 
Car -1 -1 0 596.2493350076303 175.5276520575361 615.4007732584962 192.32240483717504 1.4464674 1.5436695 4.0715275 -0.30910528 1.694472 64.86476 1.6097177 0.6561578398618502 
Car -1 -1 0 478.13557951102825 182.95165038460263 512.6406903585427 214.9181974352297 1.5271822 1.5849437 3.7086434 -5.905917 2.0805612 37.615326 1.4661839 2.241701892081784 
Car -1 -1 0 643.5198219182817 171.69741802636722 699.0137684647218 190.99700626388093 1.5016096 1.6408404 4.1162972 4.9361496 1.4116211 57.818718 0.48080647 0.5455985108301177 

