Car -1 -1 0 431.4041728176283 190.8529315259819 578.7279875398755 246.97138372566886 1.4115336 1.5809363 3.7644672 -2.8980517 1.9467862 20.204601 0.26292437 101.13001787935126 
Car -1 -1 0 246.46664613673693 191.93255814573538 294.22036148995574 226.08670773185622 1.4665344 1.6082938 3.826817 -16.553513 2.4560285 35.355995 1.2688248 43.128568534947306 
Car -1 -1 0 342.8811826495835 189.65697546422643 392.5638605110205 235.73926025716688 1.5140362 1.6179513 3.6873922 -9.033554 2.1929426 27.157265 1.2898569 39.436687709406634 
Car -1 -1 0 189.43490867633983 194.623263683808 257.3327042269912 238.50839030411996 1.455262 1.6025884 3.790947 -14.890836 2.361829 28.00217 1.2792124 32.17576751735334 
Car -1 -1 0 354.4891904956845 184.75787641925146 394.7144291407477 223.45544832813692 1.6010227 1.6688669 4.1259503 -10.89539 2.1893404 33.43921 1.2496419 3.9352866132670155 
Car -1 -1 0 270.2316943610714 191.26047095250934 319.8789975094644 221.50775397020246 1.5209205 1.5931914 4.0341554 -17.783398 2.6198573 40.9656 1.4218122 3.4396648014937323 
Car -1 -1 0 50.03823435243858 176.0035862000119 118.7298572880532 208.08140108553235 1.5797188 1.6697581 3.5544028 -27.445145 1.7532511 37.832546 1.3377914 15.982603435768343 
Car -1 -1 0 880.3187769450583 188.6149624657972 945.0502769627409 211.2274518030464 1.4567266 1.5495093 3.9654317 21.500233 2.6207426 51.283337 0.85623693 1.6089767104011798 
Car -1 -1 0 985.7355909297152 173.05055060716842 1070.805771480629 208.37787148299694 2.1397994 1.750833 4.356777 26.594547 2.1529124 45.933723 0.8384273 1.0794349798459255 
Car -1 -1 0 530.7702510356065 187.4752287230699 565.5951717058863 207.10555866092704 1.4751327 1.6344106 4.1018314 -5.1168423 2.7298782 59.713585 1.1570389 0.553298587853626 

