Car -1 -1 0 725.7019651714148 181.13580015613772 891.8318155195792 287.63857685666255 1.6333842 1.6380526 4.1200037 3.5073423 1.8130724 13.52602 1.4748056 116.55484017968095 
Car -1 -1 0 683.0015188844739 184.30911007512495 769.5185832891009 247.1980715435865 1.4644252 1.5954094 4.06261 3.049607 1.8081628 19.600182 1.5449162 82.91683930611246 
Car -1 -1 0 373.7654689308064 174.90892517938957 440.85469226915654 214.1724147136863 1.5373337 1.6713295 3.9349592 -8.441441 1.6296657 30.43943 1.5870502 73.4659460692864 
Car -1 -1 0 0.0 177.53730912391987 199.2967115847489 287.1085533997631 1.4653475 1.6634401 4.1756754 -8.825604 1.5564066 11.929043 1.5857729 103.02501504474287 
Car -1 -1 0 673.6870506824188 182.5329447711684 730.9748644592216 229.88345098254476 1.5001835 1.5636615 3.4616754 3.184054 1.8627657 25.298615 1.5708319 40.40254014951792 
Car -1 -1 0 144.55970134348536 175.82264646690624 308.7659905314704 250.22054600143034 1.5070968 1.6707927 3.9388692 -8.67075 1.5842083 16.758432 1.5882955 69.69606875753583 
Car -1 -1 0 425.2291088465808 177.20211718466348 479.011988183395 208.91282644916993 1.4664698 1.6143361 4.20437 -7.7970896 1.6967952 36.08687 1.6124367 14.909037034821319 
Car -1 -1 0 638.1180536217489 179.50751725565445 690.250445622628 213.02545752972992 1.4863522 1.621763 4.025131 2.5790763 1.8281797 34.95306 1.4102826 0.9909532407825791 
Car -1 -1 0 0.0 148.87209037516033 150.13470809378063 210.5120676041273 1.6806633 1.6310174 3.524961 -15.396432 1.0267773 20.577133 -0.05072853 1.0017380261570672 
Car -1 -1 0 650.5491333975376 182.2442930448284 713.7218230152342 222.3680287569537 1.5049222 1.5522141 3.691997 2.9407911 1.9203271 29.951468 1.3595088 0.6987669622186385 

