Car -1 -1 0 253.9207749814708 179.11672172789739 416.16309992643875 269.9728992519108 1.4690275 1.6815307 4.226809 -5.124347 1.6099926 14.1010685 1.5381179 102.40124762902857 
Car -1 -1 0 411.80710094557105 178.5670757486994 487.5095701658696 227.07452268451453 1.4651626 1.6682138 4.3699846 -5.3163757 1.6766357 24.509983 1.5546062 62.31756842334192 
Car -1 -1 0 470.7149101667682 176.79567916640036 512.7615878704016 209.69011297964136 1.4795542 1.5836663 3.809459 -5.6357756 1.6805918 34.859863 1.522416 32.9567231254138 
Car -1 -1 0 913.5884624997063 190.16341369880996 1242.0 334.72138289882673 1.4062165 1.59524 3.8792958 5.6684 1.6194428 8.053541 -0.019212482 99.33375233595638 
Car -1 -1 0 837.7232018008488 180.88238756047093 1158.620564024762 291.00309781387494 1.4783752 1.6114494 3.9290287 5.6149044 1.6076488 10.718092 -0.048575528 61.664729066100335 
Car -1 -1 0 730.1743751601787 174.89751125065752 890.2026210315988 241.59410206912148 1.6014965 1.6027037 3.581611 5.012165 1.6559147 18.297947 -0.0652786 44.36188901872918 
Car -1 -1 0 768.4529277838757 181.54790678883867 961.0628330766759 255.13027705356004 1.5122771 1.597317 3.6979222 5.574767 1.7165604 16.003948 -0.083587095 24.177941065467916 
Car -1 -1 0 678.2559685939134 174.06774436980592 799.3400940040128 220.20331039226787 1.5822997 1.6702251 4.143393 4.5481834 1.627529 25.844479 0.10274719 16.56895137220382 
Car -1 -1 0 785.0309878549402 179.71020563119498 1028.7206886365716 266.05175162076193 1.4879916 1.6108816 3.9591196 5.506111 1.6268653 13.605045 -0.10572418 17.982755991016102 
Car -1 -1 0 661.2623705991276 174.97105562112375 732.007452725904 201.96054930370244 1.5306349 1.6217682 3.8775868 5.0247126 1.6562638 41.937557 -0.035689406 4.7174876601468485 
Car -1 -1 0 716.8851998153882 177.44733000629586 866.909743829097 231.57535934462436 1.5007105 1.6112323 3.9462323 5.228015 1.6398189 21.000473 -0.023227008 5.997566139658968 
Car -1 -1 0 681.2946418343005 169.62886454708453 792.3237326236263 216.96488730812663 1.7989905 1.7065086 4.0428576 4.926431 1.6764201 28.29679 -0.010771208 2.2845159427536483 
Car -1 -1 0 638.0389091420637 174.35604289191537 663.5569679811749 197.27619832938703 1.5217869 1.6521076 3.96355 2.9039733 1.6305944 50.221455 1.658654 2.2886132777053687 

