Car -1 -1 0 691.3936753670998 182.41023185743083 800.9260105693955 275.5057921724669 1.5756626 1.6339328 3.571514 2.5884142 1.7904205 14.400007 1.6083503 122.49995846368127 
Car -1 -1 0 189.30234200263172 175.29431198915458 284.521668093472 220.92507312227482 1.5709276 1.6168044 3.658495 -13.761602 1.6680576 26.878056 1.5853581 77.44887764992039 
Car -1 -1 0 583.1066111231662 176.20611461561361 640.536868412389 234.32271997295618 1.6514763 1.650111 3.8762975 0.07407677 1.7658174 22.669735 1.5755577 40.17587124594941 
Car -1 -1 0 651.7816352219318 179.68718849366752 701.951647264829 222.60888000089832 1.6290588 1.6360273 3.9402933 2.7311945 1.9320478 30.00592 1.5488107 47.51477816626277 
Car -1 -1 0 312.7677281228825 177.0326063722976 374.685928724087 209.2029121073442 1.5331696 1.631089 4.162298 -13.547001 1.7595836 37.012104 1.574053 20.13276758334886 
Car -1 -1 0 58.0166113103984 179.01953792894412 200.7108998138153 235.2250250250349 1.4776415 1.6101397 3.8091362 -14.000399 1.6762414 21.316618 1.5970668 35.658720718898266 
Car -1 -1 0 678.6920448731938 187.6830601461274 754.3485376146872 247.23901832607464 1.4297577 1.5544046 3.5425706 2.869277 1.8768799 19.980724 1.5661057 9.823496520871714 
Car -1 -1 0 628.6905090870594 182.12278505909322 672.2860989032931 214.99024930408976 1.557896 1.566753 4.0601454 2.0692115 2.066732 37.5007 1.4491168 5.745913508345255 
Car -1 -1 0 395.1353048652418 176.64757948887276 431.4081562356719 199.21702472620868 1.5501482 1.5543711 3.757653 -14.121165 1.8338991 52.080975 1.5833282 4.622779771569905 
Car -1 -1 0 461.23601611235296 178.88207833686562 485.9499573656305 194.39152663369532 1.4958668 1.5663855 4.1708546 -13.78748 2.1263738 73.35293 1.6126561 0.27813491225242615 

