Car -1 -1 0 679.0704156586762 179.18023778198497 762.0751197271123 256.4057343856922 1.742949 1.6610907 4.213546 2.7652006 1.9262615 18.771267 1.6082814 121.91417283075646 
Car -1 -1 0 763.9988335051519 201.40652327370938 1039.836167951003 375.0 1.3906941 1.5702897 3.9233453 2.991689 1.7971953 8.307087 1.5659958 108.44150129806849 
Car -1 -1 0 580.574514636129 176.63738984770626 635.5193647196345 231.80931387660326 1.6667252 1.6832012 4.2392774 -0.017807722 1.8048996 24.220604 1.5844573 40.59655208776907 
Car -1 -1 0 656.7381577528669 185.44649143546337 718.6634031866059 232.03557525116503 1.4948032 1.5997713 4.1068864 2.770728 1.99174 26.378586 1.5141639 28.523269704446967 
Car -1 -1 0 166.71856431540127 170.89510787753434 279.5006872969696 217.2723987966001 1.51266 1.6984663 4.365923 -13.604996 1.4487679 25.720922 1.5660549 49.10977550041106 
Car -1 -1 0 644.8890880594417 184.31271126991905 696.2585366714985 221.5747845174633 1.4569753 1.6140226 4.2695527 2.610477 1.9958065 31.743294 1.5006357 34.64595956302449 
Car -1 -1 0 330.9550073598416 171.73692516341384 388.61993075527886 201.56560476877718 1.5977081 1.6021498 4.073289 -14.022602 1.5378742 40.736214 1.6422229 17.530076898035414 
Car -1 -1 0 638.0675351129653 181.2018502558179 675.9043144299392 210.67156307806027 1.5550666 1.5782509 3.700657 2.65365 2.0524838 41.076996 1.4759239 8.586547649178348 
Car -1 -1 0 260.33670227271995 172.84100309603912 330.3453035945699 207.8476522867907 1.4601792 1.5383546 3.6179483 -13.80831 1.4596369 31.909975 1.5647819 12.56944243172986 

