Car -1 -1 0 933.5829819841975 170.29126708807757 1148.8814216955477 237.81666921648457 1.4799569 1.620414 3.9893928 9.879004 1.4237893 16.744802 0.061273552 75.46016459419818 
Car -1 -1 0 705.4963469238266 171.15403808586245 906.1194378782204 239.40506701263058 1.5206208 1.6945214 4.4349794 4.571605 1.4827459 17.29681 0.17533134 163.07377002566594 
Car -1 -1 0 665.4333754567474 169.78980296967987 757.813449616772 211.8151728560233 1.4189336 1.6060873 3.8486173 3.7936165 1.3154747 26.365982 2.2457447 59.099359464183834 
Car -1 -1 0 592.6617006250111 171.4466591294034 682.596206350009 213.74652913533154 1.4520168 1.5507826 3.4387088 1.0866201 1.4037073 26.589285 2.2574859 60.137992432643394 
Car -1 -1 0 258.56484292006 177.84878849781177 369.3532362641026 224.152818021735 1.528491 1.5485462 3.194488 -10.180022 1.7077903 24.96099 0.10688996 69.57271177622566 
Car -1 -1 0 972.9056776483139 167.37195285520076 1242.0 257.9033213319512 1.4450382 1.6012654 4.028908 8.697683 1.3575351 12.453228 0.0682918 20.24279586382966 
Car -1 -1 0 931.9985639996576 159.75700583623794 1020.3052996058829 203.62814840144281 1.4605441 1.5777429 3.7136846 13.171289 1.024523 25.846088 -0.7285631 21.108647910049882 
Car -1 -1 0 747.5594743993494 170.02779909608319 833.4737342035269 213.49417516497522 1.4325011 1.6216676 3.6348627 6.502538 1.3393592 25.708376 2.238892 5.19631576641291 
Car -1 -1 0 836.9537572423391 164.4453810577225 922.5132845578108 209.81587642702073 1.451386 1.611817 3.6278222 9.403719 1.1823971 24.980412 2.2846966 12.3546895783126 

