Car -1 -1 0 572.387565365001 182.9677227148055 650.2153906794681 254.93299831872667 1.474452 1.652127 3.704715 0.058187015 1.741198 17.168394 1.5825269 59.17955426648489 
Car -1 -1 0 703.9008126512041 187.03693684189054 861.0723917432326 304.4548618586023 1.460881 1.6078155 4.2549734 2.5563176 1.7318891 11.641366 1.5943235 107.59484604401983 
Car -1 -1 0 255.0188578161479 193.90712706173525 451.0747141638442 307.30238160621457 1.4320061 1.6716554 4.2542524 -4.0003853 1.8464754 12.057091 1.5962365 150.92998355317752 
Car -1 -1 0 677.4942053015336 183.76008986357405 743.6804908255092 245.86393607019585 1.4751238 1.6272767 3.4824822 2.7688415 1.7997513 19.631777 1.7245622 48.9668685551443 
Car -1 -1 0 539.755417062108 182.4185070914963 591.0069587948881 217.043401691202 1.4083827 1.6047939 3.7092485 -1.9204282 1.8632455 32.36904 1.7051859 34.11753095508972 
Car -1 -1 0 287.76349971574217 185.89360368830376 370.27913195583693 220.2570003931114 1.62628 1.6323564 3.6995244 -14.0560875 2.305396 36.334846 -0.24695797 23.48779526207173 
Car -1 -1 0 604.4138846772454 175.42693514697714 659.3390302837201 227.7186268058163 1.7443433 1.6607213 4.0866446 0.89022505 1.8460848 26.405052 1.6885952 29.194586275809044 
Car -1 -1 0 670.4409299380084 182.64353888268988 724.9250524661497 233.57985745304478 1.484724 1.6446513 3.8176196 2.9755986 1.8352549 23.821085 1.7295258 8.244777814270847 
Car -1 -1 0 160.84517314252543 194.00053205470505 258.7032306170151 226.08743389997403 1.4640648 1.5988374 3.8817465 -19.530422 2.5319736 35.37845 -0.13838997 16.775793024729648 
Car -1 -1 0 372.87120863143684 184.0886019073539 454.6241823925128 214.48827626048447 1.6089913 1.6823975 4.216257 -11.211414 2.2824144 41.402725 -0.5713626 46.131981498595096 
Car -1 -1 0 93.23880803236632 192.24897721184402 172.54446189164742 217.79503443966053 1.4882834 1.6216048 3.89461 -30.016956 2.7502973 45.553215 -0.32908106 9.649338033741964 
Car -1 -1 0 5.469647295465452 197.3283357829079 116.32527132140206 232.04091524116043 1.5189276 1.6158193 3.889068 -25.667599 2.6991906 33.850597 -0.07174213 3.116838837015076 

