Car -1 -1 0 40.45055951064725 201.77683983457717 329.84012325772505 346.14248731402324 1.4382504 1.6840479 4.196496 -5.548626 1.9302304 10.1552515 1.5463948 94.94925095222965 
Car -1 -1 0 273.1029760215643 195.71223312876214 409.16450831771044 277.25289730217617 1.4521798 1.5969579 3.7248285 -5.687481 2.0105681 15.760855 1.5674114 86.70491537533182 
Car -1 -1 0 701.6624338963486 182.7595371642254 871.3755615085364 236.2082250073952 1.4201171 1.6687695 4.3839283 4.889525 1.7112634 20.348564 0.011290644 104.98652961572478 
Car -1 -1 0 405.35364274769455 189.58065288688837 479.92590967170247 237.63563977585116 1.4721014 1.6341443 4.122946 -5.8214884 2.114154 25.62184 1.586942 56.04077273699042 
Car -1 -1 0 675.4481564123555 182.95660449626857 789.3272001981816 224.4340120584438 1.4919177 1.6284168 3.9988296 4.577453 1.8854885 27.242382 -0.02646526 32.298077361585875 
Car -1 -1 0 785.4783933682157 192.86759558649877 1202.6619975950582 334.5003489382621 1.4315453 1.6133265 4.0925317 4.32716 1.6928256 8.488006 -0.061935652 87.79402103526365 
Car -1 -1 0 490.47409857205383 184.7935706750811 524.9907921956441 207.75335039337625 1.5068095 1.6184578 3.745484 -7.3043613 2.3929477 51.51265 1.1974382 3.5342909153166593 
Car -1 -1 0 656.3574397111006 183.1158383793139 748.2678012457852 216.21181792828818 1.5398157 1.6508999 4.186863 4.4924197 2.05584 35.247643 -0.10256297 2.3368443886338266 
Car -1 -1 0 456.49962634829456 186.90258087576947 532.9720299106175 220.14274238755831 1.506261 1.5636395 3.4353023 -5.6366606 2.2240014 35.398697 0.46125495 5.280402668854507 
Car -1 -1 0 648.9591591024927 183.23454101691007 716.6913893512376 208.99546551255028 1.4872919 1.6061661 3.8788767 4.341918 2.1194417 43.126507 -0.005330575 2.1690597266456897 
Car -1 -1 0 662.4099877801024 184.84048381443176 752.0430352898913 219.59202673332177 1.4787511 1.5868837 3.7368305 4.3144016 2.028271 32.19558 -0.048614472 0.29337722063064575 

