Car -1 -1 0 756.8904489069691 191.00112580979896 1081.0648166556314 375.0 1.4421389 1.604431 4.151892 2.8828616 1.6910619 7.794955 1.5363626 91.60007970723224 
Car -1 -1 0 693.5792656604232 179.963164447406 837.8124710148071 279.4108960550754 1.4825189 1.633635 4.2293196 2.6457305 1.633534 13.19421 1.5477476 108.48023742926829 
Car -1 -1 0 665.1165378708309 175.57398156261095 735.0443445163138 229.06876226467168 1.5082313 1.618387 3.717092 2.7226985 1.599799 22.412258 1.5457458 50.92910618782086 
Car -1 -1 0 581.9842976663163 166.7278269664905 645.5315054550612 228.74316964368742 1.6216481 1.6622908 4.114505 0.12663357 1.4614538 20.931686 1.5791126 43.9635357516589 
Car -1 -1 0 82.51501107071675 170.386695445365 217.1254933708178 222.96836945736703 1.4717586 1.6108744 4.023835 -13.96665 1.4026988 22.215672 1.5608051 57.478461987472876 
Car -1 -1 0 658.3923803069775 176.04650025904175 713.7132979521352 216.00810522572414 1.4512242 1.5607758 3.7494173 2.9441316 1.5855095 28.429829 1.5078785 17.869783054986073 
Car -1 -1 0 651.8548382247639 175.84025629772563 693.3799975298555 208.54325635414628 1.4594138 1.5146298 3.3518693 2.9439874 1.6081481 34.224728 1.5196912 16.429887915883292 
Car -1 -1 0 635.7786307997444 175.20518069315264 662.9204466374568 199.36582324448622 1.5106906 1.5685291 3.798803 2.5774465 1.6712924 47.38574 1.5695913 4.364825425481452 
Car -1 -1 0 353.23702236715195 173.21361521128517 401.8107139800308 200.41781526618146 1.5621202 1.6123736 3.9485507 -13.912921 1.5847741 43.46917 1.5837427 3.39537121904957 

