Car -1 -1 0 167.5905290268336 187.85797007088058 334.9761865553626 241.11865333561323 1.4341052 1.6643198 4.43239 -10.834809 1.9285294 22.080381 -0.43970758 77.21753924379769 
Car -1 -1 0 395.54059366591434 182.95972697490132 514.8518540613153 229.03459516163667 1.4544709 1.6149777 3.872025 -5.3654046 1.8270853 25.03493 0.4500976 83.9248955329498 
Car -1 -1 0 666.6410757327379 174.81658288754502 711.2360684850602 208.95007382794978 1.5962641 1.6616657 4.283264 3.9118383 1.7004805 36.153217 1.5458585 20.622808216913374 
Car -1 -1 0 394.51195767107515 182.46021989822958 462.9244365605319 215.82027417190616 1.4409852 1.6311752 3.9221387 -8.551604 1.9274263 34.452423 1.7730327 11.447004936473713 
Car -1 -1 0 38.49721524277639 181.1780590267381 196.8166852258105 239.43132500684092 1.628933 1.656261 3.9397917 -15.36154 1.9122181 22.639643 -0.713935 47.872035947442136 
Car -1 -1 0 194.6566843951986 181.7038141647217 238.33748384628035 215.24772363986264 1.4367838 1.5736779 3.602983 -18.412066 1.8767767 33.90792 1.1364816 13.50494398647568 
Car -1 -1 0 0.0 188.82705776719627 127.05321387709458 253.61370524929646 1.428658 1.5791674 3.5657582 -14.919602 1.8878889 18.805788 2.0950484 19.15412795638478 
Car -1 -1 0 652.5770068111201 177.14408927804539 688.0117819428328 204.4401232884833 1.4932374 1.5820122 3.736026 3.4881043 1.7541089 41.972633 1.5244768 2.688023300296578 
Car -1 -1 0 491.41672344109224 178.9001607040393 518.1370835565057 199.92382735304167 1.4565747 1.5612822 3.7961001 -7.665053 1.9170849 53.027893 1.5295991 0.6425944693268586 
Car -1 -1 0 16.435984566168326 180.41068445365713 165.7693773387981 235.3349403914866 1.6363657 1.6445757 3.8881047 -16.986046 1.9045255 23.799261 -0.62614745 0.30545371770858765 

