Car -1 -1 0 699.8095675003382 176.2920090936602 812.600265277673 257.8598768160238 1.4951036 1.5994788 3.9856858 2.9714885 1.5779214 15.3873 1.5719405 102.70929101623565 
Car -1 -1 0 749.7090832332224 182.8309807179246 980.9245560575195 324.5635017265906 1.4029739 1.5999997 3.9714007 3.0174742 1.5605657 9.409605 1.5685669 90.18815016262417 
Car -1 -1 0 598.2341887660866 174.19307280463744 633.2072846247818 205.06037035196317 1.5433092 1.6344229 3.6921072 0.36896843 1.6176062 38.136993 1.6380998 27.01209885648946 
Car -1 -1 0 258.4662434941119 187.18057686486404 428.1879146820926 244.4767672958689 1.4232502 1.5899346 3.9352674 -6.9841323 1.8213608 19.199463 -0.02855409 39.42848787293759 
Car -1 -1 0 198.0564541585347 189.27239145365687 386.7209258528365 255.10364442652326 1.4124936 1.5738246 3.7183363 -7.30677 1.8156747 16.823318 0.059045013 74.73189674093436 
Car -1 -1 0 0.0 199.33170255954343 236.8151570660309 322.936116031496 1.4219056 1.5918952 3.9314966 -7.2990694 1.8043759 9.548681 0.04000429 49.557489301494115 
Car -1 -1 0 50.08750745742811 194.15507331332668 306.7142876849429 290.0304461715333 1.4474401 1.5376265 3.3693779 -7.06028 1.82618 12.037123 0.013836397 64.29724024904787 
Car -1 -1 0 321.8887428409868 180.10813573694358 458.2564962732299 230.40937885154838 1.5396433 1.6224068 3.8841915 -7.0037637 1.7824335 23.247314 0.04723478 46.16655662292876 
Car -1 -1 0 397.10063098625784 179.65617388669466 492.82221610843806 215.78363520569076 1.4843571 1.5935769 3.7004445 -6.9912176 1.783512 30.854519 0.044455413 14.729552375925952 
Car -1 -1 0 363.3890245631762 180.8818467642089 478.37537570198907 219.84958690035006 1.4487052 1.6161823 4.06092 -7.370453 1.7760648 28.345676 0.13667488 11.207413099684882 
Car -1 -1 0 437.5993397796252 176.28221180155094 519.0084898503785 206.18880422804497 1.5168948 1.6114402 3.9168684 -6.919642 1.7040339 38.13571 0.24201371 2.24024201507073 
Car -1 -1 0 419.21837042078204 176.6617373908146 502.12839393199573 209.09986051890846 1.5351045 1.5891936 3.7219145 -7.3692083 1.7308047 35.769238 0.30354327 1.1004003627452281 

