Car -1 -1 0 683.1183303197038 178.26364119666175 816.1352984576919 279.0650113159743 1.5392185 1.5975032 3.5450308 2.3649702 1.6502558 13.010531 1.5354658 97.19557162335019 
Car -1 -1 0 643.5969404623522 180.18798326584366 733.5904010500892 246.0700012310254 1.4310333 1.5999495 4.3020225 1.8788192 1.6398275 18.351068 1.5173115 73.69574951264282 
Car -1 -1 0 612.5372960369045 178.03604544546457 648.629752924468 208.7076808462399 1.4620552 1.6177435 3.97295 1.0315384 1.7428341 37.084404 1.5396245 37.81283718577925 
Car -1 -1 0 406.9224479994303 185.08489588353135 504.33683167808493 221.69395085484697 1.4195518 1.5822504 3.7455146 -6.5393553 1.9691098 30.755388 -0.55969703 57.37952656485321 
Car -1 -1 0 0.0 194.4883557199417 288.72958284153106 372.4935773156744 1.4984984 1.5563513 3.3810878 -5.547222 1.7874134 8.047907 -0.5906832 102.9721689397639 
Car -1 -1 0 107.11174069616602 196.55672899014263 394.31349999426203 315.21153138472897 1.4381659 1.5931945 3.770471 -5.484124 1.865386 11.2298765 -0.6501069 74.23623538502407 
Car -1 -1 0 264.49254519944037 190.16311059516997 450.3869975422382 263.6912992144803 1.4627469 1.6118077 3.8387702 -5.846307 1.9078312 16.853899 -0.5577335 39.642667194095594 
Car -1 -1 0 448.3979153215813 180.79108860893797 522.0871923939169 210.8281106945314 1.5703546 1.6258305 3.7157798 -6.9153185 2.0303252 40.19619 -0.5116163 8.068662163741761 
Car -1 -1 0 599.1726843717411 175.74012154524064 625.5079224975174 199.02866806700274 1.5334342 1.5660677 3.956685 0.15771075 1.7416654 50.034805 1.507978 0.26239070296287537 

