Car -1 -1 0 346.23512924502376 191.67015709866877 410.0115524518177 238.03784353569702 1.4796346 1.6597286 4.1381936 -8.552415 2.23946 26.963001 1.4129797 22.147924622976944 
Car -1 -1 0 732.747225316271 184.82460500957743 987.6584875777185 276.336057668203 1.4773138 1.6353084 4.07478 4.456094 1.7129729 13.0742 -0.15922499 114.43978658368489 
Car -1 -1 0 890.2310531581998 181.599073227882 1242.0 336.68763664584804 1.5022478 1.6139932 3.9090939 5.4157515 1.6127626 8.110547 -0.10521318 68.17991028040524 
Car -1 -1 0 665.7553654231984 179.46496484639758 845.0760620420143 251.97854411067186 1.6626581 1.6684967 4.0438952 3.5750277 1.8381515 17.957968 -0.18712652 39.52988168739464 
Car -1 -1 0 557.1332364903787 185.11147213375597 587.2151245463356 214.5704155064185 1.5251229 1.62292 3.7040758 -2.153701 2.2514186 40.84731 1.4979323 22.460768188071636 
Car -1 -1 0 639.8255256371809 187.8634651433542 774.2091890990052 238.35589172601732 1.4456697 1.590126 3.8477046 3.006823 1.9386411 22.526684 -0.20586286 17.786756220562857 
Car -1 -1 0 688.0438725749951 186.6561173453883 891.0797143138656 262.3616413291863 1.4873989 1.6115204 3.9232886 3.7811632 1.8027998 15.510513 -0.08946837 29.274352856913218 
Car -1 -1 0 588.646645614057 185.06354236345575 677.2248235196209 222.35875117566792 1.5829506 1.6185036 3.7195487 1.029277 2.1536689 32.558643 -0.20364887 16.158240797655647 
Car -1 -1 0 259.76915903685637 180.74137129823987 388.42596852284026 270.6758387864194 1.8444052 1.6563283 4.157187 -6.6529717 2.0566885 17.294968 1.5104564 79.20060696784961 
Car -1 -1 0 626.473342024477 185.28797840718818 742.3689056150334 232.4595407186853 1.5218549 1.5895413 3.702828 2.5946112 1.9781417 25.211967 -0.27403498 11.196654996339374 
Car -1 -1 0 602.6050726759822 184.82440019585863 706.6079787515479 228.03223895472806 1.5484582 1.5957276 3.688531 1.7294793 2.0337036 27.921383 -0.3134647 12.606909529072663 
Car -1 -1 0 390.4771576799596 191.38115253996662 437.95420670224263 224.76925114237682 1.5079575 1.597965 4.0735455 -9.946867 2.511503 36.994392 1.499407 1.8793901075704986 
Car -1 -1 0 603.5324631178537 187.10763919060452 704.110427663322 225.45607332991116 1.4971896 1.6211915 3.918756 1.8395697 2.1215594 30.353825 -0.23969553 5.720383717239932 
Car -1 -1 0 132.33278264886863 207.53653610454197 226.9023439914517 254.9732332924193 1.4637256 1.5914829 4.071896 -16.235943 2.8864799 27.480515 1.4471198 1.7514129201790545 
Car -1 -1 0 413.3297495587545 191.35079735728996 440.99521027489993 216.36946468811368 1.469018 1.5408322 3.7095854 -11.90419 2.7304504 47.24053 1.3819685 2.7256448118898553 
Car -1 -1 0 531.710523581888 186.32158819155052 563.1161542762269 204.62966259055835 1.4845934 1.5553647 3.7626395 -5.434105 2.7075055 63.499294 1.8356802 1.3078238912097493 

