Car -1 -1 0 730.416858358109 172.06827494430857 854.4899261213384 260.7369629832383 1.5112699 1.6204292 3.8528833 3.4452977 1.497878 14.256401 1.6124449 92.11117962534453 
Car -1 -1 0 680.3004409489206 174.13653826622047 739.4293606705767 223.36768850654636 1.4613874 1.5440608 3.29717 3.153654 1.5055616 23.178648 1.6038508 77.54960070648379 
Car -1 -1 0 791.8370888055432 176.3537520501073 1039.6603819703175 326.90804810793867 1.4114604 1.5718703 3.686174 3.3816037 1.4628968 8.728145 1.6155798 79.92558127595827 
Car -1 -1 0 0.0 200.8071055839744 136.8397817946073 263.56056195651627 1.4454901 1.7106744 4.316079 -15.98227 2.3363876 20.790676 1.6309557 104.65344212695076 
Car -1 -1 0 127.58022892966713 195.29955783492417 232.00639524755846 241.4736299318554 1.4490733 1.5323286 3.5191135 -15.4858265 2.3204937 26.206432 1.6369592 67.76640491430771 
Car -1 -1 0 413.2989881031349 179.9170648951634 468.5903952591877 198.18687236208837 1.5214387 1.6922302 4.4446783 -14.756946 2.1570737 63.186314 -0.46197027 12.261196743244197 
Car -1 -1 0 562.1560414152 172.92241853643753 611.630240553187 191.6483089127293 1.5736027 1.6382953 3.9474688 -1.9571218 1.5796504 62.213707 0.4310415 11.458197085405905 
Car -1 -1 0 461.81252748748915 179.88321532931613 491.3028878954265 194.52148640236624 1.4394743 1.6464556 4.2080045 -13.840647 2.194635 75.29924 1.7495016 2.5396863312418048 
Car -1 -1 0 211.98728822707739 185.3447636360466 278.99856225800625 210.62029070358258 1.4956989 1.6257966 4.208099 -23.691431 2.3501008 47.127304 1.7823465 3.415834367260197 
Car -1 -1 0 344.02110977063825 180.13811301426136 391.67273290208715 200.01749373999303 1.5168368 1.5974917 3.5137825 -19.522327 2.1257498 58.39128 2.0656145 5.780866841297079 

