Car -1 -1 0 823.9160880598688 163.17335575722646 936.9463073704317 250.17811834666475 1.6161948 1.6277001 3.9254003 5.6497545 1.4363678 15.483652 1.759242 106.23413119103976 
Car -1 -1 0 382.3378472185837 145.3578703718208 455.98264558212463 181.894610256223 1.4659367 1.5330107 3.4991388 -8.059867 0.36272958 30.834745 1.8214555 51.3306888213187 
Car -1 -1 0 431.4667625691402 144.73846747703348 494.8975820475304 176.38569036069197 1.4443386 1.5894374 3.9534001 -7.0278883 0.16118163 35.026985 1.7753787 26.303916612424977 
Car -1 -1 0 802.4431346357796 157.75239269548194 863.7288563660139 202.10729025885715 1.412435 1.5976794 4.000065 7.683135 0.93154013 25.090767 1.7589585 30.819968094195247 
Car -1 -1 0 723.3228786482184 149.19668085191373 785.8165824624255 210.61986938975485 1.6523457 1.6618525 4.4669194 4.3585043 1.0159398 21.762133 1.7655476 32.89817008513488 
Car -1 -1 0 889.7682339904441 185.73359110495167 1242.0 351.6402340202111 1.4171025 1.6318468 4.295037 5.348657 1.5920227 8.112181 -0.4617094 34.18762041977784 
Car -1 -1 0 58.848018076976835 145.099796671165 208.44292805236788 197.79947787085757 1.5261916 1.6256196 3.912221 -14.588323 0.7224251 22.165562 0.24894829 56.92413609727606 
Car -1 -1 0 0.0 148.98421588553214 120.37965632556815 207.92299544355043 1.4659321 1.6072035 3.9246142 -15.322848 0.87224 19.232433 0.26308104 15.126729899532208 
Car -1 -1 0 490.0395423604287 143.5741570148426 532.2774065243387 170.71905166298325 1.4823537 1.6021938 3.9774632 -5.640652 -0.12965813 41.772163 1.65279 7.320175145574264 
Car -1 -1 0 155.64887845736982 138.5594348926768 279.8515792006353 190.8983744305608 1.7061825 1.6468111 3.6913161 -13.473478 0.5882234 24.850872 0.29842642 31.151957402411526 
Car -1 -1 0 791.0605550037852 147.15736241832747 836.4113500570419 177.1175268219738 1.4542079 1.5474269 3.3602586 10.344364 0.20694308 36.747467 1.6336863 6.99852241801533 
Car -1 -1 0 819.4128531286455 160.96471134839874 902.406989640155 216.75170048164955 1.3980944 1.6353464 3.8949742 6.9000626 1.1001333 20.148708 1.7588984 6.29008109998835 
Car -1 -1 0 787.3565873562035 142.08246208349817 818.6674644708809 165.2436935827459 1.5070485 1.5597668 3.7266982 13.515049 -0.5517879 50.295677 1.985341 2.5605865507087913 
Car -1 -1 0 225.23462270074754 143.75149802935456 345.98539017375583 184.0529682467012 1.4676094 1.6313679 4.1561823 -12.393732 0.407819 27.641886 0.28470352 6.611997196499204 
Car -1 -1 0 779.0405552109879 146.23303830348078 832.1872430167164 172.41158223544022 1.443648 1.560418 3.5546684 11.284662 -0.02675879 41.747257 1.3796705 0.2895963788032532 

