Car -1 -1 0 704.529162223117 177.90023308682976 835.2220967049726 274.98381634183215 1.5313187 1.6669438 3.4620233 2.7976394 1.6364911 13.299894 1.5795434 81.49571499566359 
Car -1 -1 0 2.0217065563273975 188.66745815992041 209.1228764871477 281.9635872106755 1.677642 1.634059 4.0156465 -10.671829 2.0658414 15.687067 1.5933428 72.15122796616197 
Car -1 -1 0 355.29825570233123 185.2926824456394 529.7671159904882 270.9270598970226 1.4477326 1.6768093 4.3727074 -3.6123867 1.7447907 15.034151 0.8519422 128.57561978904525 
Car -1 -1 0 668.9242157317052 177.21179963829965 703.4304214469579 208.07126912129814 1.5595969 1.6080081 3.6295023 4.0792713 1.8052635 38.831287 1.6097983 21.400441612480698 
Car -1 -1 0 683.2795022737834 178.20399025604985 739.9329740603215 226.40675635373782 1.5519315 1.6272131 3.6817951 3.535646 1.7550356 25.519194 1.6120613 28.81847694495698 
Car -1 -1 0 298.59432271559433 181.47619819112734 383.93004222489986 232.23289770039108 1.7552929 1.647116 4.0589514 -10.185179 2.1109967 27.70912 1.6064167 75.18139587606275 
Car -1 -1 0 496.4826868641915 179.17027829375925 589.375199651372 212.61509791461998 1.4149812 1.6149558 4.1548085 -3.083974 1.7203519 33.05143 0.59451497 14.053193349695762 
Car -1 -1 0 473.38031662097694 181.82330576883433 577.1568857497045 223.80656778594596 1.4216803 1.5979388 4.0030327 -3.2243 1.7831662 27.16559 0.7136879 14.50326435532524 
Car -1 -1 0 418.7165781294608 183.97623085148416 540.2102628501201 237.37829896091628 1.4065342 1.5789963 3.8148692 -3.960184 1.7688549 21.642542 0.73239875 11.91418885978975 
Car -1 -1 0 658.0579824980292 171.87149586400358 683.0584595776354 198.6927921644956 1.8754821 1.6279414 3.6047022 4.3883214 1.8067801 52.283043 1.6054078 0.5998270979486215 

