Car -1 -1 0 174.98443775291656 179.82552928535011 312.1389258687349 249.10692404977507 1.4510963 1.546274 3.4470217 -8.556118 1.6339338 17.192131 1.5608025 101.0906078876401 
Car -1 -1 0 693.3692907547189 177.58716663245843 732.9594542973667 209.8176622069628 1.4475589 1.5528624 3.4755175 4.933561 1.6867831 34.697197 1.6157099 40.193102340652665 
Car -1 -1 0 0.0 174.71645114392115 195.6839409573472 258.0991200690904 1.6666943 1.6952994 4.2055717 -11.581234 1.7150412 16.62341 1.5659883 104.17987196227736 
Car -1 -1 0 327.0216375806014 179.53981553484365 388.73339177895 213.65319923332106 1.475407 1.6496217 4.087376 -11.805472 1.8106323 34.099487 1.5264027 21.72490966969499 
Car -1 -1 0 458.6363768731073 170.4228189029376 498.60362454014944 198.03218025669426 1.7652006 1.7842414 4.472622 -8.719222 1.6097631 48.38549 1.5912373 26.165040167257008 
Car -1 -1 0 592.6951483267626 172.89313356589605 619.6235053050955 197.39736319449938 1.5429602 1.6380485 3.7649145 -0.25763208 1.5456319 47.352417 1.5315107 17.51352145045274 
Car -1 -1 0 295.4928242727416 179.43115022731206 338.7682813988505 205.30482041758174 1.4824133 1.6535372 3.9861302 -18.079983 1.9075061 44.52366 0.9682113 8.075510703984389 
Car -1 -1 0 505.95919922774993 173.35596780460625 536.9868613276142 192.10843126830252 1.5114466 1.6323543 3.976532 -7.3269525 1.5548737 60.345264 1.7023444 3.3627461448324745 
Car -1 -1 0 402.2702590849865 174.05703417374372 444.29841414653595 188.5972813049598 1.5056729 1.6470789 4.1504517 -19.598412 1.6343578 76.042984 -0.15703169 1.054583647809193 
Car -1 -1 0 1124.5334794325315 208.07424798487608 1242.0 248.7902983831237 1.4954455 1.5727938 3.5606022 22.898207 2.9443707 28.830198 -0.03781142 0.506742380225675 

