Car -1 -1 0 702.968582145687 169.4995120767663 903.2443608242901 240.23488218764842 1.5770513 1.7048542 4.432534 4.511166 1.5022626 17.307756 0.17290296 107.78580286520453 
Car -1 -1 0 665.9968668856156 169.69535289621456 756.8823407814539 211.38935143559902 1.4084752 1.5901515 3.7605681 3.7801888 1.301772 26.339115 2.2460103 57.34464360711077 
Car -1 -1 0 592.4363511418045 171.12445610748847 682.3639059081615 213.74329117147306 1.4626471 1.5521299 3.4019992 1.0753157 1.4032903 26.565325 2.2673306 63.56400177262037 
Car -1 -1 0 254.43174261635698 179.50045968502434 368.32267533627765 224.48107033149978 1.4798274 1.5512923 3.3121374 -10.285945 1.7190571 24.998095 0.122777425 58.86966358804453 
Car -1 -1 0 1104.169337842428 159.8900877913882 1167.3533378305551 205.26119498826992 1.4711885 1.5533328 3.4615803 18.350279 1.0508249 25.275026 2.1319125 19.647910814603527 
Car -1 -1 0 972.0266571590194 169.62737766382872 1189.006831354885 234.98348947588164 1.4202347 1.5929365 3.901219 10.694281 1.3501178 16.595299 0.061986253 32.17178389807555 
Car -1 -1 0 840.2842407663943 158.54287692668333 922.1291615122252 203.45436724325157 1.4398074 1.5935504 3.5634942 9.466834 0.9810102 25.014164 2.258467 6.000215201771894 
Car -1 -1 0 746.4736007753775 169.336428577334 829.7867765767423 213.12637297091396 1.4379426 1.6191283 3.5608892 6.3914866 1.322435 25.605066 2.2103713 3.7658931076315576 
Car -1 -1 0 931.4321292736545 157.5273082147863 1017.5469083608333 201.4648645923289 1.4610888 1.5692844 3.625185 13.085882 0.9514186 25.797056 -0.74194884 15.86256974312442 

