Car -1 -1 0 694.8072876760918 184.71920662325138 922.1571571114255 267.09403028633375 1.5189639 1.6594888 4.19441 4.0132747 1.7819963 14.819484 -0.17168507 99.99828213014702 
Car -1 -1 0 822.4492690438855 185.50195910344254 1162.4335465259046 307.5477600486799 1.4528923 1.5924547 3.8690257 5.078121 1.6428771 9.819449 -0.118179135 62.3515290158367 
Car -1 -1 0 901.3097020881612 186.62585976650442 1242.0 357.3366673186716 1.4912617 1.6097987 3.9445572 5.291909 1.651337 7.422654 -0.082158804 80.37617182980024 
Car -1 -1 0 656.8549886485598 187.6919487481935 837.9617842843421 255.3135658737764 1.4745706 1.6117129 3.9584281 3.2474294 1.8534079 17.31987 -0.15523617 25.399883251378746 
Car -1 -1 0 636.317951199525 180.9756406874356 802.6627505646137 247.88402686677642 1.6722218 1.6835321 4.147048 2.951797 1.907798 19.637781 -0.2293611 41.10188017115189 
Car -1 -1 0 614.2503674169934 190.03371223402524 737.0402928969262 236.88347279232522 1.4321854 1.5767062 3.7981722 2.2001107 2.0398731 24.254765 -0.27088106 25.6188380975539 
Car -1 -1 0 267.2694654054774 182.91446369075982 381.33896837621364 264.21269322548505 1.7997082 1.6629386 4.207691 -7.216105 2.0906227 18.687931 1.4705501 79.69379039981773 
Car -1 -1 0 540.677297136215 188.95372585251533 608.3672684020376 217.62547114027342 1.5613303 1.6275331 3.7966135 -2.0405152 2.5082917 41.431717 -0.10489149 20.960095215826563 
Car -1 -1 0 566.92251518653 188.46772414329965 653.292862516099 223.28313930841642 1.5310318 1.6162131 3.792632 0.0126315355 2.3005986 34.239952 -0.29408956 15.794418813150324 
Car -1 -1 0 582.0097677213014 188.46424135666794 682.6438118973358 227.54226718079872 1.4641638 1.5909405 3.8060246 0.92922217 2.135128 29.591747 -0.36451292 12.66514391060225 
Car -1 -1 0 337.74603209619863 192.08833691441896 394.8719607695089 236.95022470239948 1.5127518 1.6479803 3.8908017 -9.417413 2.3191004 28.177456 1.3689317 5.813005196567816 
Car -1 -1 0 604.3078066267702 188.54146900364722 711.3950557941469 232.07181894277576 1.487337 1.5755888 3.6512277 1.7669753 2.095253 26.745182 -0.25042316 8.774877828111057 
Car -1 -1 0 581.7196172873473 187.9250874411022 673.4610860165051 224.7397262065579 1.5133204 1.599122 3.7624059 0.7906253 2.2117631 32.0979 -0.31334054 3.2760279002033488 
Car -1 -1 0 124.92324207252697 207.3537418626945 218.55722074695038 253.05245953957137 1.463729 1.5835412 4.149065 -17.16238 2.9300537 28.514278 1.4536233 2.1121594806066963 

