Car -1 -1 0 367.9110085517816 184.21432643730887 449.0038828493734 237.34456741827762 1.4429756 1.6495838 4.1577225 -6.190015 1.8329722 22.63898 1.5011826 48.02212065498319 
Car -1 -1 0 894.0360120144944 176.90554890725366 1242.0 336.7173384566938 1.475404 1.645535 4.1690855 5.4243517 1.523751 7.6598053 -0.061971784 106.92906292809755 
Car -1 -1 0 720.4202126144372 179.89705148226662 897.336470006149 244.21684755253276 1.4255477 1.5776612 3.784229 4.731286 1.6054268 17.330118 -0.17019981 35.84707814676632 
Car -1 -1 0 768.204732749646 167.0383286096773 1030.0884430825913 269.21909831248456 1.650654 1.6517056 3.9353294 4.954032 1.5567061 12.641932 -0.08294214 45.75572332364847 
Car -1 -1 0 703.511717355782 173.48269758511836 850.1007742219739 233.4877855882896 1.5660508 1.5908896 3.6042228 4.5480366 1.5842469 19.867846 -0.12589043 24.520461689430345 
Car -1 -1 0 431.01764401070716 183.96755978685303 483.258007317183 219.0273366277769 1.4349884 1.5869203 4.1825786 -6.8898206 1.9753771 32.97646 1.5493873 19.08433626362149 
Car -1 -1 0 654.5710228784184 177.53250207088232 763.595188992317 218.39063313181526 1.483376 1.6064646 3.831465 3.7376833 1.667687 27.425043 -0.10532437 25.832614896994645 
Car -1 -1 0 462.1028885791215 180.92250752793356 492.5258424016865 208.02310916589437 1.5041254 1.5628855 3.8591626 -7.8850765 2.010265 43.25268 1.4501498 14.551607480656239 
Car -1 -1 0 807.4504780470099 178.58386142867704 1151.611900978996 292.8498007042644 1.4724692 1.6164091 4.05783 5.059331 1.5603775 10.22626 -0.01754295 36.94358551614752 
Car -1 -1 0 200.6189338870363 166.40066964427655 401.63702898357195 291.33910900924644 1.8752435 1.6797516 4.257169 -5.258556 1.7783833 12.985699 1.6047821 59.98611474033347 
Car -1 -1 0 626.4381601526129 174.89074952373068 706.6684633760502 209.62852904577323 1.6221435 1.639407 3.7672791 2.750095 1.7231673 34.799126 0.09215922 12.140564848313456 
Car -1 -1 0 676.2041111845249 178.6807082190958 812.0698771045044 227.82725549927528 1.4529233 1.593986 3.8897429 4.1862774 1.6449696 22.686144 -0.15935247 7.6293817556985974 
Car -1 -1 0 677.3038495337407 177.02924468233647 794.1006523523185 223.10335035803936 1.5263234 1.600908 3.6960263 4.3511467 1.6778424 25.138447 -0.13741952 5.944527835061001 
Car -1 -1 0 625.669349823428 169.66518846691295 710.2573660754126 206.50646133267753 1.8572698 1.7483952 4.1760015 2.977246 1.6965128 37.344273 -0.046140388 1.5773636847329697 

