Car -1 -1 0 910.1888342581157 180.87319659980108 986.3592119816891 218.19312620123924 1.5542924 1.5923625 3.48974 15.196597 1.461118 31.211166 1.5482394 49.77964142326247 
Car -1 -1 0 1093.8407825718875 184.84694762031162 1242.0 232.62547260269525 1.4926682 1.6231545 3.9280162 18.52728 1.551322 23.018066 -0.0271992 70.99692246507468 
Car -1 -1 0 1038.5075989001048 187.21604589674143 1129.863860872831 223.6967675867484 1.4524521 1.670685 3.9609382 20.800497 1.6426952 30.69164 1.7020994 6.584052451828453 
Car -1 -1 0 971.9994292872934 185.90702174588242 1061.6358205422243 221.83574382895458 1.4322631 1.600136 3.8180122 17.717058 1.5600543 30.39781 1.5663133 5.68605143472558 
Car -1 -1 0 620.763110925426 171.3937418701601 654.4444541173468 196.0642757904249 1.7144305 1.6616266 4.2268434 2.6398325 0.9002044 51.389545 1.8151152 9.132509733269107 
Car -1 -1 0 561.6024011912891 169.23919885176673 622.2163070775842 208.16120959640602 1.7174494 1.6553583 3.9873872 -0.5391624 1.1053772 33.35676 1.2263678 11.401639960580486 
Car -1 -1 0 221.16160849055453 166.75096495590583 297.48411002974507 200.62881434653326 1.4968147 1.6145422 4.033132 -16.006475 0.7740109 33.263176 1.5775611 3.4296682295506504 
Car -1 -1 0 1116.6618335190528 160.6945387307058 1217.6191624228923 191.84688599135634 1.516568 1.6130705 3.9746733 28.889803 0.42531237 36.272644 0.65462446 5.469417348924898 
Car -1 -1 0 324.331740972671 168.41484187586258 361.0483820172466 195.1958204055398 1.5396528 1.6186577 3.835411 -15.5998535 0.69479746 42.701706 1.3437915 0.5608724402270472 
Car -1 -1 0 370.71977485008244 164.46880331541078 399.31258783395424 183.44926763532686 1.6350504 1.6115687 3.7668452 -19.330168 0.029191595 62.94413 1.0415233 0.5291804257135475 

