Car -1 -1 0 698.1350996511054 184.17959794498262 817.649554953323 275.6479736172769 1.45973 1.5595293 3.544405 2.675583 1.703115 13.730162 1.575114 70.16902630119503 
Car -1 -1 0 672.0224912848644 179.33119332308559 748.2636817728768 243.92570443804775 1.5525174 1.5620611 3.2929783 2.6072445 1.7408247 19.325052 1.5639944 76.85273060401781 
Car -1 -1 0 759.3619901409912 184.89748487177263 1031.0860752812732 371.6438712237317 1.4748924 1.5395263 3.3549972 2.6906233 1.6296968 7.594865 1.5735803 80.90768921335044 
Car -1 -1 0 185.89128309674317 183.5742623591837 416.4488343233647 266.17127414076975 1.6427135 1.6853247 4.2321477 -6.479842 1.8866484 15.50301 -0.034557387 81.15263579824885 
Car -1 -1 0 57.730454431820306 185.1227282511016 355.6782548313911 288.43003301652067 1.6241839 1.6850538 4.1823587 -6.760063 1.8505588 12.433174 -0.01807761 96.17855879150851 
Car -1 -1 0 309.1714755833365 188.69611827643612 466.8845839615272 240.10546264893168 1.5041792 1.6819105 4.414966 -6.8559732 2.020627 22.600554 0.036679935 26.9105478432178 
Car -1 -1 0 656.4003384637601 179.9550702757031 722.7677037092562 231.9690405775969 1.5473613 1.5696142 3.3676128 2.55155 1.797492 23.677649 1.4954864 23.656949348754093 
Car -1 -1 0 649.6150982014922 181.67645156928614 702.050037893933 224.0128443361088 1.499865 1.5808241 3.481486 2.5165815 1.8648036 28.073595 1.5284479 2.51150345616999 
Car -1 -1 0 643.6622110365591 180.63125854254275 687.0243066792672 218.30754778403713 1.5736482 1.6072217 3.9010925 2.4864426 1.94959 32.91314 1.5524012 2.208835236634734 

