Car -1 -1 0 449.0707825215267 178.75220600458383 525.2180697995647 243.93328173710307 1.6902319 1.6134857 3.8771944 -3.4622412 1.8779514 21.013731 1.5559887 65.82882133664262 
Car -1 -1 0 755.3528139389157 173.1349609846577 991.0013837261307 268.834589784583 1.5219998 1.572634 3.4490736 4.399069 1.5271494 12.352658 -0.050433084 129.6202995126727 
Car -1 -1 0 406.1385810199217 184.10090798691996 496.5737028752712 259.13719654516535 1.5380895 1.4724274 2.8936677 -3.565549 1.820663 16.676746 1.564325 28.13135884650328 
Car -1 -1 0 295.91380094862615 169.95818698078224 468.39663652208486 303.833791565626 1.8201876 1.6336536 4.0193486 -3.488122 1.7808157 11.835805 1.5506802 118.27716741341507 
Car -1 -1 0 483.3160698704648 185.04125394458057 550.5799486143487 223.98982880600127 1.4333544 1.5174072 3.3919601 -3.7256217 1.963421 29.543264 1.8483608 13.37433320108462 
Car -1 -1 0 694.0574626709414 178.89388570380365 880.9185525889002 244.85786566370422 1.4572269 1.6075158 4.03362 4.196598 1.6111039 17.263536 -0.16222827 18.123974302276753 
Car -1 -1 0 728.2586645815239 177.2559807841874 928.3268670897229 256.25986092557514 1.524276 1.5899377 3.6528358 4.3875713 1.620081 14.859397 0.027118394 28.068258916424654 
Car -1 -1 0 668.7557331050996 178.02397849097878 790.8065962379793 224.94198251224782 1.5568604 1.6326815 3.9692538 4.0900106 1.7419088 24.977673 0.016131967 20.78729445203326 
Car -1 -1 0 656.2597852692261 176.54770142914646 762.9738094119937 221.1070317345448 1.6362348 1.6371114 3.813277 3.7579055 1.7815049 27.508354 -0.026684258 18.53989900601091 
Car -1 -1 0 509.11383967368477 176.9165579999504 549.0559081625454 209.25893809122246 1.8057157 1.6368006 4.1796083 -4.735813 2.059685 42.964603 1.6410595 0.975622078585475 

