Car -1 -1 0 0.0 182.47315593027727 361.66070645266853 336.23361103298305 1.4669763 1.6881931 4.362239 -5.3007183 1.6246638 9.5016365 1.8380038 142.08605577686032 
Car -1 -1 0 474.98529546393814 177.35525525156743 650.2614536651076 238.94792765687873 1.481166 1.6895245 4.5830965 -1.1985912 1.6166835 19.68608 -0.63321203 139.5818462422874 
Car -1 -1 0 803.9062264442096 173.6667001018633 945.4722010470944 217.99759396024996 1.5461144 1.7212629 4.5186496 9.5270405 1.5767312 26.191853 0.058243208 93.18686490462798 
Car -1 -1 0 422.74363762653974 176.28657435111754 549.1419540155758 218.48469199278844 1.5380538 1.7119454 4.468811 -4.6341333 1.673148 27.427006 0.051684346 83.54473425523547 
Car -1 -1 0 626.2537116869147 177.53119194056296 672.9090277428566 201.0115987592541 1.4979774 1.5232372 3.4246795 2.6620677 1.8253558 48.63926 1.051459 51.09226606860555 
Car -1 -1 0 410.46033896677676 176.91653498999406 452.4671610173707 204.08395958837522 1.5380986 1.6356702 3.9461286 -10.663452 1.7938747 43.436802 1.5481567 8.777854215671557 
Car -1 -1 0 1061.8104313577717 169.98690658974434 1187.29667885914 208.5861758059229 1.4821081 1.6069791 3.7989554 20.297628 1.3720193 28.539896 0.01653615 51.189560518164654 
Car -1 -1 0 274.1276886848856 178.01142274655652 341.2426719341054 204.00698373882835 1.6339478 1.6702455 4.170376 -20.212782 1.9965854 48.488586 1.9777577 21.751164388175624 
Car -1 -1 0 857.4435055509939 167.52434303332905 973.7220447374875 211.0247828021674 1.7007204 1.6804132 3.987682 12.284052 1.4923487 29.139883 0.045585524 7.974596643999704 
Car -1 -1 0 393.93062808495824 180.92476871901658 424.2284584006031 199.4075683657243 1.5128074 1.5901914 3.9150772 -17.391836 2.2366226 62.742825 1.5583638 0.33107319474220276 

