Car -1 -1 0 684.7707715283656 183.67167945990664 777.7045714272612 251.9067469951355 1.5608729 1.6227902 3.5758505 3.0799892 1.8721513 18.924953 1.5051856 92.59443236807397 
Car -1 -1 0 660.1478115553135 181.3893902351057 734.5309197778547 232.71179229894977 1.5113964 1.6194472 3.9678967 2.8207989 1.8194795 23.988064 1.4694419 55.451301813148554 
Car -1 -1 0 338.29844533631166 180.15352373410872 482.375918088238 232.33763634813303 1.4666097 1.6125526 3.9832306 -5.86872 1.6962934 21.63984 -0.13327026 20.822527189496906 
Car -1 -1 0 277.3965015568854 177.84848635932877 456.5523994406764 241.09592376787634 1.5054257 1.6126604 4.040468 -6.0325193 1.6388661 18.30292 -0.08493535 19.784710551629622 
Car -1 -1 0 185.25982499379566 178.35566522635213 420.5039389522143 265.98616425225583 1.5478015 1.6106004 3.8781075 -5.742502 1.6617143 13.906813 -0.12060683 43.880074718139866 
Car -1 -1 0 0.0 152.91901661184968 347.54205191609236 323.21628350287773 1.8051693 1.6627059 3.6851754 -5.25233 1.5938563 8.601717 -0.067275345 56.46806965360233 
Car -1 -1 0 431.42905163765585 174.18446727648634 507.94372777175806 205.44608135846306 1.5825924 1.5941167 3.6086142 -7.250372 1.6536477 37.571964 0.093937024 2.5181186319670172 
Car -1 -1 0 613.967700805943 172.25042347603534 643.2880987179518 200.3285173260913 1.8730727 1.6440252 3.910099 1.2868991 1.8328083 50.145493 1.4943093 11.80839135697336 
Car -1 -1 0 352.2909312936745 175.7445393532256 475.67522648883016 225.08874307155622 1.590903 1.6176097 3.8040447 -6.5201607 1.6924723 24.366276 -0.096075185 3.976223503474138 
Car -1 -1 0 602.4482392376037 177.2569067655934 625.4598195666488 196.97857425120228 1.4804924 1.5550365 3.941162 0.31706944 1.8410985 57.080215 1.5085846 0.853031100037426 
Car -1 -1 0 481.339558436403 173.54799110117122 526.5184041794865 202.37829855419017 1.5849519 1.6049755 3.897296 -6.0617495 1.6271105 41.798424 1.6964042 0.5181709031339453 
Car -1 -1 0 70.30018034289279 178.99425075763372 374.72027683365593 293.5316941016543 1.5909851 1.609366 3.780987 -5.7314997 1.692907 11.049386 -0.06589125 0.2679552733898163 
Car -1 -1 0 521.0351175278466 176.56342014539655 551.5134146253574 191.63288621002485 1.5275385 1.6775217 4.2032857 -7.798702 1.9322917 76.48737 1.0594537 0.25014135241508484 

