Car -1 -1 0 751.2237273755716 174.08691079647775 884.8925243411517 218.03006793167754 1.5445985 1.7129766 4.4586105 7.5493274 1.5915816 26.458153 0.08279468 98.4064545750727 
Car -1 -1 0 868.3635314815293 176.28837086870433 1039.1121739272312 225.3301670394924 1.4623208 1.691606 4.517356 10.644584 1.5738693 22.538013 0.023031823 76.3878100402194 
Car -1 -1 0 412.0248728347265 177.18256044288 451.97044943435475 204.24522575795336 1.5289171 1.7212398 4.335014 -10.696065 1.8045919 43.71603 1.4795907 15.437689290682279 
Car -1 -1 0 1054.4616984478657 170.33058069797298 1207.05760206457 215.79342240525003 1.5494709 1.6659505 4.144575 18.323471 1.4634672 25.499506 0.036458246 65.63902832380403 
Car -1 -1 0 719.5961607512625 174.32080555462977 786.3676108303404 199.9290480599433 1.4202895 1.5398707 3.4894223 8.3075905 1.5089462 41.912018 0.68407273 47.66521171508472 
Car -1 -1 0 494.5086640396455 177.23305752056083 666.5232913570447 243.57771271350845 1.5087659 1.672614 4.4657073 -0.64999706 1.6359137 18.82005 -0.74644697 110.55760237011772 
Car -1 -1 0 349.22965791572835 181.31042958240118 391.26984874446646 202.9136045638896 1.5272124 1.5555613 3.52675 -17.972729 2.1858218 54.33142 1.7290137 12.692514256688286 
Car -1 -1 0 980.4670862313981 164.9758158867406 1106.881397611572 209.55953431797758 1.713984 1.6709744 3.9862082 17.194529 1.4111136 28.721973 0.07529826 4.858810968784272 
Car -1 -1 0 565.6944229744128 174.6608360886003 584.6494004101842 191.9043179925643 1.5729458 1.6225182 3.732971 -3.2200077 1.7481066 68.079315 1.5675259 1.4700475579686432 

