Car -1 -1 0 696.6549006370046 179.2658211291877 849.3738175548233 273.92996683279574 1.4536852 1.609215 4.279553 2.8555624 1.593808 13.572943 1.4936326 100.04130596192593 
Car -1 -1 0 656.3765499949466 177.97013499322753 743.0162809820083 241.68566663793794 1.4649442 1.5894244 3.7576318 2.2411184 1.6120088 18.819454 1.5133541 68.626355647435 
Car -1 -1 0 316.33413047328247 177.85376707674433 465.40610299107215 227.1851434424122 1.4773041 1.6707771 4.3507924 -6.849613 1.6445954 22.991688 -0.14987901 73.20285857750324 
Car -1 -1 0 626.9055957948359 176.8978918884253 679.0516901581573 216.9560228335315 1.5136697 1.615182 3.9909866 1.7194037 1.6917932 29.730413 1.4939921 38.36529714044981 
Car -1 -1 0 0.0 185.88068673895114 338.3041799076197 294.52978499479775 1.4043932 1.59792 3.9575121 -6.165536 1.605812 10.339448 -0.00912298 128.75354962534178 
Car -1 -1 0 617.7397905875713 177.12111371681374 657.7713675217512 209.90178704870544 1.4932654 1.5842533 3.9541245 1.330475 1.7146517 35.414585 1.5119076 19.131889832393977 
Car -1 -1 0 118.52664473320509 182.37532309581917 384.6066495412464 266.7181731202846 1.4272205 1.6173648 4.115348 -6.463975 1.6164854 13.384362 -0.07388697 58.917338001557546 
Car -1 -1 0 606.7025678901232 174.86444920259962 644.1909093749036 203.67001381682596 1.5349739 1.5866878 3.734254 0.8499636 1.6537354 40.672024 1.4469335 10.273806801874759 
Car -1 -1 0 361.40610860234034 174.17028398790941 470.24830458159533 215.50247064684984 1.5970863 1.6431247 3.9832327 -7.692014 1.6516404 28.923744 -0.08144516 12.340073321887969 
Car -1 -1 0 410.10504648386217 174.12071385542234 485.7734724250202 202.9887844972437 1.5434746 1.6239669 3.9982738 -8.872832 1.6154526 39.839867 -0.18176138 0.6238634971672201 
Car -1 -1 0 517.0534780895073 175.48063317914486 540.7773690556953 192.94490619279995 1.5014184 1.5710297 3.7791235 -7.254565 1.7442174 64.66918 1.3109167 0.3046984374523163 
Car -1 -1 0 396.31530869999204 179.65651820836726 490.0389620308868 215.433692557647 1.4847697 1.5658828 3.7294023 -7.12799 1.7868353 31.159424 -0.05290652 0.7910034785605399 

