Car -1 -1 0 425.2829990163136 181.73713397719442 509.4707619286895 249.60556679406523 1.4879799 1.6142728 3.744225 -3.4826226 1.7361972 18.241756 1.5068703 93.87258329935538 
Car -1 -1 0 490.0189605985367 182.13298496837146 531.982296159047 221.6414727370866 1.4936292 1.5838904 3.8630931 -4.069015 1.9078747 30.214125 1.4760754 24.809674520457193 
Car -1 -1 0 755.7172333875924 194.77853268537672 953.0137452525313 260.3352311119635 1.4152479 1.6154206 4.0914497 5.6544857 1.956671 16.978363 -0.015788443 54.47526734505303 
Car -1 -1 0 738.271728317295 186.68655807467198 889.1302679671915 246.5012536876353 1.5441504 1.5979003 3.690252 5.555172 1.9424181 19.90242 -0.04002301 35.557584383367846 
Car -1 -1 0 834.1665446238067 195.80226534532397 1206.2762295847226 331.5411684617608 1.4890909 1.6299577 4.131777 5.2567515 1.8259104 9.446262 -0.16539815 72.72572031508814 
Car -1 -1 0 828.5089007029356 187.16711895063995 1093.0757684748353 286.3011544136292 1.5085325 1.6000673 3.785538 5.875811 1.7723963 12.287141 -0.11642399 44.04582608335638 
Car -1 -1 0 600.2325547854077 180.908061938542 624.6777201499855 201.66906504184735 1.5350496 1.6485761 3.9640641 0.19605964 2.1935682 56.96111 1.5027279 7.479587997437781 
Car -1 -1 0 684.526298894378 185.13214806618504 797.5963024437026 224.74440800353415 1.4088175 1.597775 3.9229274 4.872861 1.8838105 27.053947 -0.031104833 8.77088988899462 
Car -1 -1 0 677.5233594504275 178.25042473919154 781.0297752040159 219.20516002835723 1.6248904 1.6538574 3.9387155 4.917431 1.8561829 29.910065 -0.09781127 16.074688816085455 
Car -1 -1 0 715.6950391804372 186.89423385310408 853.124313892803 237.90813304126203 1.4803042 1.589794 3.8362672 5.3194647 1.9295616 22.244549 -0.02527421 4.8857642417004365 
Car -1 -1 0 634.351510350554 181.47737524122053 674.9816714742229 208.86773062174166 1.524641 1.5736248 3.9751804 2.6725955 2.070404 43.572987 1.4002662 5.14402633720053 
Car -1 -1 0 649.1571962254261 181.3315455874134 693.5408242750173 212.13101566221204 1.4959546 1.5628247 3.6505895 3.2031093 1.9650998 38.014782 1.4337275 0.5378830309941575 
Car -1 -1 0 522.5577537018941 181.52523185915456 554.418854445346 203.4271397892878 1.4911337 1.573993 3.7420297 -5.142951 2.1467772 52.61061 1.6803563 0.5120549364930862 

