Car -1 -1 0 830.8741064570476 174.1055410385226 995.7338385886579 267.03103175059124 1.4901972 1.615032 3.9426308 5.509575 1.5173261 13.632704 1.618673 115.43922731089089 
Car -1 -1 0 307.60504260083945 189.8805335868269 411.377854554274 223.8172602891442 1.430856 1.6675619 4.4329853 -11.724909 2.271004 33.87802 -0.4563133 67.52378779424718 
Car -1 -1 0 494.8820286703567 180.05903519127352 573.7559890141532 211.57597602260236 1.4655406 1.5830939 3.6681676 -3.7540493 1.8398156 35.882004 0.52083236 73.0336839125989 
Car -1 -1 0 152.55330632782653 192.27640816146325 272.19529166128547 233.02266618167647 1.4442412 1.628792 4.017349 -16.25877 2.3013272 29.718937 2.162108 51.05009156280233 
Car -1 -1 0 0.0 193.69534005408863 147.45474957882305 245.53241468827966 1.4832054 1.6856538 4.247304 -18.529129 2.264035 24.754818 2.0262713 68.83679133465589 
Car -1 -1 0 437.6769347075679 184.01940775051247 480.5961235492281 208.47891975930665 1.441745 1.7080727 4.189511 -9.657234 2.196138 46.615425 1.6216009 33.79425317215076 
Car -1 -1 0 636.3201599184426 173.44257345251947 665.9495190682316 198.82837988498179 1.6254535 1.6340762 4.1470714 2.746365 1.6666381 48.393127 1.5424316 9.725144809307132 
Car -1 -1 0 908.9374891787288 158.09913427933654 1008.8827471344165 195.2078164171033 1.5387523 1.5812658 3.490532 14.824433 0.9269254 30.734503 0.014091898 13.356433371662966 
Car -1 -1 0 225.0898636239798 186.95907662344325 318.9071180337096 223.49498535139037 1.5753794 1.6178126 3.7387204 -16.054531 2.2844262 34.40983 -0.74391925 14.534958358656976 
Car -1 -1 0 107.16347866749469 193.49361270017914 211.4136741539772 232.71815383115404 1.478627 1.5790969 3.4691355 -19.318535 2.4217517 31.079884 2.1239305 4.791083610005951 
Car -1 -1 0 179.6205767028486 189.6534002247415 274.0921088433298 222.57642493867178 1.457758 1.6052105 3.924537 -18.852262 2.3289742 35.607704 -0.63599443 0.8659366802987997 
Car -1 -1 0 491.7053957618501 181.82490946712798 517.6686510628854 199.26433219362977 1.4711969 1.6041672 4.206932 -9.437464 2.3081515 65.18817 1.6038349 1.4336423848144304 

