Car -1 -1 0 283.77181129616457 188.65452439408799 410.7464556187604 273.6390213747605 1.4556079 1.6913621 4.499021 -5.4565415 1.8481315 15.577932 1.4282558 85.14427172174497 
Car -1 -1 0 455.3417478730743 180.49369624492786 499.44871346544187 222.95304966812284 1.5856643 1.6759558 4.0171757 -5.4805746 1.9242153 29.843872 1.3803694 26.068628899057657 
Car -1 -1 0 130.22292311965583 197.04729934013858 223.03309403259553 241.8614833919114 1.4763002 1.7098184 4.3249702 -16.9581 2.5085328 28.507113 1.3963246 50.805380707425456 
Car -1 -1 0 995.6383815247923 178.30328905296244 1240.044849573956 292.49500084778145 1.3992553 1.6179785 4.1596413 7.721993 1.4949777 10.8452835 -0.5899482 95.98159673880804 
Car -1 -1 0 1.8460330865143284 200.07987055204066 138.45458656062578 260.0846118745526 1.4513911 1.5691541 3.674981 -15.598335 2.320156 21.107685 1.4542559 37.30003511738295 
Car -1 -1 0 825.0351881233908 179.6230543015375 996.7448970131779 250.39936860921782 1.4082452 1.6000029 3.9694629 6.8993797 1.5784556 16.415213 -0.55687296 36.93995867222185 
Car -1 -1 0 904.7835822526046 178.55791295533277 1095.1977126843974 264.9069340920561 1.405787 1.5958118 3.984592 7.5249763 1.5289981 13.7853985 -0.61455846 42.019037902094034 
Car -1 -1 0 634.0769107283946 178.0845176570357 730.6383482803312 213.43524998042307 1.5662644 1.6638933 4.181849 3.397529 1.821462 33.79484 -0.29794955 23.22121685939363 
Car -1 -1 0 208.19745770151007 197.00853238490532 259.34302817624945 224.51613718594794 1.4724634 1.569492 3.6196613 -22.759789 3.002915 43.828686 1.4546813 14.002759547372065 
Car -1 -1 0 1153.9336256735526 186.58198269791583 1242.0 238.77633594678193 1.4498928 1.596866 3.956189 18.96099 1.9028697 22.317865 -0.38994515 12.241747032303147 
Car -1 -1 0 761.6089793356977 176.34345737720287 907.633524972239 236.99779067346262 1.4457066 1.6204357 4.0993295 6.0729394 1.5480208 19.284754 -0.63786983 29.611981188454976 
Car -1 -1 0 720.7106911766319 178.66776565596155 847.7700185612357 230.28092552329764 1.4241898 1.61445 4.0803394 5.43487 1.6184975 22.225391 -0.6611613 24.164985099025333 
Car -1 -1 0 698.7125332217573 179.88768706744747 793.5778766095231 225.7726087402784 1.4305198 1.6468581 4.0319443 4.852325 1.6971498 25.246075 2.2163916 4.906752823810013 
Car -1 -1 0 560.0880323490601 179.22174281791635 584.50632892814 198.47981497208582 1.556463 1.648938 4.1002374 -3.2285638 2.1217592 61.89811 1.4084597 1.9572761872802669 
Car -1 -1 0 255.69654721139494 195.85101029596078 320.7714149548847 231.9884639333539 1.4243376 1.5535922 3.663239 -14.487813 2.527385 32.723343 1.4951501 1.8230702513017012 
Car -1 -1 0 8.762102796107548 197.89754608296016 110.22152489595942 244.4431606398934 1.449892 1.5559609 3.703669 -20.122532 2.440929 26.577446 1.3545187 0.5675598727178031 

