Car -1 -1 0 243.24941218656252 188.3342846488495 482.7795931807461 352.7477626830465 1.4756896 1.5988144 3.6700184 -2.6567628 1.7010632 8.663749 1.5782759 128.2933220187643 
Car -1 -1 0 594.7526154281255 179.6869235833657 682.2352574500495 258.22918556855075 1.4411113 1.6540682 3.676262 0.6982507 1.6056309 15.471303 1.6555054 58.60054202933819 
Car -1 -1 0 535.8395216899872 176.457405649579 595.3787258494451 220.4252312046521 1.5319936 1.6296777 3.820816 -1.5978326 1.6790469 27.45631 1.68249 85.11387173235434 
Car -1 -1 0 749.178931080379 183.60613261611297 922.4631037577612 326.8099142799108 1.4725425 1.5799725 3.4069939 2.7565 1.6403555 9.474557 1.6924629 96.91734989849817 
Car -1 -1 0 716.5168075371013 180.50880842492901 816.3432612837885 272.6437299149926 1.4497931 1.6034576 4.114914 2.9146428 1.6199626 13.876677 1.7407261 51.41280742516512 
Car -1 -1 0 159.16596931940177 189.65064836023967 285.45553981983886 234.99506313596598 1.5139836 1.6138583 3.75487 -13.9626465 2.1526318 26.214699 -0.23376381 65.55030219276543 
Car -1 -1 0 0.0 200.74716061101918 124.79977548862543 246.962312376214 1.4591845 1.5979664 3.7991252 -19.444317 2.478371 25.247143 -0.17475244 24.69322229225275 
Car -1 -1 0 635.5531385308477 171.44833371633425 704.3632013849597 229.227104016782 1.7278678 1.6975472 4.1902347 2.0814557 1.6858314 23.80836 1.7935268 42.20707458848793 
Car -1 -1 0 782.9318046366552 166.9292003754392 821.5467796495361 197.57225458925225 1.6461141 1.6190522 3.7433891 10.821287 1.3278396 40.719284 1.6975276 21.763141440093488 
Car -1 -1 0 739.1129862900101 171.6108493882224 763.131962636299 191.4816190278362 1.5309641 1.689811 4.018098 11.358435 1.435184 57.745003 1.8139639 0.5917526120735276 
Car -1 -1 0 323.68184258586746 181.2238939755011 366.9012092707871 206.28785285513572 1.5398934 1.6416745 4.1931896 -17.489326 2.1208837 47.927982 1.4883442 1.080158084972151 

