Car -1 -1 0 0.0 196.23227848125882 295.1478294396669 360.8612261127658 1.4560425 1.6610461 4.124834 -5.519745 1.8210006 9.126295 1.4665806 116.37248468620214 
Car -1 -1 0 290.3905375666257 187.7631454061762 430.88896541878034 275.6440743109527 1.5182238 1.6637948 3.9500096 -5.0274134 1.8721676 15.135538 1.5475521 72.58356631088438 
Car -1 -1 0 369.050990007208 185.64602995837282 468.67212842562935 249.84751004237108 1.5332122 1.6686928 4.1340666 -5.1771574 1.9267664 20.127525 1.5755879 41.421008251632855 
Car -1 -1 0 0.0 181.71160082680774 128.16681118107218 275.860872400506 1.4098724 1.5791622 3.8637948 -10.3594475 1.5885031 12.839144 0.574017 49.95150041093869 
Car -1 -1 0 44.63243119657172 181.50612709161922 198.8295310098284 260.28011806880335 1.4485544 1.6000181 3.9540784 -10.554311 1.6567684 15.518682 0.6609576 24.000691781052485 
Car -1 -1 0 257.1812071902084 184.80902594347558 381.72702983888377 232.3283453983197 1.4549828 1.6012852 4.00665 -10.058132 1.9102219 25.325161 2.030909 9.683859747956324 
Car -1 -1 0 201.22900073262687 177.31077246947453 316.343957175409 236.46131655943944 1.5782504 1.6341008 3.9437509 -10.475509 1.7224253 21.440025 0.7063957 32.34212874242706 
Car -1 -1 0 313.10963710410186 167.25653828382497 393.69554883832694 203.42769623035062 1.5137973 1.5808291 3.625421 -11.348819 1.279538 31.900566 0.62690747 19.4744893403663 
Car -1 -1 0 490.51297519795963 181.11148685691532 520.6629813699758 202.5441725072897 1.4601558 1.5048082 3.6033034 -7.515132 2.0809584 52.4088 1.6205481 4.6065789849256324 
Car -1 -1 0 433.3953123147736 183.38566137359967 484.7892938461521 212.5050458304548 1.4556905 1.5874277 3.7301025 -8.16306 2.059937 39.4414 1.7084545 0.3248959183692932 
Car -1 -1 0 138.7459732082015 187.0595194162819 267.8400418231136 256.3058403205295 1.4936488 1.5722921 3.6508584 -10.206694 1.8834726 18.042519 0.6785053 0.5521392700057028 
Car -1 -1 0 237.79917837936478 169.2860765716266 334.6198659678466 198.98463124068556 1.4906003 1.6566321 4.2421813 -16.57069 1.3115225 37.093056 0.023701357 0.7928708947852277 

