Car -1 -1 0 373.67384175657924 162.6842742044052 504.7815286975263 264.4179577421137 1.6641632 1.637799 4.0076394 -3.0795732 1.4978064 13.822586 1.5509884 107.32833362677366 
Car -1 -1 0 687.3772546452802 180.51939441400904 760.7201301764198 227.3820544913529 1.3987833 1.5517308 3.4432404 3.7127008 1.6719717 23.919622 1.4624864 68.37045177203943 
Car -1 -1 0 679.6085006706875 177.805925173107 732.5563586287714 217.0306278175604 1.416846 1.5598907 3.5354629 3.719914 1.6231973 28.28944 1.5577917 25.00999981257033 
Car -1 -1 0 454.9670690348825 174.80452562081734 529.7869314277684 232.06641316917543 1.4612067 1.5751001 3.558535 -3.2079482 1.5209869 20.32402 1.5570719 41.50155386568936 
Car -1 -1 0 321.369873438674 170.6157734399712 369.6425435803398 197.549123675857 1.551357 1.6225562 3.7600017 -15.841919 1.4224353 43.462673 1.5424937 22.822915308084447 
Car -1 -1 0 532.6695498176073 171.84734909018758 561.2144796698432 197.86939178256085 1.5414343 1.631585 3.7904491 -3.8388455 1.4818044 44.676018 1.5185859 12.271157989163974 
Car -1 -1 0 921.1677905037877 189.45186744064534 1039.079983311312 229.17301453009807 1.5641608 1.6460631 4.049188 15.336025 2.2741027 29.998667 0.020185743 8.408873031275109 
Car -1 -1 0 1084.6562776264825 186.43617455707536 1194.1436633047279 222.87471381579994 1.7293241 1.7190633 4.2136507 26.256273 2.4211621 35.83893 -0.026089033 26.939760740924765 
Car -1 -1 0 552.2164954559344 172.57783173373298 575.4457123930297 192.61914318765446 1.5045387 1.6050454 4.1288214 -3.6002047 1.4838059 56.309055 1.4575564 1.0505929139068322 
Car -1 -1 0 647.2181894602905 173.1486822182178 672.0402710560883 195.74676173955615 1.5290086 1.5289165 3.8558578 3.562059 1.5506091 50.881226 1.6971052 0.9621714456489779 
Car -1 -1 0 667.263176132526 173.76543679399924 714.8131711520284 210.3888844491498 1.6048245 1.6331574 3.5411942 3.7282963 1.6494538 33.519234 1.5175083 0.9037358344233958 
Car -1 -1 0 796.8695406038296 179.60876884700352 876.9840970726968 226.83761988098237 1.4711406 1.5974045 3.725417 7.7345905 1.7214603 24.873863 1.5737467 1.1374113772344285 
Car -1 -1 0 0.0 143.55134257442703 144.36216798937377 218.0373099906051 1.4315687 1.5749253 3.908461 -12.138832 0.8683919 15.890096 1.4715474 0.2854132056236267 

