Car -1 -1 0 70.01119316005024 184.48287201691886 270.91741904837124 292.9884270939566 1.6918377 1.7251635 4.427877 -8.422877 1.9450456 13.696466 0.6402599 108.3711077090731 
Car -1 -1 0 0.0 199.6881759986456 74.53862493250224 246.29115192626955 1.4256215 1.6333964 3.868692 -21.477577 2.4910579 26.561756 1.2833853 20.22555212958941 
Car -1 -1 0 850.7849827582135 165.0570123416052 917.7956945133383 195.38907819393955 1.6357056 1.6427158 3.86354 15.51289 1.2152402 40.689423 -0.6095189 9.599208743319906 
Car -1 -1 0 325.20721511528444 185.57607715805264 406.49273910351405 220.19481846446968 1.4713398 1.596561 3.7789886 -11.376733 2.0941749 33.621197 0.57994217 9.506405607609013 
Car -1 -1 0 819.7135329031313 170.50072562760877 881.3121713636297 197.07253024049157 1.5109403 1.6270523 4.008765 14.368995 1.3771269 42.942448 -0.7004978 6.395680879279952 
Car -1 -1 0 271.14993189457766 186.1560751310602 356.1472425835184 226.34432022502938 1.520805 1.6714389 4.1526275 -12.605042 2.1223352 30.628479 0.7226207 17.062888474775445 
Car -1 -1 0 415.17716326896897 182.3401313308894 483.70392049454637 208.62028277616338 1.4395931 1.5815558 3.782271 -9.379992 2.0155044 42.232677 0.47834048 2.6518587814885586 
Car -1 -1 0 630.7440852914989 176.66042944375485 654.6478897706228 196.02132673650485 1.5112721 1.5878849 3.8884838 2.7469528 1.8341191 59.16057 1.7139187 2.4280146639257953 
Car -1 -1 0 403.3915210007271 182.511123219573 438.24441370620445 215.0519108867706 1.5060458 1.63034 3.9983718 -9.6529255 2.0274234 36.81088 1.3008603 2.2104234755889656 

