Car -1 -1 0 397.93352570991203 180.46544158212816 464.0369945172731 231.21116219811074 1.4305679 1.6551167 4.0362015 -5.6176763 1.6964495 23.08992 1.4291227 30.1980063114801 
Car -1 -1 0 265.5447397320141 183.86178926080154 378.6009890995862 231.87647149293502 1.424176 1.669167 4.276598 -9.671198 1.8345958 24.66487 1.7174596 63.895824482085494 
Car -1 -1 0 0.0 182.37479682927827 118.99320713740617 272.58830248881407 1.6215005 1.6545312 3.9618545 -12.150892 1.8432385 15.069804 0.5452734 59.08543230193851 
Car -1 -1 0 567.1080204775902 176.19464507608092 661.7720823139899 224.02349015577673 1.437849 1.7324846 4.413315 0.04955235 1.5617588 24.392624 1.2107048 50.71582475989878 
Car -1 -1 0 485.12745169842964 187.42376053717737 563.001374453936 220.42526123696263 1.4807358 1.7675853 4.353428 -4.2762256 2.2704613 36.773407 2.0622947 14.446331442368578 
Car -1 -1 0 680.8407344705129 173.22179888149105 774.2725094552186 213.0314387744722 1.4553668 1.6234478 3.8382742 4.5752735 1.470946 28.489689 1.070467 24.77546739655024 
Car -1 -1 0 118.18948261794905 187.60507621278518 232.17137615478418 229.8348421492861 1.4649053 1.6115603 4.090704 -17.117573 2.0952086 28.681028 1.7355096 20.99124316836406 
Car -1 -1 0 630.0694415710659 175.02240669213987 726.4150461353034 218.2100241586166 1.4548973 1.6136951 3.9523132 2.4456375 1.5413411 26.642185 1.0749975 25.1124762520603 
Car -1 -1 0 216.2547923320669 186.72533937616387 319.12501576189607 231.02342592308176 1.4048747 1.6196519 3.774776 -12.228777 1.944001 26.078484 1.6809182 21.020810135806837 
Car -1 -1 0 168.61930323484938 187.86221814274847 276.3426818887496 229.62116791560828 1.3891747 1.6374009 3.817713 -14.602187 2.0023136 27.463871 1.7280369 17.43576142691551 
Car -1 -1 0 1026.6943646486475 166.82174463347772 1065.8784585939275 193.66039962545184 1.5371175 1.6093833 4.037463 26.266514 1.1916348 43.493477 2.0108676 7.135480249319042 
Car -1 -1 0 95.94441347488072 188.99797051794766 177.2945944825557 225.615720386642 1.3702716 1.5559399 3.9036705 -20.128595 2.1075478 30.886677 1.3770272 3.2202313018299846 
Car -1 -1 0 1204.324562667684 166.49441397070606 1240.9355286428442 186.57392812975638 1.4570043 1.6459918 4.0960174 46.26622 0.99554145 54.516335 2.1593604 2.394944526030593 
Car -1 -1 0 5.201529113838644 169.99195155222387 62.0624168219301 194.0019658079174 1.5368543 1.6191934 3.9816465 -38.23431 1.3536575 47.886097 0.527191 1.0746758924948587 
Car -1 -1 0 356.46817334579004 192.14829219777798 425.7212525385241 222.00872501927577 1.4852939 1.6142833 3.9357767 -12.141621 2.6037433 40.02307 0.6223266 1.3178530637723578 
Car -1 -1 0 440.7150695430458 189.10609848281592 516.5932380323386 221.28715811127228 1.5024235 1.6190531 3.9666994 -6.813808 2.403462 37.904427 2.1603804 1.9911112421250339 
Car -1 -1 0 749.8056889098084 171.33098756736746 842.1325805791009 204.94004549304333 1.5011184 1.5843939 3.8134253 8.483967 1.4330943 33.03193 -0.00677365 0.30633968114852905 

