Car -1 -1 0 709.0532315045361 174.34744828230149 840.6965941115847 271.8923961078339 1.5356312 1.5770581 3.3493237 2.8490937 1.5662303 13.097112 1.5556096 122.51036556299549 
Car -1 -1 0 671.0204243279893 178.20462426920568 755.1855913887474 243.13013075549833 1.4772801 1.5916564 3.7243807 2.5608602 1.6290762 18.597956 1.5583708 63.34980267442986 
Car -1 -1 0 381.0932616071708 190.17085303122997 485.55304029933677 223.78322093714112 1.4033132 1.6412514 4.206504 -7.760873 2.1930547 31.98801 0.046736646 89.83106485628973 
Car -1 -1 0 592.1690026056121 177.100271827425 626.7085529463504 210.0724200840485 1.5385716 1.6346955 3.6969569 0.0010493584 1.7613127 35.99731 1.5744896 22.913213715980024 
Car -1 -1 0 432.34809129312305 182.37954712532672 518.5891426123011 212.78795580078327 1.5838215 1.6938087 4.3183613 -7.251162 2.1152008 39.234386 0.079811245 40.89560025728121 
Car -1 -1 0 654.2240787324982 171.36338885726582 692.1036344680557 211.1594465703475 1.6992958 1.6163762 3.8130178 2.9338958 1.6356463 32.794415 1.6824371 39.51986560116353 
Car -1 -1 0 643.0475876579286 176.65756832456168 670.9511626747776 204.63486612221348 1.5177336 1.5327971 3.685656 2.7538145 1.7467904 41.55524 1.6487815 3.2395346080395067 
Car -1 -1 0 477.43843661044053 181.80705904870902 536.489223545051 205.27457009565907 1.5421045 1.582103 3.6889763 -7.0027647 2.1685987 49.37665 0.18286842 3.0622213489317427 
Car -1 -1 0 516.7423566573241 180.45253432367394 542.0191150300266 201.94764682556493 1.463197 1.5862324 4.0660377 -5.8963223 2.0414233 52.767662 1.3975931 0.9837367630671375 

