Car -1 -1 0 290.73038885508424 212.25572263666186 487.58656337964305 286.2561673395002 1.4058402 1.6387603 4.3052874 -5.309561 2.4721775 17.62836 -0.6053747 114.22038552546499 
Car -1 -1 0 0.0 209.2549369517239 195.5274657649797 332.61385177399114 1.5161674 1.6303657 3.9967427 -8.609596 2.149323 11.128781 0.33175087 65.35515932909205 
Car -1 -1 0 778.4334844645439 194.02537866532236 921.0382401624227 248.37896514668645 1.5211692 1.6191317 3.8049734 7.176472 2.1888454 21.833187 0.059769228 85.39965192798194 
Car -1 -1 0 200.72144272556596 214.1057246195187 384.6037081748192 284.08401938558967 1.3995419 1.6110649 4.053264 -8.0821905 2.5720582 18.596636 -0.6906358 76.32705155992257 
Car -1 -1 0 382.25325987948617 202.25600219630206 502.19017381802223 247.750415192632 1.4447179 1.6056087 4.000568 -6.061626 2.5690434 26.170553 0.33812487 23.31989467205822 
Car -1 -1 0 439.90051865206686 192.2134895393381 537.2254312352414 238.31153990726736 1.653078 1.6105493 3.6168 -4.8398514 2.4680483 28.789812 0.50909173 18.984237589900765 
Car -1 -1 0 107.5910350369596 209.7787583180198 195.20884700820304 245.684433312585 1.4745723 1.5594578 3.5494542 -21.33648 3.2617517 33.618656 0.3240149 10.252775047207868 
Car -1 -1 0 13.061888112157142 216.4829845233448 184.76875221943504 280.8275806207751 1.4698027 1.5914427 3.8308494 -14.945856 2.8842175 21.332771 2.0859058 1.4313355241084365 
Car -1 -1 0 857.4201792243662 191.6689990743275 931.5490353747973 239.47607235551686 1.4174356 1.6072867 4.1073775 9.861231 2.1322758 25.253336 1.7409743 0.28919824957847595 

