Car -1 -1 0 143.11943158850306 188.605486998878 253.77631736785955 234.69208484154007 1.4081823 1.674751 4.2635145 -14.476126 2.0165567 25.69886 1.523018 29.740883118786158 
Car -1 -1 0 438.63575450314244 177.37153488806632 527.2855922302003 221.09039345675112 1.4752046 1.7119844 4.6179423 -4.876155 1.6609994 27.260448 1.0181632 45.848883535098075 
Car -1 -1 0 0.0 182.05672907720222 149.73162869614592 287.0980416432376 1.7269889 1.7207608 4.326848 -11.037858 1.927737 13.957366 0.49329108 68.16664061342894 
Car -1 -1 0 353.5064739433904 191.24083964715433 423.41772814671293 223.29794832592052 1.49881 1.6617452 3.9582124 -11.658376 2.529398 38.31115 1.8492911 14.273693551825144 
Car -1 -1 0 282.1428221988348 184.06213815572997 343.7320556017242 230.86604438159418 1.399195 1.6414211 3.9107125 -10.061665 1.8156056 24.69448 1.2609922 22.063405355952426 
Car -1 -1 0 498.6638567571321 175.64926171661523 582.2034943729564 214.54463520551187 1.4792552 1.6518304 4.1456084 -2.9395661 1.6036444 29.931337 0.9708713 31.1262912179287 
Car -1 -1 0 1172.1430577493734 152.06261417523717 1242.0 193.85078250267176 1.6228955 1.5984156 3.5534096 24.975065 0.815436 29.273415 -0.27497563 29.489610359051596 
Car -1 -1 0 551.1557816538575 173.70116582136336 626.4907867707007 210.55583922651346 1.5228007 1.6598814 3.892172 -0.9850957 1.5628424 32.006824 1.0352685 10.838268973432486 
Car -1 -1 0 1118.2933923382332 156.53450457379793 1219.0350661214738 191.55585208147463 1.478364 1.6170571 4.0859537 24.73998 0.7894653 31.931278 -0.35782498 5.172731509093338 
Car -1 -1 0 847.8349140525902 165.72851572109977 873.2536785547463 188.31465398790328 1.5183237 1.5581657 3.9286373 17.568012 1.039322 50.611656 1.8733089 2.2772070159237656 
Car -1 -1 0 871.5005140769455 162.96756631950493 896.3192466443431 182.0608678927396 1.5955182 1.6363244 3.9314537 23.692623 0.7693651 62.40676 1.8379242 1.6013668873760571 
Car -1 -1 0 397.4344237822415 193.59186803236722 454.84458579149214 225.64214403571464 1.4516823 1.6056876 3.7134156 -9.372876 2.575114 37.142967 1.7003592 1.8019490391813775 
Car -1 -1 0 217.7225014378592 197.0240232970375 290.81973071649344 227.4136756009043 1.5120592 1.6292948 4.094843 -19.873661 2.9203427 40.33085 0.50969714 1.9999228123882937 
Car -1 -1 0 93.31335411425249 190.39620335054315 194.84514304574128 233.93995734363295 1.4020721 1.5696948 3.717076 -17.080717 2.0973315 26.685223 1.4961859 2.363742138189048 

