Car -1 -1 0 648.5836323165423 181.5689360137041 726.2331638173057 239.75189924432203 1.4649911 1.6282146 4.046336 2.1421576 1.7416115 20.843365 1.5241323 76.1358210103191 
Car -1 -1 0 711.4763416616311 184.90508490677965 916.2065704669159 319.6525749364927 1.4353361 1.5851054 3.7998757 2.5594306 1.6342324 9.970539 1.5195609 92.73480927102447 
Car -1 -1 0 631.8321956475781 181.30509605130078 688.5738324161639 226.31810406622466 1.4860581 1.6130915 3.8956854 1.7891773 1.8203921 26.556164 1.5166751 34.517130073939356 
Car -1 -1 0 153.107955669012 189.63133634562453 404.37510258396736 270.63918275814854 1.4380207 1.6504529 4.2410374 -6.387413 1.7967839 14.34367 -0.1261946 147.80543647113993 
Car -1 -1 0 619.7988286747224 179.43055340808124 665.6131259192538 216.93549107204723 1.511252 1.5811548 3.6539774 1.3962944 1.8165355 31.613663 1.4972856 21.455983303165045 
Car -1 -1 0 271.22452575328674 183.9277536931405 434.49553362711646 242.45799368951936 1.5326779 1.6318127 4.0221567 -7.084779 1.8577633 20.219965 -0.07370483 48.855667343513616 
Car -1 -1 0 371.23249707574314 182.23350090829342 470.2002010205848 218.21747477929858 1.478931 1.6124854 3.9632804 -8.103737 1.8984702 31.23522 -0.12056318 17.80529479968657 
Car -1 -1 0 518.6632006377146 179.72444574142082 544.0227271854699 203.57615699630355 1.5013859 1.5959237 3.7798276 -5.2927623 1.9824235 48.538933 1.4361763 7.7876577409250585 
Car -1 -1 0 334.72189525562305 188.12657814168094 469.171849211272 237.2281874053433 1.4504716 1.5804749 3.773423 -6.5085516 1.9534153 22.827961 0.07704739 12.781739135353583 
Car -1 -1 0 383.7516540016297 177.09542259546888 474.56824028565717 214.29912305864138 1.6928718 1.6541722 3.9995856 -8.469655 1.8998711 34.144936 -0.124586776 11.338193678637976 
Car -1 -1 0 606.3431695618192 178.49262196577467 647.4117135915419 211.8119558494448 1.5303434 1.580065 3.7284608 0.80704623 1.8246741 35.72914 1.46966 0.6900685699359872 

