Car -1 -1 0 650.2644847926816 186.3598363206794 705.6329569748917 228.77976484916505 1.4349797 1.6138463 4.15486 2.5610166 1.995631 27.849684 1.5381793 59.274040027793326 
Car -1 -1 0 395.2409898160035 195.21958322760514 505.91471815892737 241.75966253240148 1.4441304 1.5577295 3.500921 -5.601013 2.2845464 25.517546 -0.5651274 66.22871246349773 
Car -1 -1 0 1050.3571857269847 172.25279361954085 1242.0 247.36185172924976 1.4062068 1.5776191 3.781727 11.208141 1.3949509 14.874324 -0.33430088 58.09763371795973 
Car -1 -1 0 416.84681748251694 191.9568945064093 518.3758666833626 234.9794168438872 1.5538006 1.6080242 3.7407079 -5.6653295 2.353856 28.778591 -0.3799981 12.64016079682128 
Car -1 -1 0 641.3823331945844 185.32801167835544 677.3798952122406 217.3471189666596 1.5840094 1.602452 3.7372997 2.6505044 2.2918017 39.05341 1.5464134 7.377669733904104 
Car -1 -1 0 437.32409959288395 192.6321943528721 530.0948641689051 231.0503970105001 1.5180416 1.5962346 3.7350988 -5.4801474 2.4175708 31.394993 -0.37118888 11.162056046885242 
Car -1 -1 0 503.82498342693185 189.89021600602408 562.080306819155 214.71840997474328 1.4955612 1.5646484 3.4520617 -5.000983 2.6470313 47.19515 -0.55391043 7.015422414088285 
Car -1 -1 0 517.7537124020004 188.65229073181038 572.5854799669019 211.6284024590528 1.5641291 1.613229 3.680966 -4.7225657 2.7614841 53.03643 -0.5494678 7.260764234472109 
Car -1 -1 0 352.33814093049665 196.23340112500455 492.3517489352529 260.4477552053958 1.485364 1.5452181 3.3405476 -4.9803433 2.156464 19.237528 -0.4956707 9.189225559861258 

