Car -1 -1 0 700.9246837601466 179.0957255162787 836.9669589763836 277.6748561669784 1.5252669 1.6209314 3.8298786 2.7659173 1.6572702 13.333672 1.5571778 92.41866100015476 
Car -1 -1 0 777.818615852188 188.7098042633149 1058.1523494396326 371.3530538618993 1.4226013 1.5381738 3.4142172 2.929777 1.6280572 7.63373 1.5822345 92.1493585831483 
Car -1 -1 0 664.2844864097548 176.9655279286832 723.4217736323903 224.74427440325366 1.5410419 1.5976722 3.3981369 2.8852363 1.6949186 25.286016 1.5463885 68.04473794201682 
Car -1 -1 0 351.32528011153335 177.75858389991768 496.46323645387906 233.89750991904407 1.4907472 1.6119965 3.8103597 -5.4168816 1.6469284 21.2217 -0.6126079 100.75279492007091 
Car -1 -1 0 643.2746440285857 172.9080594541811 685.3452199522991 207.94001952656762 1.6663907 1.6010728 4.1087103 2.7052126 1.6692762 36.42266 1.5172013 17.00260676463014 
Car -1 -1 0 656.2204228540066 177.15975895185392 702.1913595661167 215.99945390090426 1.5111921 1.5605742 3.6577675 2.8678403 1.7030216 30.313076 1.5657483 16.95645365768616 
Car -1 -1 0 417.79173170872656 175.16428848052743 525.0421990143446 219.55670407926513 1.5563898 1.6057795 3.6241536 -5.1666985 1.6482247 27.072933 -0.5297648 36.11983011910994 
Car -1 -1 0 451.5828650161773 169.7428353559518 544.4784289280552 209.21162783685443 1.6936071 1.6657267 3.818252 -5.0333176 1.5601068 32.72342 -0.5971551 25.377286338574905 
Car -1 -1 0 466.32923516785416 175.90702536215804 554.6807955336441 208.5213064927108 1.5316983 1.6407541 4.0330215 -4.9107485 1.690548 35.87052 -0.4888729 0.3109655976295471 

