Car -1 -1 0 490.7607020579875 186.46728502975841 732.9201773929623 352.2830952300037 1.4469961 1.5841948 3.6651955 -0.20440157 1.647309 8.620699 1.171492 116.58551093568065 
Car -1 -1 0 160.60315450225704 180.72015767142477 238.95412739300076 238.2610754595695 1.477402 1.6257116 3.7328894 -11.883126 1.7298259 21.118309 1.1553671 64.22602348330462 
Car -1 -1 0 489.77659105029824 176.12266772380787 650.6489590872063 240.90871129519843 1.5623012 1.6284735 3.949779 -1.027242 1.6565534 19.184458 -0.4705765 29.76804758787493 
Car -1 -1 0 439.851567488278 177.57868296233949 557.6042539607794 225.36726861686876 1.6057544 1.6495724 3.9112294 -4.0064716 1.786993 26.115826 -0.4281985 19.795000437234794 
Car -1 -1 0 454.2099143467462 183.37006790026282 576.1880584774625 231.36870935237127 1.4154418 1.560543 3.6363149 -3.0482516 1.7743835 23.253874 -0.36240152 16.748074172769325 
Car -1 -1 0 484.02297873098917 181.38975882119217 679.3324352061917 259.3505887304286 1.5191224 1.6241032 4.0840693 -0.5817996 1.7306648 16.159407 -0.522324 24.747566041427966 
Car -1 -1 0 550.6746120389938 182.56181815764992 753.056198047232 271.41165579046725 1.4849164 1.5885897 3.6852298 0.86301106 1.6959925 14.052317 -0.5463216 16.504449768303523 
Car -1 -1 0 209.57813349820898 179.48910926023956 255.28846512157983 216.5510178018509 1.5115852 1.5264556 3.4847274 -16.671124 1.823446 32.01136 1.1683478 6.590132528231524 
Car -1 -1 0 314.09829902720077 177.52546633870435 336.3564805459421 197.55107525358213 1.534569 1.6241562 3.9694598 -23.024403 1.9267871 58.43636 1.1947873 6.153777108327292 
Car -1 -1 0 392.61686983593063 173.99999404843092 485.3814918313221 208.64304653064727 1.5981607 1.6663506 4.087375 -8.291628 1.6568211 35.168327 -0.5400307 8.825093322186133 
Car -1 -1 0 335.3188495148252 179.77543196737025 361.63182390560655 199.70482621760743 1.506889 1.562887 3.7428863 -21.005701 2.0825262 57.985126 1.106806 1.9183432990016536 
Car -1 -1 0 350.4102781726738 178.80698904507344 385.4387275436606 203.04204975260572 1.5225205 1.5611889 3.9057188 -16.255257 1.9394139 48.442387 1.0691056 2.911190255455274 
Car -1 -1 0 399.987220955801 179.5778362761222 495.74169162675344 213.57181946461392 1.4319563 1.6012712 3.9614441 -7.296819 1.7505198 32.602592 -0.45009166 0.8083637991458529 
Car -1 -1 0 365.61321251587367 175.6603780362858 406.6662081338055 203.58482118109768 1.5378611 1.6049929 4.039515 -13.148692 1.7109234 42.333378 1.090898 0.6171030732165306 

