Car -1 -1 0 707.9364008433836 177.44485504960224 845.7910018182857 276.5539999710749 1.522614 1.5958863 4.011684 2.8877103 1.6198823 13.279283 1.5677692 119.9302977290231 
Car -1 -1 0 775.1007914452825 189.00488145939707 1116.1974917887594 375.0 1.3868592 1.5824416 4.024804 2.9293768 1.5955458 7.310315 1.571202 94.50657931610255 
Car -1 -1 0 0.0 199.051468329347 243.10083599369136 322.5359553222656 1.4828832 1.5714082 3.592564 -7.202328 1.871928 9.869377 0.03371059 70.63142672333522 
Car -1 -1 0 200.98518849737974 192.50142043115432 403.1414078866062 257.140963747162 1.4151125 1.608382 4.103682 -7.1720634 1.9025075 17.092821 0.0010882121 39.58568880381192 
Car -1 -1 0 133.11962863044852 195.54167810241236 352.6961235891088 272.8267967642055 1.4126848 1.5687293 3.692003 -7.34097 1.9018152 14.640948 0.07187128 64.61460290380406 
Car -1 -1 0 595.005621321161 175.75155985375295 627.2040580829688 207.0213161860945 1.564683 1.6271803 3.8378046 0.08517487 1.726538 38.38256 1.5745163 29.72410196326541 
Car -1 -1 0 290.8128789751419 184.08516165528832 438.80472438513056 240.3120050242681 1.5404685 1.614788 3.7777896 -7.1097035 1.8849878 21.147713 0.09653093 56.33459896148024 
Car -1 -1 0 333.7874238392281 185.14436216918867 459.487454212154 227.5383642170865 1.4466861 1.6204417 4.0597944 -7.6636686 1.9088547 26.159687 0.081676975 24.660471509352334 
Car -1 -1 0 370.71418966245835 182.19201019493403 477.97509981100234 222.2819401179385 1.5228558 1.6151587 3.844075 -7.283927 1.9038185 28.614044 -0.0077949776 16.1282075812369 
Car -1 -1 0 1073.1891792810518 148.4957966127574 1242.0 235.01433658734783 1.426096 1.566183 3.6561232 10.411911 1.0245966 13.584418 -0.6120276 35.02908584687621 
Car -1 -1 0 492.1970441667873 179.26028918847734 532.7274747315829 206.00188926743505 1.5437 1.5966023 4.2107415 -5.980097 1.9612685 44.860996 1.6624657 6.094435294759729 
Car -1 -1 0 442.3469486481996 180.48796691234355 492.24491916993 214.56798589494386 1.4960521 1.6141883 3.8033 -6.7235427 1.8805252 34.43355 1.5757344 1.6375651069327608 

