Car -1 -1 0 215.0664988381487 186.6841378608908 350.6911469938134 252.71185295679237 1.4245744 1.6325365 4.135687 -8.185695 1.8191228 18.510214 1.563259 76.57369899310491 
Car -1 -1 0 715.4913799653209 177.95851294551295 768.623908209755 216.05532180416398 1.4223287 1.5369399 3.2077017 5.2617035 1.638669 28.974499 1.568182 51.516150808999846 
Car -1 -1 0 466.0509475796127 177.95134845628652 508.49846311530223 204.01481389585427 1.5056334 1.7083206 4.188599 -7.5080013 1.836208 44.655666 1.6253122 15.683848553789828 
Car -1 -1 0 387.4963352473027 179.29164334817222 438.5555200726512 209.22125666589426 1.5842867 1.6868758 4.2842464 -11.168154 1.9718176 41.278187 1.588484 11.250358864490607 
Car -1 -1 0 435.5844086394071 181.14506109976062 482.9872280026227 202.90901646101034 1.494539 1.7273598 4.147113 -11.079409 2.134641 53.476173 1.8427632 3.343318492600172 
Car -1 -1 0 1175.336855989809 142.43667662333766 1242.0 166.50154147766887 1.5539403 1.6797727 3.916821 41.267323 -0.45387712 49.59057 1.5657983 1.7209364227157884 
Car -1 -1 0 1124.240768214144 139.7145127826443 1218.0863867428081 169.13058163844673 1.5799209 1.6509209 3.9664955 30.998981 -0.2105192 39.88897 -0.041059215 6.207352852675293 
Car -1 -1 0 609.3854252946136 173.7778601981923 628.8243898659081 191.83777893404556 1.5666924 1.691683 3.8817952 0.83468187 1.6520658 64.73455 1.5728452 0.877069686561322 
Car -1 -1 0 494.8034712490221 177.8746008612935 523.3480996585466 198.27117566679493 1.4985669 1.5536225 3.8143365 -7.7473598 1.9009694 55.89792 1.6063422 1.1189739966721515 

