Car -1 -1 0 256.27981409326185 198.52283623782048 493.19230064487596 371.6065274348051 1.5076236 1.6141527 3.7468133 -2.5329077 1.884898 8.723898 1.5804265 115.10163946945971 
Car -1 -1 0 717.4092133783046 189.9736883331051 826.8604823510274 274.58390888645044 1.4686966 1.553281 3.4463787 3.240236 1.8650124 14.965665 1.5899228 119.43929482093682 
Car -1 -1 0 684.6952942492738 183.53383210187957 758.3612844615392 244.14345613736177 1.5697865 1.6174709 3.7192845 3.196402 1.9113774 21.211832 1.5791341 52.31886213019791 
Car -1 -1 0 417.0363655104823 191.82114467273772 528.5356475647237 286.51370739101884 1.4972794 1.5503824 3.5857632 -2.5033622 1.9114091 13.94408 1.5480906 67.67156752928541 
Car -1 -1 0 471.9705877113511 190.08255387013324 550.6364870143389 256.9990077257679 1.5018573 1.5122597 3.3122299 -2.4615679 1.9891111 18.731426 1.596405 38.31612161301733 
Car -1 -1 0 662.0398199920566 180.6312012154996 704.3691383158834 218.82494125411407 1.6140307 1.5886772 3.9869404 3.340999 1.9946321 33.308743 1.5816268 21.061982899027736 
Car -1 -1 0 679.1550673414421 183.19405144785028 738.3613827683987 229.63977715018513 1.5592527 1.6328129 4.0460725 3.651237 1.9775672 27.15897 1.5604367 31.619123636064028 
Car -1 -1 0 504.33431515038137 188.81558037253544 565.1501045517363 239.9159891001546 1.4494346 1.5696197 3.6225758 -2.352323 2.0077195 23.419334 1.5791057 14.408893973852972 
Car -1 -1 0 644.5575653588594 180.09581748955927 672.9738090961652 196.5412861391238 1.5401101 1.6487982 3.655324 4.8326597 2.2756882 71.30448 1.2890859 1.312599082845711 
Car -1 -1 0 507.62394072027666 180.1573103558621 562.9123442379786 226.10132542186182 1.6498086 1.6712692 4.0057225 -2.866758 1.9595833 28.579102 1.5987109 0.29312169551849365 

