Car -1 -1 0 277.7608325642907 187.2253932290842 346.8401187654472 245.41986402873877 1.4768493 1.5977079 3.7421227 -8.693648 1.9421949 21.337524 1.2592205 73.60804498828564 
Car -1 -1 0 595.0254188390693 193.06976879069387 897.0260828822493 375.0 1.4555917 1.5978953 3.769642 1.0504963 1.7185588 7.363552 1.3261069 118.82349254944704 
Car -1 -1 0 543.1975723229268 187.2121997963347 660.0142138445281 235.04780564506848 1.5286417 1.6091446 3.773922 -0.2934785 2.0567808 25.201012 -0.3084127 27.468094591656914 
Car -1 -1 0 589.562728376368 191.68152067484476 799.9688963339665 274.1298870281724 1.4376009 1.6092852 4.1204386 1.7942829 1.8705691 14.959859 -0.45825496 42.016467950424754 
Car -1 -1 0 557.9803027361145 190.64410632614863 691.0590844192825 242.97294101964482 1.4630684 1.5888232 3.8189983 0.43526274 2.0430417 22.27304 -0.25460702 18.92493509968071 
Car -1 -1 0 599.5899061308867 187.76113961699917 760.5084869495162 255.44481258185377 1.4871192 1.5747613 3.6123912 1.7148732 1.8811505 17.753128 -0.32222676 30.27380412660313 
Car -1 -1 0 498.96198896504995 181.191961133581 589.4311177698712 216.84653280710765 1.609061 1.6580426 4.045408 -3.15101 2.0274177 34.727776 -0.35186368 17.563514712857167 
Car -1 -1 0 424.08133107332344 184.21236583976284 446.7066043003854 204.04474748521653 1.5172067 1.6573038 3.9392624 -14.448748 2.4911914 59.75055 1.2919334 11.04512563368069 
Car -1 -1 0 321.2668635694541 186.85462934447486 364.17438226601627 223.65060171547387 1.4942144 1.5583589 3.7759495 -12.097366 2.1714978 32.87474 1.2906644 7.836364274763171 
Car -1 -1 0 530.345980066285 187.38067653061495 638.5354815609819 229.85223255115844 1.4727446 1.5934756 3.7988243 -0.9637778 2.0475836 27.236214 -0.29588354 6.384168409452593 
Car -1 -1 0 506.16635424107943 186.70277516102024 599.7976224391409 222.45025872379458 1.4714024 1.6016046 3.9072142 -2.524584 2.1099305 31.98192 -0.26598495 5.984048265023297 
Car -1 -1 0 672.4624508408341 188.1590122181028 904.7778234090765 286.6919345534791 1.4532175 1.5815406 3.7263353 3.118015 1.7506157 12.558209 -0.40598488 9.310356306583746 
Car -1 -1 0 464.0341473991095 185.36120174173524 496.82742822102637 210.22333639552159 1.5019122 1.6050792 3.9109967 -8.594075 2.3673337 47.81757 1.2525697 1.0824140750449294 

