Car -1 -1 0 732.1356118701691 177.37481048120023 885.8330589191404 287.1644730461775 1.5148902 1.620893 3.8228736 3.1247602 1.6025355 12.051931 1.6030616 121.8706105756314 
Car -1 -1 0 673.2140035887069 173.19104895510827 732.0370072273806 222.15784899909497 1.5927191 1.633889 3.55166 3.187616 1.6053596 25.277037 1.5801364 71.83486445526268 
Car -1 -1 0 405.5506507545071 184.89822342901397 551.0806817774995 245.1648219877087 1.4017277 1.5950336 3.954502 -3.5770957 1.7553682 19.35062 0.6532761 71.98096966466784 
Car -1 -1 0 253.4655619537945 188.2564547461199 352.39006360585114 241.08860648104383 1.6269381 1.6873038 4.249117 -10.728908 2.218596 25.58842 1.5751042 34.06711813726774 
Car -1 -1 0 91.81128412664543 203.41623951152033 381.79394177292 375.0 1.4221683 1.5552132 3.561491 -4.1600327 1.8279406 7.836241 0.70188856 125.97369077741143 
Car -1 -1 0 452.8726794319858 181.74862541940018 564.2812034272362 226.2626096744327 1.4273243 1.5564516 3.6410425 -3.5505567 1.7579161 25.283432 0.4827426 9.39110868805907 
Car -1 -1 0 649.897893783832 169.40944708548366 687.7355671675385 204.66042898587983 1.8042526 1.6284727 3.5582805 3.135262 1.6279497 38.73523 1.5382004 25.503830310783908 
Car -1 -1 0 321.0687304657756 193.00767251510254 514.8912170122449 288.3172655487314 1.410533 1.6158226 4.1193404 -3.7089071 1.8448957 13.539925 0.76698625 86.56299253414197 
Car -1 -1 0 495.4742465700404 175.87275662919535 579.8161146188677 207.80685046389073 1.5086229 1.6299329 3.884721 -3.5815763 1.6670408 36.138916 -0.5630255 6.919749007739584 
Car -1 -1 0 0.0 193.1746019535988 168.1140132577811 298.7375794749917 1.6418098 1.6687071 4.2298055 -10.759921 2.101397 14.181822 1.5432721 1.7489460049670507 

