Car -1 -1 0 708.928725874721 170.04963249330166 856.9705700449401 265.6027987129664 1.4617075 1.6229814 3.966223 2.9332695 1.4188081 13.042834 1.5425487 114.5000040905028 
Car -1 -1 0 655.1370221145529 174.17926820437668 726.369766447878 225.52527949200498 1.4353071 1.5819907 4.2051187 2.419819 1.4803876 22.411806 1.5313072 58.324087437419664 
Car -1 -1 0 644.3665564062724 175.3857747894674 699.9393958843901 216.79210794653477 1.4739437 1.627439 4.236968 2.3573241 1.5800823 28.0982 1.5290675 19.129330774534417 
Car -1 -1 0 66.03618775310989 195.83476050368262 185.9766361916651 241.07407818566946 1.4637964 1.6553123 4.153762 -18.337273 2.410716 27.614056 1.6224327 28.710474556681135 
Car -1 -1 0 314.0469580021068 186.44941164723417 363.4897550553425 211.29666492454845 1.5409667 1.6952127 4.006727 -18.33189 2.5031953 49.025253 1.6195599 16.917376315666242 
Car -1 -1 0 178.84214536394555 192.83066422465757 261.3096875478632 229.3088820980334 1.5086093 1.612754 3.958273 -18.276503 2.5074975 34.063335 1.6187929 21.34620053595624 
Car -1 -1 0 631.4018424087601 174.69800174493477 662.4672330622477 204.24201939005673 1.4994287 1.5860077 3.6643605 1.9838554 1.603131 38.714966 1.6111753 11.63973322768323 
Car -1 -1 0 604.409249247246 174.14163030094116 628.559527439726 195.64707710872688 1.524554 1.5567517 3.572541 0.53954613 1.6227903 53.209515 1.6440531 4.060012790707626 
Car -1 -1 0 254.50958696345162 188.49423304681275 319.0871590435482 218.50720581593484 1.5119058 1.6322825 4.1647406 -18.100216 2.4392917 40.66796 1.6138265 12.542684524763198 

