Car -1 -1 0 408.13967214317074 174.6598250554368 472.0511369432728 226.66967295468055 1.7306452 1.6270356 3.5648987 -6.1888046 1.8008814 26.104591 1.1563644 97.2672970033829 
Car -1 -1 0 944.6282168512038 171.21774107675134 1123.7813070426573 245.5236906171439 1.576247 1.618122 3.8865867 9.987894 1.541537 17.350008 1.4174349 121.90848825861434 
Car -1 -1 0 157.39541079106704 184.85161593194545 247.96695310037364 215.06051416039665 1.4139123 1.5984807 3.9130614 -20.539227 2.0486703 36.59864 -0.45359874 32.29555729466634 
Car -1 -1 0 666.7702906931976 178.1362434708005 753.2224678167977 216.25479552947724 1.410436 1.6682589 4.125158 4.0160427 1.6429754 29.53931 1.1861767 18.079088849869834 
Car -1 -1 0 1015.9118336774934 175.51617134979884 1204.7146949961207 237.54708392175743 1.4244242 1.5977945 3.8659744 12.863181 1.5016083 18.833654 1.2528651 15.867829631678019 
Car -1 -1 0 305.5293387771526 177.25365666294036 336.72837291239637 206.28585207850713 1.716198 1.6606336 3.858428 -18.174755 2.0057688 45.38923 1.1481864 14.223994775410084 
Car -1 -1 0 390.3519980267219 171.24195812056055 449.17279088568876 219.8047220646316 1.9447701 1.6692474 4.2473497 -8.2622 1.8802133 31.170128 1.1194023 20.533737230073687 
Car -1 -1 0 170.0388985255967 182.4490419350474 252.86846980884602 210.49947563031012 1.490202 1.6206644 3.9996526 -22.510426 2.0556574 40.96089 -0.42365974 7.572752958874579 
Car -1 -1 0 911.2793417282503 173.489300614168 1025.7220518906768 218.47812724022367 1.4821247 1.6005383 3.9170203 12.661825 1.5059245 25.423258 -0.47495934 6.51542407833473 
Car -1 -1 0 531.8622139381882 180.29601930574125 623.1058204177737 213.20666913905325 1.472888 1.6218766 4.120581 -1.5381237 1.8349049 33.954384 -0.16842304 2.3906941837026343 
Car -1 -1 0 565.5062965265923 176.3545112986283 605.7035877499283 200.1766889056444 1.4862947 1.6779293 3.882656 -1.6294761 1.7281063 47.73947 1.2659802 1.243736485377523 

