Car -1 -1 0 709.6702190389683 194.51876243634086 886.1574772572963 318.6951620278972 1.4947467 1.6303982 3.7645648 2.7163918 1.890674 11.270096 1.5270473 93.58284085408327 
Car -1 -1 0 643.1816121901106 191.154836004811 694.7913382322139 230.87686431173697 1.4461026 1.5985181 4.166265 2.4271572 2.2698693 30.35249 1.5131118 50.32927728948903 
Car -1 -1 0 677.717616427157 194.0686973203049 780.8245908002585 269.13204734316963 1.4575871 1.5733342 3.566993 2.6793804 2.0082254 16.889076 1.4936692 64.01518604367695 
Car -1 -1 0 163.4208139981071 187.23850903894137 261.663835694371 232.67420036109917 1.4562941 1.5713007 3.6079097 -14.224833 2.0121326 26.075588 1.5685718 74.07217965380076 
Car -1 -1 0 244.80480946459443 184.53941537408235 322.3991307622763 222.39424098325546 1.5304599 1.6945856 4.0564394 -14.557336 2.0892534 32.466534 1.5600287 50.71178456195449 
Car -1 -1 0 309.6772328351704 178.38225549738831 521.1320761974607 278.0128433544354 1.7509235 1.7361339 4.425417 -4.0751085 1.8797919 14.858845 0.5962603 127.95658954394122 
Car -1 -1 0 631.7252742446634 190.4056875524023 674.0690357048613 223.5095063521684 1.4692565 1.5188303 3.5665793 2.1035743 2.3864155 35.847958 1.4609008 4.396307840141331 
Car -1 -1 0 346.04941759456386 184.50471130363727 387.50826787824946 212.01374904145774 1.5416963 1.562439 3.727849 -14.747138 2.2831247 43.99248 1.4837612 3.6042415170784006 
Car -1 -1 0 620.2766965272665 188.54583668411757 651.9158166169435 213.37795894787953 1.5249757 1.5868014 3.9606018 1.7594957 2.6344926 48.962612 1.4617143 0.8794643768840138 
Car -1 -1 0 512.6627996272214 184.57129526633537 541.288364546801 205.8152174196227 1.4971918 1.5878427 3.8974962 -6.2586393 2.4227228 55.0139 1.6112566 0.5445629201736635 

