Car -1 -1 0 356.4287909660667 171.5962181769677 506.40793333825786 232.1289386032123 1.7612946 1.7243235 4.3044233 -5.594412 1.7246974 22.761467 -0.48572028 71.8683589456053 
Car -1 -1 0 607.2223680988517 181.52696286387467 959.1760026578628 337.09436772083217 1.4349374 1.5884337 3.837302 2.046224 1.5543058 8.3795395 -0.4510821 49.39176082390691 
Car -1 -1 0 166.6175026893552 182.33101335222028 219.8359663221559 222.80915769593548 1.5647753 1.620988 3.8100526 -17.771301 1.998225 30.931362 1.1427181 14.553309097626808 
Car -1 -1 0 35.46183452027188 178.29497712376747 166.77650500714682 288.3077931783635 1.7647359 1.6545649 4.0805225 -9.64929 1.8866022 13.975691 1.0634966 57.75592520919714 
Car -1 -1 0 352.097659311906 180.56712837421057 451.2227515909669 218.17281198895262 1.4606032 1.5858856 3.8088033 -8.673626 1.7982314 30.107164 -0.40339038 14.00996024429832 
Car -1 -1 0 187.84103870692843 176.40178537716852 230.13558257155884 209.1994890753337 1.7294884 1.6183426 4.0439157 -22.52968 1.940303 40.697075 1.1826591 5.7281318505769985 
Car -1 -1 0 315.821257931858 181.11427212206286 344.025437363316 207.3889725404417 1.4498768 1.5036805 3.4145453 -16.593616 1.9617628 42.85024 1.2054236 2.77283346816335 
Car -1 -1 0 336.6147393083798 174.17248736884375 430.466455286134 213.2231209251406 1.663192 1.6394844 3.8252208 -10.144839 1.7252729 32.40516 -0.44884872 8.88116170233016 
Car -1 -1 0 343.40830020636156 173.63875586058967 430.15545994054816 209.2818827834464 1.6567669 1.6331127 3.7896297 -10.87111 1.6968926 35.252163 -0.5129224 2.314038897750662 

