Car -1 -1 0 726.2976464995704 176.7837707054361 926.1857899980154 314.7674595221566 1.5096147 1.5847397 3.3554945 2.6824536 1.5716853 9.693838 1.5379834 100.18785160771498 
Car -1 -1 0 685.8676965433184 173.15790188270472 800.1060649080787 258.12140116033555 1.502385 1.6104515 3.7441404 2.5608368 1.5093446 14.648037 1.5660455 79.09612961629341 
Car -1 -1 0 655.5834343837026 161.861529025257 731.9686702221893 229.4943648347616 1.75002 1.6935264 4.3586364 2.318318 1.4655864 20.850351 1.5695816 77.37599601991982 
Car -1 -1 0 93.83218380229324 168.07585300534427 400.4096735161284 279.3198260855357 1.473003 1.6261982 4.033372 -5.518941 1.4097346 11.289621 -0.5410279 113.12492182827226 
Car -1 -1 0 290.4697213045038 158.06733133829812 470.94323306363174 238.42130346875123 1.7100351 1.6572946 3.7527575 -5.3784847 1.3953558 17.126549 -0.6263892 86.3778721154406 
Car -1 -1 0 451.7808263649336 170.46095116330417 538.2219981067641 201.5822633075175 1.4796419 1.628 3.993418 -5.7085156 1.3658658 36.17891 -0.6661655 11.229454064932908 
Car -1 -1 0 648.2691509615337 172.54003133696978 691.2964448354945 210.18411258105854 1.4964342 1.5311867 3.4709153 2.487204 1.4839531 30.419724 1.5728519 12.686422357912459 
Car -1 -1 0 411.5527396643263 162.4036726648348 524.8129249958853 207.49817204196975 1.773555 1.7492384 4.3302264 -5.901492 1.3625462 30.313828 -0.5935091 29.897777914337052 
Car -1 -1 0 495.10408829785746 171.29029601985113 561.6086091611008 196.07278670349814 1.4761692 1.5993532 3.8084207 -5.0140133 1.383027 44.75051 -0.6338489 12.80607694573355 
Car -1 -1 0 370.4194625537734 171.51867451671416 529.1282817579092 228.58877302231062 1.4895827 1.6386997 4.13555 -4.525594 1.4547293 20.705334 -0.62351197 2.7990682125091553 

