Car -1 -1 0 241.4155651087138 181.56070420654717 477.2344717029692 271.90296679652306 1.40934 1.585399 3.8346992 -4.560146 1.5931058 13.417091 -0.66988117 129.0011884809591 
Car -1 -1 0 346.7749744779714 177.6222252673624 511.82253311360097 243.21709963798205 1.5671599 1.6454246 3.95562 -4.764357 1.7055545 19.215883 -0.5429741 49.668737786016976 
Car -1 -1 0 624.8571804466109 175.53146077337715 663.0660515398235 202.6735938609879 1.5214294 1.5517949 3.5690718 1.9927243 1.6868901 42.703335 1.4093648 13.777395784807137 
Car -1 -1 0 421.7069011231245 177.59505574938214 534.1978497926558 219.54575182215285 1.4931681 1.6270349 3.9386492 -5.038411 1.6863512 27.72998 -0.5092869 14.620036962894302 
Car -1 -1 0 706.978197722651 185.72755918508253 834.2118384958296 280.48462218730464 1.4333792 1.633452 4.091305 2.842473 1.7123253 13.5567665 1.6120877 16.547336826001473 
Car -1 -1 0 396.66157754666597 178.09642455963706 521.4193819940906 224.43383819520872 1.4408286 1.6004494 3.8358598 -5.0879955 1.6317623 24.55269 -0.585112 7.2903728573847975 
Car -1 -1 0 283.4129853456238 177.71275774392626 486.9211753975462 257.1924172093182 1.5162405 1.6211436 3.9479043 -4.8458853 1.6353074 15.836124 -0.655334 18.952014600977492 
Car -1 -1 0 657.7575116645514 177.23836655240243 704.0258252935266 211.81468687212399 1.4714713 1.5472777 3.442736 3.2018433 1.6823081 32.926647 1.501335 12.221471378323125 
Car -1 -1 0 458.7931065562827 169.80978413724358 536.6346282863179 203.61867158477375 1.7203939 1.6610532 3.7463288 -5.9403057 1.5654862 38.438087 -0.5807071 14.493648788111614 
Car -1 -1 0 668.9203807490536 157.5336054459214 756.440642429076 236.7787874122438 2.0656152 1.876715 4.7640085 2.8844898 1.6662717 21.192404 1.5679042 21.660019645353994 
Car -1 -1 0 612.6639093138647 176.62499628298465 645.4946971998659 200.5663126416634 1.5014257 1.5565131 3.5177536 1.2534678 1.7603974 47.693176 1.4152789 4.947262702803938 
Car -1 -1 0 445.05020574892967 174.70253822562356 538.9942552566415 209.1229722205136 1.514948 1.6396184 4.102293 -5.433177 1.6036899 33.271263 -0.28724307 0.6642405035127067 

