Car -1 -1 0 666.6222838498717 187.70945135019252 739.4194936782103 241.65485562461822 1.4172025 1.6222645 4.3113985 2.7831106 1.921406 22.319946 1.5533605 43.118524687993805 
Car -1 -1 0 693.7800870141654 178.27957122847909 812.2590497079875 280.89299747738266 1.7585238 1.6783209 4.278404 2.7561855 1.8857187 14.754604 1.5974984 135.58502028146594 
Car -1 -1 0 72.39562617090195 166.63640921281058 222.02017632421249 223.22402716536206 1.5242647 1.6827893 4.261615 -13.610671 1.3567853 21.582607 1.5905414 57.33895578219656 
Car -1 -1 0 579.0192614109245 176.05803756486364 634.9988020142795 231.21520997616628 1.6492815 1.6947025 4.3246093 -0.04603091 1.7655205 24.002151 1.5854315 42.91723421269098 
Car -1 -1 0 652.6819475952713 183.24969083768343 708.6055009954512 227.68034232495674 1.5149279 1.6341293 4.1178627 2.6455722 1.9433348 27.654861 1.54443 38.30410356840341 
Car -1 -1 0 204.73925008028334 171.78344889897735 293.3571771294588 213.89928070107496 1.5177326 1.5868019 3.6280007 -13.789462 1.4791529 27.820988 1.576962 30.86451400941354 
Car -1 -1 0 297.7275059417218 171.8003451812238 360.76034721650024 205.43183463150243 1.6120169 1.6220642 3.9817762 -14.125298 1.5615132 36.581913 1.5788193 13.525760772417465 
Car -1 -1 0 634.6674226128475 181.6014066106434 684.9792963783185 213.7546712502737 1.51108 1.5659107 3.525672 2.5131342 1.9807166 36.840336 1.3317997 6.608657898882234 
Car -1 -1 0 418.25243478485817 175.43624165541667 451.55028184216536 194.77402182375783 1.4825379 1.5680742 4.181548 -13.989622 1.6976256 57.990517 1.596242 0.5246120961246066 

