Car -1 -1 0 458.4350468043963 176.02840947606032 525.5996189379015 231.92245600861943 1.6906881 1.6315471 3.567047 -3.9757075 1.8048545 23.998327 1.241371 104.51323522757419 
Car -1 -1 0 193.5146417534906 186.35404442468896 299.11758909123034 217.32905265616296 1.3983601 1.6688856 4.490336 -17.763937 2.0922303 35.51424 -0.35957217 50.9061438209 
Car -1 -1 0 741.063806938845 178.6167847960612 839.4293367362981 221.03846376055293 1.3942654 1.6041186 3.8530085 6.497776 1.6214924 26.36566 1.2217757 39.19294374955288 
Car -1 -1 0 626.1751072016627 176.42185241361716 668.7545482868832 201.42435632823586 1.4692702 1.6542895 4.0164876 2.3193028 1.7031057 45.15043 1.3547184 11.237532479459905 
Car -1 -1 0 1032.4599118464403 168.78244347271428 1177.692360446182 221.98368694203901 1.4962622 1.6179996 3.9882708 14.932793 1.3817513 21.752195 -0.359768 7.788868350315143 
Car -1 -1 0 362.9563537896287 179.9184662006008 391.3464914573945 208.49617553371843 1.704318 1.6613063 3.9682016 -14.9118805 2.178019 46.23686 1.247608 13.498047182135275 
Car -1 -1 0 447.29835112326884 171.39714870064506 501.79473070756535 222.85645969719613 1.9123969 1.7121522 4.3685656 -5.5247593 1.8582554 29.152752 1.2799265 18.259085920594362 
Car -1 -1 0 400.4395565198275 180.732077574701 420.11196186464736 196.41802190465697 1.508028 1.6712291 4.180209 -20.426947 2.3391817 73.87513 1.235765 1.2572045766583773 
Car -1 -1 0 220.08547314933526 183.46262807577824 303.6885072447049 212.78755078654152 1.5164938 1.6389709 4.104182 -19.22678 2.1287496 40.052677 -0.4228778 3.753164686452988 
Car -1 -1 0 580.4600595669827 178.4474049529647 674.8442388933646 214.31112281387772 1.5059443 1.6061789 3.993128 0.74650115 1.7575152 31.520357 -0.06537108 0.2571852505207062 

