Car -1 -1 0 642.2192517133126 174.85280772700952 685.217628070282 210.39616516033607 1.4767377 1.615813 3.9107432 2.3553574 1.5712343 32.155006 1.5689886 37.72470371727948 
Car -1 -1 0 831.1281324399234 161.22471342778826 1043.496964823256 238.378077136911 1.4911109 1.5965235 3.785184 6.7641544 1.2663565 15.044825 -0.16596988 20.98231307384206 
Car -1 -1 0 723.6034505363687 134.45406215955353 921.003068182773 316.25830276515615 1.9009523 1.6077106 3.7597265 2.5262992 1.499441 9.454119 1.6096807 100.22942079804406 
Car -1 -1 0 430.8651547120351 181.14341710926865 466.22782641377484 208.328193562637 1.8696373 1.5825173 3.794574 -11.722028 2.4976578 52.733406 1.616648 16.736823535398205 
Car -1 -1 0 286.6018813355116 184.01084766594195 362.7596314071065 232.32409990485422 1.7842424 1.6381485 3.9252431 -11.558798 2.2716246 29.540604 1.5496812 49.14508032905396 
Car -1 -1 0 626.2156476168478 174.40913508959068 648.5761403564928 196.06118280798194 1.5804158 1.6226481 3.7603297 2.145096 1.7028198 54.867332 1.6297733 1.519602605724693 
Car -1 -1 0 35.35615668201976 174.21853922352722 132.89382624900435 207.96065316108593 1.609114 1.6090022 3.5465882 -25.772993 1.6781015 35.48436 -0.11028228 0.3503132462501526 
Car -1 -1 0 648.3852858839341 163.03138813247594 675.0060928945802 181.24260737576677 1.554672 1.6420766 3.6405716 4.5575542 0.71612597 63.5078 1.4415752 0.27782097458839417 
Car -1 -1 0 426.77901437547365 178.17233600722773 528.3787160007506 220.93679239028816 1.5630472 1.5806148 3.517464 -5.066807 1.7769122 27.839836 0.23311748 0.5182861273854339 

