Car -1 -1 0 467.389348635908 181.02676390838855 548.6446121984407 235.35405651683988 1.4367003 1.6865072 4.092447 -2.9545789 1.7072021 21.795193 1.6213738 104.43384884968597 
Car -1 -1 0 587.3280129078734 178.84676999292566 696.4535527914813 277.4219069151439 1.4625225 1.6545517 3.6115894 0.53627574 1.5836257 12.754152 1.5969931 48.14629199650738 
Car -1 -1 0 567.6049572489078 175.64116514347134 604.6375219038268 202.73558751104596 1.4626125 1.731744 4.1629114 -1.2969499 1.6312478 41.522587 1.6361368 7.561342812368067 
Car -1 -1 0 689.7810483581949 167.74802228380827 722.5403458504779 194.22551922496208 1.475201 1.589045 3.7639337 5.595577 1.1907198 42.1201 1.6209415 10.38335017575192 
Car -1 -1 0 779.945711844617 159.45187540684083 856.7089695438646 208.19377504711574 1.593365 1.6225019 3.9015584 7.287104 1.1552515 25.545555 1.5805535 29.598120664795335 
Car -1 -1 0 800.9514876928376 153.40680634322206 979.0282072128863 235.69047885735023 1.7589104 1.7213439 4.26031 6.7518816 1.3432037 17.258358 -0.54089916 102.14962746853595 
Car -1 -1 0 997.3233518198556 144.27968171593793 1225.0131562771157 234.4342545023709 1.7211238 1.6589693 3.7435527 10.260259 1.1756169 14.880079 -0.153162 9.897033188960183 
Car -1 -1 0 448.6829339108372 180.01577716786738 486.84713567396244 203.26735977747052 1.4945798 1.5768791 4.038743 -9.720066 2.0086884 49.725266 1.6420773 0.6510745054268241 
Car -1 -1 0 986.0034247600735 141.11363067926536 1087.4769351746868 178.24340337941217 1.7003173 1.6588428 4.020186 20.212994 0.24680164 34.19804 -0.16917083 1.1055375795388096 

