Car -1 -1 0 474.4729002149378 175.35764435488625 537.754593176303 231.42053254064396 1.7340369 1.5946531 3.8323498 -3.4149108 1.8253725 24.405506 1.5697889 51.48670028451806 
Car -1 -1 0 721.9135149435945 168.46429922210575 902.8130314950321 243.05947461442625 1.5401422 1.5826428 3.4910388 4.3812656 1.4495094 15.860438 -0.10087843 109.72656779693222 
Car -1 -1 0 443.5824759254427 181.12922211362232 515.9984240665635 242.7030158258123 1.5609637 1.4901556 2.8298743 -3.5430765 1.8076992 20.093485 1.5776613 16.599595974558426 
Car -1 -1 0 374.9603002056522 169.475759055352 492.6938054791511 269.79334729490813 1.8389287 1.6189325 3.9642818 -3.5458922 1.7770019 15.230245 1.5432467 90.5503206303098 
Car -1 -1 0 683.5577302648876 174.45618387180778 833.1415737192491 230.6326304425331 1.5271134 1.6085606 3.8934557 4.1871996 1.5750506 20.62878 -0.081235126 15.939812033705747 
Car -1 -1 0 704.1003823076455 173.57325199679929 862.1793437770358 236.75722823934393 1.5301781 1.5896819 3.6546924 4.318744 1.5492954 18.335732 0.026223376 16.05073752488153 
Car -1 -1 0 498.73884279694255 181.710098383817 559.0735438797492 216.30274945796333 1.4684663 1.5159596 3.3334513 -3.675384 1.90055 33.38258 1.8922302 12.237570408192969 
Car -1 -1 0 660.2233464096606 179.2223265536655 770.764312687174 218.33327147086698 1.4825634 1.6321834 4.109378 4.1185484 1.7412157 28.46516 -0.011870226 9.976184000608866 
Car -1 -1 0 654.7066920207911 174.4907330682798 746.7143392699865 213.4610570332357 1.6196836 1.6161447 3.713232 3.855583 1.6917177 30.907684 -0.021569189 5.523882463652367 

