Car -1 -1 0 658.1226710585546 190.04172966705164 855.0920558351395 331.4775831492915 1.5583553 1.6103163 3.6066241 1.8761624 1.8495065 10.317701 1.4181452 119.24190113698437 
Car -1 -1 0 412.96579684612567 192.76511561755507 474.8681389836327 243.13093544099297 1.4421735 1.5750164 3.6638265 -5.4436483 2.158856 24.068104 1.4681011 59.04299376440345 
Car -1 -1 0 333.10381907712076 198.67029681666625 440.8679230697035 284.30669440323055 1.4179666 1.639235 4.123297 -4.594312 2.0470889 15.418009 1.4120653 107.89380342453951 
Car -1 -1 0 623.7198306821462 189.51590292890347 729.454767530838 277.6984080192085 1.5303843 1.488359 2.9113343 1.2641022 1.9046235 14.656945 1.4230604 46.99733831077646 
Car -1 -1 0 802.3510918748277 196.94841208911043 926.9376332700092 253.1440120428136 1.5341928 1.5793867 3.4838963 7.775463 2.3177264 22.146246 0.33440167 35.56994996669273 
Car -1 -1 0 918.121212896302 204.62737680551942 1124.5336341748318 281.865461775025 1.4232786 1.5729332 3.7332158 8.838116 2.1820126 15.836279 0.36007544 30.62574508518557 
Car -1 -1 0 434.0579785250439 191.4158862970575 485.4044892011509 231.94216598706782 1.4510248 1.5912026 3.740785 -6.062153 2.2600777 29.523895 1.4944587 8.419625977808193 
Car -1 -1 0 863.9995368490595 189.61674660976095 946.304080846617 219.79568875577652 1.4823415 1.6209412 4.0626936 15.799163 2.4128373 38.569977 -0.36514768 2.68246486535352 
Car -1 -1 0 755.1254635310921 187.96674764572606 793.0524030149558 210.83881316782117 1.4254055 1.6454071 4.284786 11.33173 2.5163283 49.941692 1.5701091 0.3961940407752991 
Car -1 -1 0 458.9157005089827 188.75124658531723 495.21798805097563 224.92550217864903 1.5292635 1.6072886 3.936334 -6.321064 2.3333845 34.415035 1.386545 0.6758564919018782 
Car -1 -1 0 465.1547495273977 187.70695761343111 505.610679122575 213.1628083757813 1.5616345 1.5634604 3.7742562 -8.411617 2.605267 48.66664 1.0745888 0.6820000108601747 

