Car -1 -1 0 549.1709229377163 185.8707444350403 701.4500871083409 326.1485862138602 1.4576255 1.648164 3.2464933 0.15654796 1.6571758 9.430743 1.5617541 52.53130225708662 
Car -1 -1 0 431.9357632497533 174.81658394132344 548.313008998631 258.9295105750562 1.6300702 1.7394055 4.531005 -2.5323315 1.6808846 16.385996 1.6073714 104.15396997163006 
Car -1 -1 0 598.2328910784669 175.2733755509167 658.4225716578559 234.5121568596885 1.6046417 1.6450881 3.5057878 0.5849835 1.6826416 21.476427 1.6126461 20.08184320117317 
Car -1 -1 0 1070.6255303436233 149.1937054260134 1203.8567389892157 192.7395821152611 1.5558751 1.6566434 4.10796 20.279907 0.710503 27.961926 1.3603466 87.67679440927948 
Car -1 -1 0 134.5332312609041 200.95123751410776 215.21426910848268 227.1696850941469 1.4764551 1.659213 4.237343 -28.55632 3.4117663 47.51063 2.22159 11.545865105363015 
Car -1 -1 0 536.5635178066254 180.5829952211136 574.4173336279739 199.9916152082025 1.4862978 1.7016817 4.133064 -4.3950477 2.1448548 59.25351 1.8718238 5.471347613277798 
Car -1 -1 0 37.96543009674526 203.38885765054383 118.69129920668036 234.17006774697876 1.5899382 1.5498585 3.5602052 -31.564713 3.4880884 42.949684 2.1793308 4.984031880169907 
Car -1 -1 0 110.42065961268818 200.04337513292774 182.35035772038833 223.94059390927328 1.4924022 1.6224779 4.059247 -33.192062 3.5210104 51.782143 2.302638 0.5667503454979741 
Car -1 -1 0 713.2334706505717 172.53122794879053 736.1654206661702 191.00965399077987 1.4787977 1.5845913 3.8133004 9.566373 1.4529665 59.782536 1.8068651 0.27660349011421204 

