Car -1 -1 0 386.9426239480537 182.27945455505835 505.2974126810951 259.9108593733937 1.4525126 1.705249 4.202047 -3.477778 1.6905112 16.115223 1.5672169 108.6127703379557 
Car -1 -1 0 579.3272230432248 174.63664261531508 681.4910718591326 266.00483643156446 1.4738293 1.6592537 3.6755369 0.3623507 1.5118971 13.559639 1.5840772 63.211350489933345 
Car -1 -1 0 777.0202542675332 157.53344129136477 865.6980506487106 208.02574846478774 1.5074267 1.6492352 3.914631 6.7852654 1.0500377 23.52024 1.5435765 94.14029147435971 
Car -1 -1 0 540.292780050794 174.3133825554044 585.9320694824704 206.66662916496614 1.5189259 1.7763307 4.398731 -2.2703483 1.596936 36.3234 1.6271565 24.65025422736248 
Car -1 -1 0 678.9186968497222 167.20395140194296 713.4788786810807 195.55092080664986 1.5016376 1.6503499 4.0817537 4.7897253 1.2023346 40.30431 1.6241064 16.933378485928475 
Car -1 -1 0 1025.5189922488175 150.92891705802552 1242.0 249.85815201133897 1.4368552 1.5983819 3.9250615 9.673759 1.1184137 12.54122 0.95066446 45.97951550764117 
Car -1 -1 0 861.6963952175654 146.47966237642737 1061.454041563144 235.80045685629005 1.7716885 1.7145171 4.158273 7.7940397 1.2485503 15.952871 -0.42683136 92.15919353443252 
Car -1 -1 0 1052.3714717549212 128.6550759574495 1138.8523404085167 161.93730565590047 1.5006856 1.6979663 3.9702702 24.034054 -0.5728613 35.856693 1.5967511 6.150790310965535 
Car -1 -1 0 987.5129028145641 136.451328075891 1100.3995945103823 172.0507344248484 1.5545101 1.6463442 4.097089 19.451344 -0.037043884 32.410458 -0.020136733 0.6453157930378814 
Car -1 -1 0 31.910536894667462 197.5388377502406 142.08175729518683 245.17560808038553 1.490364 1.5825702 3.7537217 -18.609114 2.4213057 25.684147 0.44881183 2.0669867043159464 

