Car -1 -1 0 679.5290071227103 175.44017226851327 725.9466425353571 215.41466929818847 1.4657243 1.5690026 3.8231182 3.638753 1.5754695 28.66397 1.6302361 32.522564917096375 
Car -1 -1 0 704.7269603170646 163.59486316655702 779.8709146254295 233.0540590240654 1.7131801 1.6222614 3.6222076 3.5198162 1.4848075 19.660402 1.6416695 119.40028547338974 
Car -1 -1 0 251.93938128894533 193.8602289206011 424.8922045811588 253.2476795292802 1.4416549 1.6155694 3.975814 -7.1008615 2.0252857 19.112022 0.06488006 113.94749261979821 
Car -1 -1 0 614.1792868912526 174.31304086601074 647.7924412794066 206.62013718460076 1.5573812 1.6215297 3.7838125 1.1384475 1.6358888 36.890594 1.626071 25.083151535844706 
Car -1 -1 0 366.52601024114654 182.8122542041559 496.5424198281533 231.61155341831446 1.6824808 1.715793 4.291461 -6.459505 2.0619223 26.406574 0.10905705 55.406839264826594 
Car -1 -1 0 445.58616304816394 182.75689362539316 522.5480650847959 212.98935613136692 1.4616115 1.5646639 3.5538983 -6.2888103 1.9729567 36.363167 0.063851215 18.41095122137033 
Car -1 -1 0 672.9322823554746 174.23303266354142 715.4256063671114 208.55110455526048 1.549053 1.6513544 3.9721932 4.014212 1.6192572 34.73104 1.5896981 10.990874569588852 
Car -1 -1 0 458.5820124351309 181.017602042039 537.3908615848137 210.43149731570318 1.5237503 1.6177965 3.9243472 -5.98333 1.9752041 38.91409 0.09296181 2.007994237150264 
Car -1 -1 0 476.0859134346624 179.98888445319758 548.9752677528382 206.8516192774446 1.5294739 1.6132053 3.9906983 -5.764038 1.9668338 42.985954 0.23183021 1.7894564148950596 
Car -1 -1 0 416.8573288146018 184.56897653252975 507.334227207169 220.3570424117242 1.4823308 1.5747731 3.5584438 -6.4172707 2.011348 31.566849 0.13270827 0.338735431432724 
Car -1 -1 0 533.7875431072401 177.98334398555104 566.2769055970505 201.19195248331025 1.566889 1.6092384 3.7709136 -4.2124777 1.9472936 51.546402 1.6845908 0.2668648660182953 

