Car -1 -1 0 65.10817809722455 163.18928520108543 262.1663181926264 233.81828103707488 1.4919221 1.5850161 3.8676825 -10.500553 1.2877707 17.330122 1.9270741 37.42919965387634 
Car -1 -1 0 932.6834598830666 157.04906235173382 1034.8102515549185 237.39993546718154 1.5929358 1.6441853 4.049485 8.396681 1.2796068 16.489315 1.9410113 79.87450398963375 
Car -1 -1 0 609.2601117474104 139.7946566280796 656.3319065763806 166.42149036983272 1.5156419 1.60113 3.7432551 1.4653817 -0.41121167 44.09019 1.9828196 17.188735762312717 
Car -1 -1 0 557.7724077165958 143.77990258304433 617.8569110605588 173.3178082931345 1.4574093 1.5799797 4.1777196 -1.0722754 0.02288425 37.83319 1.9615768 22.03565967650282 
Car -1 -1 0 514.1551673622808 146.21835375003567 576.1378904410477 178.85198225571963 1.4382713 1.5081596 3.3896046 -2.9488266 0.26435062 33.65421 1.9516903 50.33781959578132 
Car -1 -1 0 954.4507251512437 177.66216746335328 1242.0 309.14302329208397 1.4098039 1.6246341 4.2878976 6.777549 1.4807876 9.245868 -0.2981788 24.890151180247777 
Car -1 -1 0 822.0559003890696 148.0708635746717 898.3482698364254 214.96322372661987 1.637614 1.6734215 4.1167717 6.989698 1.0308897 19.885426 1.98239 50.19070827660249 
Car -1 -1 0 258.6790886635545 150.79100281758772 373.4703281437771 193.95306181614473 1.4778717 1.5965937 3.8065765 -10.632863 0.7224331 26.149054 0.37744603 48.69728771701754 
Car -1 -1 0 916.6053214076741 150.7286266607785 974.2897067998732 194.13102310186463 1.4168984 1.6195035 4.0456667 11.892472 0.6946016 25.73389 1.9449669 19.460284441616004 
Car -1 -1 0 387.2918155003948 144.9140470788902 483.4489768821001 182.40532060051592 1.5466143 1.6220338 3.8725958 -7.55956 0.3940171 31.298836 0.42238125 14.557802193698649 
Car -1 -1 0 176.24187498392078 152.9288770185513 313.3533581054384 201.1133355794663 1.4629548 1.6334605 4.1927824 -11.863085 0.85799706 23.458794 0.38961107 7.393053958140893 
Car -1 -1 0 325.04849128868887 142.56220858387752 428.6922779344311 187.43397122153462 1.6870953 1.6607233 3.9094808 -9.287716 0.5481798 28.764194 0.47743124 35.110022040392856 
Car -1 -1 0 906.7390346805861 140.12506069632266 957.3984042610363 171.08114008911733 1.4751014 1.6070381 3.5912478 16.257624 -0.09446061 36.52343 1.7745895 1.6665575693671035 
Car -1 -1 0 904.2520198101046 137.05606677971372 932.4396459673804 160.83095329000105 1.5042517 1.5509094 3.6895595 21.217796 -0.8609549 49.670555 1.9111037 0.5094525573737809 

