Car -1 -1 0 762.2651482752825 178.82831028974283 966.5847925278243 345.51448805883985 1.4772509 1.6225208 3.5833986 2.7079883 1.5627191 8.426398 1.7266122 87.86487075661736 
Car -1 -1 0 414.6986413851366 191.882488938021 563.4036925717788 286.5901502567585 1.5028696 1.5654984 3.6398418 -2.207491 1.9286586 14.190376 1.8145638 124.1682058680148 
Car -1 -1 0 111.39240359859265 204.34803135165018 419.6071183815078 375.0 1.4809972 1.5263242 3.4819403 -3.7628965 1.9369311 8.588051 1.769928 140.97028392152708 
Car -1 -1 0 767.8340895115823 173.60647416509855 825.7069931778537 226.12984587523076 1.5314937 1.6530051 3.5280497 5.933088 1.5574741 23.003006 1.8095887 21.63762884261191 
Car -1 -1 0 522.3339980002185 188.22748773367795 624.6194870526452 254.76984335252988 1.4948151 1.6205181 3.934907 -0.8443893 1.950779 19.291588 1.8270608 86.10940073687554 
Car -1 -1 0 626.9516092490547 184.07743750444655 681.4493896026773 224.84841117242865 1.4851879 1.5674448 3.520885 1.8654753 1.9694152 29.230125 1.822382 35.722777919714744 
Car -1 -1 0 653.662019247996 180.08004976218706 692.1284138083523 216.45656247439467 1.5986404 1.5668446 3.6261344 3.0626645 1.9621762 34.385056 1.7310538 12.502156605266745 
Car -1 -1 0 669.7001080605063 179.27808253571445 706.1964515033743 209.65176458268738 1.5357001 1.5493827 3.6577013 4.306473 1.9027108 39.265263 1.7985374 2.1119362742714656 
Car -1 -1 0 781.768270454611 175.4947284715425 818.248469739223 209.1057374446121 1.49099 1.5895224 3.6264458 9.035564 1.623569 34.269974 1.8262582 0.610048485480638 
Car -1 -1 0 810.6257711898724 174.05380278121882 839.8070405894516 189.79341990319386 1.5401475 1.6101935 3.7009356 21.796621 1.664558 72.86022 2.2255793 0.2713887691497803 

