Car -1 -1 0 709.4892615961801 186.7353863206282 873.3118558945906 292.8664438265523 1.419277 1.609048 4.1746306 2.8707926 1.6969445 12.317591 1.5343614 109.23509942213606 
Car -1 -1 0 674.1691591942264 181.06989895851314 772.7416189935592 249.43406206100812 1.426396 1.6241817 4.2466483 2.6538033 1.6526178 17.719131 1.5388796 82.94791392790786 
Car -1 -1 0 656.138450125272 176.11154567160676 716.2605011718944 219.67114955293476 1.4895416 1.5981216 3.7479818 2.7802322 1.6196167 26.886288 1.5011783 33.502525624629584 
Car -1 -1 0 582.4767762797137 168.8760436031215 643.101801971491 228.28289414173182 1.6267638 1.6626177 4.08567 0.14654887 1.5178336 21.824177 1.599683 43.73683367174806 
Car -1 -1 0 177.63840554700332 168.75925076780993 278.5897677012768 211.5104081619594 1.4637059 1.6041291 3.8662322 -13.959461 1.3235105 26.65835 1.5983515 35.02881142888118 
Car -1 -1 0 0.0 169.09233511193523 133.20750529806014 234.0092781774159 1.4481021 1.6077027 3.696305 -13.839072 1.3641906 17.971718 1.5341308 56.579771968857386 
Car -1 -1 0 379.8350985392705 171.52571494936007 418.33154062081957 196.09934822654347 1.5687346 1.5884308 3.839191 -13.953667 1.4839392 48.013382 1.5280694 9.234907002266958 
Car -1 -1 0 651.9546459508738 175.9195763899 696.6307721572888 210.59564968169556 1.4817865 1.5448041 3.5547237 2.90421 1.6295774 32.969604 1.5179963 9.768481847916174 
Car -1 -1 0 643.7157108431003 174.9966184954576 685.9454539921045 204.40346807365978 1.4930804 1.5639975 3.5341709 2.9208302 1.6136855 38.75976 1.4386821 4.297090373216519 
Car -1 -1 0 442.7404200412989 172.51121790759308 466.88294086562126 189.95108949733344 1.5451237 1.6699522 3.9568567 -14.113911 1.5147538 65.96781 1.4866675 2.7587299045084763 
Car -1 -1 0 634.0326223492549 173.72139070319386 659.101716157117 195.44132157824774 1.5009332 1.5576286 4.0472555 2.634933 1.5659537 52.055458 1.55983 0.36536094546318054 

