Car -1 -1 0 719.4720461759406 178.6721692893315 856.4537794739434 271.28192438518624 1.4611294 1.6058315 4.031289 3.1847985 1.5875113 13.655323 1.5735906 89.68916013014724 
Car -1 -1 0 690.9452192479117 177.0392383061879 772.5884737748692 238.23149787893053 1.4725924 1.5879977 4.0847445 3.2200265 1.5987527 19.69738 1.5841202 76.31501195807112 
Car -1 -1 0 609.1864046729829 174.81438412273934 642.0874568586995 206.4890338296227 1.56712 1.6384043 3.5594041 0.84156436 1.6744866 37.719215 1.5939295 17.386717885539625 
Car -1 -1 0 299.6433112787603 188.89710513594494 439.61077390090185 241.25054929380758 1.4229193 1.5590676 3.5662959 -6.9727497 1.9141881 21.144098 0.098255366 43.87444641607884 
Car -1 -1 0 331.74424586557177 187.01100606366265 469.2099503000837 233.68650421501846 1.4355481 1.6074433 4.022627 -6.7856655 1.9172932 23.647076 0.051378004 25.79355298299542 
Car -1 -1 0 0.0 193.21909629963017 316.34078483381 309.1328018149279 1.5729606 1.6731383 4.1685314 -6.9298553 1.9136503 11.101316 0.064592995 144.28648088524218 
Car -1 -1 0 217.79672014628193 191.62041954117498 394.46534592934637 263.8322952911177 1.5011029 1.5459737 3.340757 -6.7739015 1.9476115 16.306892 0.053143673 41.93973957559074 
Car -1 -1 0 107.11669191172471 194.22971882560174 358.0691382007701 277.089025690663 1.4276938 1.6157479 4.0887456 -7.190063 1.8711932 13.96157 0.100422315 20.321098799205284 
Car -1 -1 0 382.7434351927316 180.2291807474946 491.8180118645267 222.52765638226796 1.5510811 1.6062164 3.7826123 -6.5164795 1.8409176 27.54801 -0.002401184 18.10177667163851 
Car -1 -1 0 459.49749883676793 178.00764213085793 536.6651811001553 205.16761916205343 1.5416406 1.6559985 4.1942477 -6.524952 1.8523517 42.431408 0.1183617 11.42005094108844 
Car -1 -1 0 438.01475082420956 179.71437973588067 516.74259427363 212.24246832280505 1.5237956 1.573549 3.4839919 -6.3924227 1.8660774 35.09156 0.07066979 6.024372773279407 
Car -1 -1 0 940.3138708096031 159.62498630515472 1067.7758456290187 216.43868063393498 1.4113344 1.555201 3.6397774 10.746133 1.0827065 19.593088 -0.5996981 4.222408322618878 
Car -1 -1 0 541.0496220624956 175.78574708389326 562.9732566747036 192.56839331567446 1.4639711 1.5015862 3.6822505 -5.2556996 1.7384119 65.58415 1.3553598 0.6638155000070565 
Car -1 -1 0 410.4460171435107 183.68555788353737 505.35515144236246 217.62907258554816 1.4511814 1.5943762 3.896358 -6.845621 1.959161 32.70505 0.18035434 0.3106543719768524 

