Car -1 -1 0 509.62476635383206 182.76293345422522 557.2993166765782 224.51082139545915 1.4072951 1.60092 3.4071229 -2.5335612 1.3955823 25.629536 1.4390777 38.79757205140386 
Car -1 -1 0 86.14086471382804 198.8943389948268 243.38734713403 263.90149352228843 1.4979386 1.6598579 4.016188 -11.737992 1.9754257 19.33982 1.625839 78.77634734720033 
Car -1 -1 0 245.8961286831644 184.1788877241283 390.51858126671215 285.3448631362885 1.7182794 1.6128137 3.8340232 -5.7374535 1.7425296 14.049996 0.8913869 92.05492940500473 
Car -1 -1 0 335.0712172626216 189.4009110067349 383.9441373912695 217.53922037582717 1.5514827 1.5889677 4.049376 -14.3064995 1.9427764 41.94202 1.5487257 8.996177894576105 
Car -1 -1 0 568.1395002336981 176.59121460042508 598.3824455111562 199.28706001216253 1.4578805 1.6739696 4.2158203 -1.2093273 1.0391171 47.57521 1.631504 14.883619819474662 
Car -1 -1 0 510.60315106337805 178.68091655665123 542.8208410925363 208.41950064835132 1.5140002 1.5643588 3.6368983 -3.9829679 1.288494 37.862953 1.5068285 5.088467838627563 
Car -1 -1 0 592.7089735712389 165.72494287692075 700.2770188757539 210.72335502511976 1.7341745 1.7064941 4.1460104 1.7249565 1.0641639 28.118355 0.0071615987 16.614126432836837 
Car -1 -1 0 586.3619166864784 165.37128902429623 629.5868663282182 183.42264460574555 1.645841 1.673256 3.94173 0.560349 0.028469294 65.3193 0.006753848 6.932531223512915 
Car -1 -1 0 539.1592706763104 175.37325833278481 555.6690023676078 190.11563837324468 1.5441787 1.6208597 3.8362012 -5.833038 0.73375833 76.011055 1.5329953 1.644744905214075 
Car -1 -1 0 455.4982009726201 182.58430700326014 481.0480041651859 196.74661902294798 1.5231247 1.6145712 3.9676843 -14.727875 1.4665449 78.11839 1.7018616 0.33491241931915283 
Car -1 -1 0 387.92315408022404 186.89697971079534 422.1867895658395 207.53827646924537 1.4541892 1.59151 3.7799964 -14.54863 1.7452084 52.430344 1.5402591 0.5494605870337892 

