Car -1 -1 0 901.4484802082412 181.79346813216543 1242.0 375.0 1.452567 1.549756 3.4071717 3.99455 1.5567169 6.6315207 1.6747768 116.64925433193861 
Car -1 -1 0 814.7918994805855 175.49773134417478 1022.4289045554345 297.94741658601356 1.5192748 1.6033001 4.119144 4.468995 1.5677564 11.137306 1.6171428 94.8560750243517 
Car -1 -1 0 714.6330339160041 178.1852285259256 777.574283502363 221.7436622606526 1.4982094 1.5957656 3.8028975 5.065093 1.71333 27.200499 1.5543308 28.210847766643628 
Car -1 -1 0 193.02676791223666 190.2346205980594 286.65876712362206 222.479832836698 1.4722996 1.6454036 4.364465 -19.251928 2.438785 37.790737 1.946994 28.937725279445004 
Car -1 -1 0 556.0647503869486 178.9803113704415 611.9643350279331 203.26176794974378 1.521438 1.565645 3.427457 -1.6989254 1.9396055 47.637432 0.59929705 47.09246296781687 
Car -1 -1 0 56.04082306215489 195.00196470913588 181.15870540842062 235.64336772242052 1.5206678 1.7347183 4.399799 -21.577112 2.5735493 31.937263 1.9153712 42.771281264396215 
Car -1 -1 0 284.33676434852737 189.71194842617288 359.10077998229457 216.38396074610193 1.4074761 1.5991921 3.9466681 -17.020185 2.4571707 42.82863 2.1232083 31.069624120606743 
Car -1 -1 0 378.29638042069183 188.13206614506527 453.37581770754 212.7901896330146 1.4760797 1.6820891 4.49718 -12.626673 2.509448 47.0709 -0.4479872 24.22241914191274 
Car -1 -1 0 463.4679204928157 184.12281724416454 493.7987770998194 203.65043977885824 1.4961402 1.740735 4.336684 -10.83367 2.4664102 59.956085 1.5689805 17.480819043805834 
Car -1 -1 0 134.66165031791883 185.7487237344474 229.90381138202295 219.66341727176228 1.6637346 1.6341144 4.2000303 -23.188028 2.4060798 39.31346 2.099968 3.3403643094332423 
Car -1 -1 0 618.0829916337251 177.2868069448998 640.9222475768065 196.09047483141455 1.5353663 1.571964 3.6891103 1.6775739 1.9261689 61.71158 1.4926599 1.5433309382106009 

