Car -1 -1 0 0.0 181.47664585591127 184.67144136164217 259.8356849932559 1.4255254 1.657825 4.269744 -11.327379 1.6394665 15.751154 1.5504248 83.97621789614679 
Car -1 -1 0 340.0603693417411 181.42214598010355 491.33254658415245 290.50952475997104 1.4711763 1.5629785 3.4525285 -2.971756 1.631141 11.73704 1.5609746 108.25637591158724 
Car -1 -1 0 805.6676806618367 169.465680509365 1104.6956660520425 330.14546431857633 1.656725 1.7284691 4.440203 4.193907 1.621789 9.697409 1.5243523 140.90926582546038 
Car -1 -1 0 491.86068914658284 172.18409692472974 551.5543017220849 223.59599295437292 1.625147 1.6136241 3.930141 -2.9357147 1.603971 24.782019 1.5596089 55.111749245070655 
Car -1 -1 0 669.5933900096358 176.31082686113092 715.5149142549176 208.8175818213366 1.4762274 1.5306249 3.3994653 3.9637647 1.6519248 34.907833 1.474829 33.0335281184835 
Car -1 -1 0 155.30072157782658 177.81008889678554 258.1158180426791 221.1916720272715 1.4836371 1.6681557 4.223301 -15.094742 1.6859409 27.309364 1.5308465 32.474802587527314 
Car -1 -1 0 281.9643431594977 174.80524392760213 343.631356268013 205.78667663228737 1.5477185 1.6308341 4.078514 -15.685383 1.656961 38.34964 1.5618284 36.37973826478891 
Car -1 -1 0 422.52794757714577 165.24944811115137 520.3386109092999 252.1859922382511 1.7855046 1.6137718 3.772217 -3.0719957 1.629322 16.720722 1.5509298 101.41696464953695 
Car -1 -1 0 339.38516210188646 176.21627641217523 380.73959174154055 201.97721120278777 1.5007113 1.6123033 4.04525 -15.392536 1.7187719 44.6893 1.4480327 11.597357601345188 
Car -1 -1 0 552.7552261986199 173.9240709264191 575.4182956438568 194.4532310931858 1.5230145 1.5794808 3.690071 -3.53456 1.6083906 55.64891 1.4627031 10.994842861609968 
Car -1 -1 0 1049.129974668487 172.89957047402885 1242.0 240.0391083689492 1.652751 1.6833365 4.167923 14.013996 1.6539924 18.71059 0.051317915 31.13666793884804 
Car -1 -1 0 0.0 177.4520369539992 151.61157015227843 234.99001171420534 1.4329653 1.5772345 4.1953745 -15.305048 1.5774478 20.495167 1.691679 3.938055005193326 
Car -1 -1 0 513.6977364906612 176.00304018932422 561.471259094945 213.700212087083 1.5263741 1.6142823 3.7656019 -3.074185 1.6718764 31.436085 1.5963631 4.746687606885058 
Car -1 -1 0 228.91964259569716 176.20048727966855 300.9449560655751 212.71859060442085 1.5371646 1.6087067 3.7025003 -15.4765005 1.6970924 32.599525 1.5298374 10.331566645987403 
Car -1 -1 0 664.600959868426 174.51438946387623 705.4498499114824 204.81384002471384 1.5376937 1.5829247 3.876017 4.006211 1.6315708 38.815117 1.5135196 0.9535122243211871 
Car -1 -1 0 1111.4176509335368 188.27147549565046 1182.3124859946436 221.60061473528515 1.4648197 1.5323029 3.7301674 26.38327 2.267411 35.561523 1.8323083 0.6454963446496579 

