Car -1 -1 0 679.9693782525454 166.67219837795238 792.3414759846698 248.41264499541398 1.6079037 1.621509 3.751411 2.6868508 1.4863024 16.119818 1.5026479 117.48700471433986 
Car -1 -1 0 359.5642562298273 185.5156720345181 482.95160978145304 271.6606033721815 1.4908926 1.6615608 3.9446862 -3.7627263 1.7904494 15.07267 1.5388565 93.33086466028244 
Car -1 -1 0 752.969882673177 162.67623527937712 1040.029423979849 333.95396489198987 1.5876529 1.619822 3.8014722 3.0863767 1.4933105 8.663761 1.4652349 120.92837707313143 
Car -1 -1 0 518.5782812433882 175.9500268083412 553.5046721208155 204.98919903823122 1.5364684 1.5866296 4.0443134 -4.091509 1.7195439 40.637787 1.5626707 17.136406715564004 
Car -1 -1 0 449.0250920423487 180.24799126428005 507.01185673885357 226.61412540067988 1.5154178 1.646844 3.815173 -4.6914186 1.8036155 26.165344 1.5040689 17.104318396195897 
Car -1 -1 0 484.82253880308747 179.75435114658805 534.2476667918113 219.05642682833357 1.5387241 1.5695006 3.9668465 -4.2196665 1.8534818 30.929188 1.570591 13.045499548063539 
Car -1 -1 0 614.5686195334796 173.2915476678032 648.6102346657608 197.8230085805349 1.4662015 1.5708215 4.0777054 1.3378496 1.4949627 45.31471 1.4580556 9.502396480167604 
Car -1 -1 0 607.3487902036429 170.43131480341137 626.4527732444766 187.81178228002975 1.5005955 1.536339 3.653373 0.6288762 1.2914252 64.14832 1.536188 0.8542832689715918 
Car -1 -1 0 652.8019437371066 176.9777278426406 711.089676329467 225.78951870322234 1.4406732 1.5384976 3.1530046 2.2582786 1.5819736 23.143373 1.5658638 0.26970747113227844 

