Car -1 -1 0 355.92413651237956 187.24917721819403 455.57139872134644 250.9575835583157 1.437695 1.674078 4.2374444 -5.3352337 1.8680882 19.415327 1.5213219 74.59217644503867 
Car -1 -1 0 788.7716272139488 187.58597711466228 1026.5100835863082 270.16943339274417 1.4150822 1.585565 3.8167446 5.485403 1.7098907 13.558443 -0.0464774 51.0540815134295 
Car -1 -1 0 761.0321155863252 183.17199402619505 952.4850186712226 255.1657623743516 1.5024227 1.5906521 3.7301557 5.4275565 1.7451037 16.134064 -0.02225675 41.66746612456026 
Car -1 -1 0 439.81824491193584 186.45834421577018 494.042274002176 226.36482618744722 1.4479337 1.5947194 4.0836 -5.7870893 2.0464964 29.670517 1.5257368 24.85744217921406 
Car -1 -1 0 859.1394252002877 174.26784364178948 1238.5058218099641 319.79084814342707 1.6312298 1.6327059 3.8023515 5.313094 1.6507404 9.031523 -0.058176503 60.66870681180153 
Car -1 -1 0 656.5665720006299 180.58347431974533 753.7516433671221 218.3335996639365 1.5706735 1.6561911 4.048814 4.086667 1.9158447 31.3082 0.042399436 24.17372676121623 
Car -1 -1 0 694.3301584047867 179.7856599056454 810.0443823616927 232.10078062805317 1.6369332 1.5976526 3.4431279 4.626632 1.8730485 23.694466 -0.049789704 37.36583287369047 
Car -1 -1 0 482.44350991976063 183.84552950701678 513.9018093098512 212.62565735532615 1.4706405 1.5063428 3.542299 -6.1505413 2.10941 40.100452 1.4810672 22.838363915070502 
Car -1 -1 0 65.02524194583833 164.72677575159858 372.89134923889327 340.1087756060672 1.8323185 1.6699467 4.197614 -4.805595 1.7474086 9.683174 1.6304404 51.89247192666606 
Car -1 -1 0 723.069139009888 184.36271109965088 862.46526626682 238.60418518991943 1.5230372 1.6028221 3.725119 5.3805337 1.879185 21.475351 -0.028038125 14.591169099319128 
Car -1 -1 0 728.6011660583898 184.5884205063754 901.9234228176047 244.46445266608674 1.4645159 1.6166395 4.077223 5.332364 1.7887554 18.980219 -0.07406131 11.380349893598837 
Car -1 -1 0 622.4457250535871 180.21166706859537 649.1975353041636 200.67844998370194 1.4750593 1.5896603 3.9425418 1.9847128 2.0616655 55.49445 1.4855773 2.8767650682247936 
Car -1 -1 0 687.4199039862316 180.67176739966277 798.5054794727226 225.17520384499662 1.5642563 1.6070818 3.7672553 4.837143 1.8602333 26.48536 -0.01501564 0.5862401724701255 

