Car -1 -1 0 489.07804796075334 181.9283011245944 543.0328261208033 230.7265192335736 1.4408975 1.6384397 3.512443 -3.0790217 1.7638738 23.836376 1.4453673 36.21114468217061 
Car -1 -1 0 566.6084407651341 178.64849358644793 622.0127413700618 216.71370199933148 1.4580532 1.6987923 4.474539 -0.7278683 1.7234995 30.703548 1.397577 45.74976945515514 
Car -1 -1 0 734.5794860410882 164.7963696588112 901.5864170939551 255.33877232603345 1.5338953 1.6526532 3.9272325 3.9224718 1.3973894 14.295094 1.4083828 112.91468598593545 
Car -1 -1 0 296.31923999340944 188.6514923317597 403.76671187273257 256.0617508617958 1.4616923 1.6465583 3.921596 -6.5448003 1.9135276 18.615206 1.4882379 61.11089056474889 
Car -1 -1 0 417.70327647353173 183.37614773946382 463.3664890914012 217.49904457178516 1.5196812 1.5959942 3.7049046 -8.188115 2.0609105 35.21079 1.5017909 37.74100364083909 
Car -1 -1 0 1080.2773921161545 134.57031479782265 1208.077199809347 172.99939157237807 1.4721744 1.658988 4.216179 21.967266 0.005569637 29.874203 1.3655245 33.31764793665104 
Car -1 -1 0 560.6026178490874 181.844343751326 591.9976838913773 212.92329178464016 1.5179025 1.5817969 3.7246895 -1.7861291 2.0182211 38.248344 1.5118113 5.7771549335903964 
Car -1 -1 0 559.7001911058474 180.61091594146438 588.9013790681897 208.11158683458854 1.5751765 1.6010913 3.4898798 -2.191923 2.0695784 44.171013 1.4684445 2.4446411401340247 
Car -1 -1 0 551.7033867952983 181.38493161436674 575.4734325557291 203.79432237983266 1.502345 1.5319464 3.6676254 -3.3245597 2.1365225 51.731247 1.4606724 1.8176517054428707 
Car -1 -1 0 956.2315210360498 151.13228759164508 1091.9725159780453 201.5512110492825 1.6814902 1.6809351 3.996172 14.476099 0.9570627 25.26932 -0.19170022 0.3773738145828247 
Car -1 -1 0 1146.7742421183982 130.43867450872042 1242.0 168.6682283747055 1.4489958 1.5989712 3.961617 24.69223 -0.18535233 29.87653 1.4283863 0.6119570122740299 

