Car -1 -1 0 820.7158220610913 189.05031242745034 1234.902667552608 314.7332167131213 1.3999481 1.6447043 4.298888 5.062499 1.624032 9.120985 -0.018439345 145.45763306268705 
Car -1 -1 0 688.9817474015767 184.0666810790608 812.6083254739239 229.11114456236302 1.4850577 1.6256156 3.9592013 4.842841 1.8880957 25.075867 -0.023806335 34.83193691938667 
Car -1 -1 0 710.5290452636862 183.60297108801456 899.3001156876406 254.86142218492884 1.5341316 1.6229757 3.956187 4.514457 1.80237 16.93194 -0.13691986 42.38900108244847 
Car -1 -1 0 775.447760827961 187.18662117025062 1063.6601630662387 284.6756126352077 1.434134 1.6058941 4.018861 4.9114566 1.6854784 11.764477 -0.043106876 45.316827854744744 
Car -1 -1 0 742.9129430778238 183.4956771215233 962.3050746526333 265.16667232407724 1.4797922 1.5892248 3.7734668 4.6811776 1.702592 14.207182 -0.056190368 36.5856938909579 
Car -1 -1 0 682.1954986406844 182.86439974855966 791.2109687232858 222.5367160791408 1.451097 1.5929987 3.8596725 4.8735056 1.8521876 27.904654 -0.11106744 9.236301828268187 
Car -1 -1 0 661.8672439434636 181.63724621621716 761.4773402511075 216.31692331141662 1.4999957 1.6454532 4.204416 4.6029186 1.9122274 32.804943 -0.11555753 7.025664078770856 
Car -1 -1 0 443.63548954148274 184.78712298611265 498.8793370218785 220.6824516992769 1.5098743 1.5945052 3.4289672 -6.3248777 2.0905035 33.32253 1.6704445 7.67472930025194 
Car -1 -1 0 488.83529219313715 186.7765381964047 523.5526005522311 216.029229325221 1.5138133 1.5560242 3.6441677 -5.820765 2.3394177 40.94154 1.5394793 6.281908876146234 
Car -1 -1 0 517.6232073448989 185.45582366681754 540.4095025650712 208.02298381558694 1.4740977 1.5481848 3.6595647 -5.680883 2.4004571 51.14437 1.4743079 2.9460029403067103 
Car -1 -1 0 622.9501304749914 178.07357351923417 667.5614229441958 193.78887558726646 1.464824 1.6170549 4.0568852 3.4599872 1.9851443 70.173584 0.5533824 6.28107763101785 
Car -1 -1 0 506.3643964770568 185.2285365312079 532.4482777254365 211.1153791121088 1.5086122 1.5801693 3.8290493 -5.7297173 2.3308978 45.95121 1.451672 0.8251683862562612 

