Car -1 -1 0 12.475305537741814 183.8881477466225 187.00840098577305 280.8806427307366 1.6295584 1.6302071 3.695127 -10.099942 1.87344 14.230469 0.6012542 112.95402362570478 
Car -1 -1 0 129.9160142377047 185.21868521575658 384.17895883129165 305.75012369707156 1.5079857 1.6496294 4.1335335 -5.5530386 1.7311975 11.212358 0.57263005 129.3671977183474 
Car -1 -1 0 488.1835534334993 187.63530407006533 683.2044280254453 256.959974776939 1.3958839 1.6286542 4.1979628 -0.5568775 1.7672457 16.64439 -0.34920412 120.64212208242746 
Car -1 -1 0 1034.2816297128898 165.0612836855061 1242.0 232.08147843473247 1.499845 1.6097238 3.7491565 12.6126795 1.3254517 17.46236 0.29497343 100.1084629560201 
Car -1 -1 0 397.1425055338325 188.72710704150188 576.4406562677486 252.447977215147 1.3954436 1.6174493 4.1881447 -3.0837655 1.8332112 18.25896 -0.45092338 79.63755898451625 
Car -1 -1 0 570.5303020582825 176.26036692652252 695.6646175171422 220.3693855288109 1.4061084 1.6018023 4.064167 0.7850267 1.5322614 24.994862 0.5364239 26.148086514589888 
Car -1 -1 0 243.31283405060205 187.41497687471653 377.94604106730304 238.201261115574 1.4477875 1.5914106 3.8396382 -9.479452 1.9423323 22.97627 -0.43442976 20.41292199097199 
Car -1 -1 0 0.0 190.24732897782323 89.69191839005718 264.91116192447896 1.4783669 1.5775459 3.6491678 -13.7509575 1.9223416 16.742426 0.59437114 9.353441804096482 
Car -1 -1 0 160.16529427422793 185.4441841553802 277.83408514791114 229.18147387275044 1.4596629 1.5683856 3.7001905 -14.240231 1.9485004 26.48738 -0.4627983 2.6253444034240765 
Car -1 -1 0 334.8059273648147 182.42047611971145 404.85141396582964 214.44098262352378 1.4940965 1.5407023 3.4104326 -12.035224 1.9946897 36.18229 0.57541466 2.4089071180376713 

