Car -1 -1 0 880.4650899332955 194.38139099292974 1235.2074867623642 375.0 1.4414121 1.5388213 3.338584 4.202608 1.7129414 7.420311 1.5558685 102.00288057619198 
Car -1 -1 0 782.1037049166529 189.43463945587735 957.714203374099 297.81539650070687 1.4287724 1.5467293 3.4516473 4.0476923 1.7398896 11.792562 1.5434965 98.74591254341345 
Car -1 -1 0 475.6098162092699 181.23262199212652 543.9584554690995 235.5823706804569 1.4395838 1.57105 3.649905 -2.8876615 1.710659 21.510525 1.5597193 32.203106892438 
Car -1 -1 0 104.9172182641536 174.47223362809132 229.83005543591312 221.49116360761394 1.487859 1.6615839 4.2726374 -15.220265 1.5490615 25.13477 1.593039 37.45198287937805 
Car -1 -1 0 734.3204191831571 183.2672660062901 835.178969977029 254.97808496956696 1.4762359 1.5984843 3.6178102 4.050946 1.7509608 17.209806 1.5926782 54.84775170475791 
Car -1 -1 0 506.17414482786467 173.33669305801973 560.8302139591901 219.14480115154456 1.6446674 1.6210675 3.904511 -2.8694677 1.6646607 27.916874 1.592906 40.64907096297629 
Car -1 -1 0 701.5855054922689 183.28634696799244 774.4946128184877 234.6091138655477 1.422498 1.5940033 3.7684462 3.9394503 1.7774022 22.656668 1.5637918 31.099249146544768 
Car -1 -1 0 163.28723736738894 148.84178341595987 452.43413726082287 350.02465554654134 1.7832534 1.6619736 4.094439 -3.121589 1.5704129 8.445346 1.5738513 114.33230521084742 
Car -1 -1 0 671.5458341643881 174.7487842204653 710.5863251067738 206.92254556015553 1.631201 1.6442997 3.9418604 4.328219 1.738238 38.78706 1.5683767 22.33019840896148 
Car -1 -1 0 821.9714362649046 176.54105127056238 927.2624751778795 212.2401132003201 1.5575054 1.6613402 4.145621 11.922138 1.7288315 32.59961 -0.047477696 18.09084099439827 
Car -1 -1 0 646.7478867226423 177.88860448924586 668.187314058134 194.67096731627126 1.4302251 1.4863069 3.3545952 4.2414207 1.8904945 64.243454 1.5083501 4.046923687134144 
Car -1 -1 0 387.5242393193043 151.4312818035182 528.3132771417701 267.41344984184536 2.1157656 1.8592079 4.696093 -3.0430548 1.7249688 15.549322 1.6150997 47.862384424064516 
Car -1 -1 0 784.6278850044852 176.6349537051553 858.1683016564375 203.72071201672867 1.5459634 1.6192372 3.8205771 12.411767 1.7730527 42.391666 -0.07199157 4.359065463729539 
Car -1 -1 0 533.8364661272033 177.87679664155965 569.8089208070819 211.59332249269053 1.4987739 1.5732648 4.07388 -2.7297516 1.7551287 34.75807 1.5290604 2.364791464628289 
Car -1 -1 0 543.5826979827901 172.49580736468684 572.7545329524821 203.84487409321457 1.9236757 1.6286303 3.883569 -3.2529361 1.9016956 46.225315 1.5611743 1.9756560694829175 

