Car -1 -1 0 673.6155894146885 179.684764048555 747.7365252328063 236.62262952446616 1.4838337 1.6317389 3.836801 2.8703208 1.70256 21.184277 1.5689237 84.9101958707438 
Car -1 -1 0 744.3950236804968 174.59710567601442 958.7865567856646 323.52569807700195 1.6456822 1.6709204 4.3115935 3.0978932 1.6755726 10.198401 1.5937536 101.44813535466713 
Car -1 -1 0 346.898233639342 187.46217405663606 485.8504790728571 281.01678366410925 1.4689736 1.6594185 4.078394 -3.5563972 1.794348 14.020481 1.5567447 71.7090979217979 
Car -1 -1 0 426.7004964013638 184.35592471511734 516.4699567202767 249.2103358000449 1.5078013 1.6345942 3.98675 -3.6020708 1.8502574 19.483574 1.578185 47.00760748853199 
Car -1 -1 0 132.44277635472184 195.28649305845363 416.4435571100412 369.1058647389959 1.4702933 1.6111095 3.9281244 -3.600933 1.7988626 8.591032 1.5539532 65.99333478437812 
Car -1 -1 0 507.41699991531175 181.64651478673906 548.1541013185806 217.5726205261817 1.4620595 1.6723592 3.803985 -3.6034272 1.8793426 32.283356 1.4947188 17.9206415598723 
Car -1 -1 0 543.3411730678766 178.235596439672 574.818933419579 203.05904920852421 1.5271193 1.6078045 4.0185785 -3.2674313 1.8952858 47.31827 1.6162035 2.362183280589838 
Car -1 -1 0 637.1843206265535 176.54041983783108 661.6623309254157 196.78383519981097 1.4265842 1.6394771 4.1650715 2.9314656 1.7116406 53.701756 1.5824897 2.710897067821689 
Car -1 -1 0 168.09554208137084 142.36042462185594 319.94075893904966 209.15475265625756 1.4746397 1.5842576 4.001866 -8.898735 0.8014232 17.971043 1.6257555 2.8681586201606706 
Car -1 -1 0 675.1881731088347 174.13906294886843 693.95693728215 190.3030716630134 1.5672172 1.6296986 3.6086164 7.470149 1.698863 72.08329 1.6081452 1.7087799168494509 

