Car -1 -1 0 683.0247490771881 183.3518606828957 756.7577421010055 235.73874852817337 1.440969 1.5517731 3.5250869 3.334272 1.792824 22.37724 1.5100005 76.91417782764371 
Car -1 -1 0 634.5696533915603 180.96710648710143 684.8735426754102 218.10818764340522 1.5102949 1.5718616 3.6485534 2.1702611 1.8924105 32.078102 1.4506967 42.36942007730712 
Car -1 -1 0 0.0 186.1921482206341 413.3356822085249 353.0530062177673 1.5169435 1.6712497 4.318364 -4.739564 1.7103903 8.656633 -0.52688944 106.47595139611816 
Car -1 -1 0 367.7955794926625 185.99234036772086 514.9171815882983 239.78334522477684 1.4763982 1.6427398 4.151397 -5.1852217 1.9150255 22.366926 -0.504115 26.355914195961585 
Car -1 -1 0 237.0013482347928 187.60582965726147 460.46763444156693 274.35285504550563 1.4214568 1.6005249 3.8501203 -5.0508137 1.7459651 14.142017 -0.58504194 54.316739662888075 
Car -1 -1 0 616.6035227534898 181.05464346702837 659.1133326837873 212.87006085829785 1.5083356 1.5919456 3.6775272 1.4054136 1.9521828 37.12617 1.4416473 22.170083041284656 
Car -1 -1 0 301.8909024713645 186.26168585512295 488.8542781579483 258.4441891560955 1.469116 1.6230271 3.947959 -5.02254 1.8192643 17.08999 -0.5740076 30.307482511928498 
Car -1 -1 0 409.4702764291935 175.93039801233525 511.36279781891926 222.85988388144415 1.6993032 1.6301484 3.5186896 -5.7641215 1.8255496 27.975407 -0.56888294 18.85486074362093 
Car -1 -1 0 562.0477468188342 175.5730511116812 593.6519923575812 197.51432640886708 1.5958093 1.6801136 3.877705 -2.4573414 1.8112184 55.07819 1.3288486 7.7665601316036765 
Car -1 -1 0 426.11787988393695 181.8383382459963 528.6536176601795 220.40579407887606 1.5306814 1.6447515 4.0375633 -5.686326 1.9399936 31.15453 -0.5206231 1.8152212576552893 
Car -1 -1 0 728.6255752907308 137.48433309512347 951.3795702688711 322.5710591452552 2.1317234 1.89545 4.8088717 3.0549996 1.7243557 10.7396145 1.5980337 8.988172697921659 

