Car -1 -1 0 684.3686702664946 187.26302164570157 798.8855490367891 276.77722138716626 1.4516253 1.5974969 4.200946 2.4853861 1.7832961 14.49498 1.5875705 92.38599248119898 
Car -1 -1 0 744.9067951402524 188.5793567495101 1003.5324931078795 357.7387923257672 1.4748172 1.6026697 4.0699205 2.8317482 1.7091588 8.711344 1.5630302 120.39137357193604 
Car -1 -1 0 561.8611761166139 184.5680521513057 643.4776122211875 258.8190383205782 1.445616 1.6560628 3.5627296 -0.101334095 1.7413187 16.414822 1.5929391 58.571594949322865 
Car -1 -1 0 422.2504040419959 188.19738390102256 520.2763795016997 247.62029514204306 1.4214466 1.6797109 4.248774 -3.8034892 1.90533 20.571314 1.6494126 107.79513722888672 
Car -1 -1 0 666.6313496288302 185.42541096487645 725.5687414112463 239.45428034296918 1.473257 1.6187233 3.5112455 2.7533307 1.8964062 22.41605 1.7477088 48.605728378040844 
Car -1 -1 0 558.5200875151904 183.30294697048467 602.9217484771253 211.89543130174388 1.4434922 1.5580173 3.649867 -1.5413799 2.0481791 39.804466 1.7919865 11.467048157720932 
Car -1 -1 0 309.0479688536238 188.33894278864554 384.48501519884803 217.0391000966702 1.4463656 1.5894743 3.7496333 -14.15844 2.3124914 39.060406 -0.29001108 19.213030646449795 
Car -1 -1 0 651.0653787385278 182.87765584406213 700.8588569321676 227.9492166161124 1.4993469 1.6432581 3.8610725 2.4020452 1.8994012 26.836124 1.609917 6.311211090630237 
Car -1 -1 0 594.2141420281739 177.46210022981558 646.0317475136787 228.2856110506446 1.6799564 1.7059072 4.226199 0.4604458 1.8623734 26.402456 1.6308236 15.478533410662093 
Car -1 -1 0 186.11601670531647 194.68897033125197 278.2958777351082 225.49807725171746 1.5181212 1.6273519 4.0043483 -19.884523 2.705212 38.15251 -0.13458857 6.031042853731839 
Car -1 -1 0 466.67972474424744 185.28449134019323 524.7917748710746 210.09516557080678 1.4899321 1.6246822 3.6096249 -7.4049625 2.335716 47.17405 2.2385926 9.148242193003476 
Car -1 -1 0 656.2031465893776 178.85178942204968 684.5538743974602 203.83756260215762 1.6804945 1.6348922 3.5067105 4.3555803 2.1226094 51.30877 1.764566 2.24848786846538 
Car -1 -1 0 120.29353983669827 192.0100983001417 194.5088369462294 215.6057952571483 1.4506932 1.6124254 3.9703276 -30.14143 2.769908 48.219296 -0.37065393 2.952968699650491 
Car -1 -1 0 58.044382161824835 195.21588415880407 155.29953171046915 227.60913596024454 1.536977 1.6226484 3.9178023 -25.448618 2.7009554 36.574673 0.089271866 0.3595080077648163 

