Car -1 -1 0 445.91777994428156 188.7984116306514 516.2214289278892 239.15352597961814 1.4278212 1.6946912 4.2968493 -4.1694393 2.0063608 24.008038 1.5408752 80.04592125954224 
Car -1 -1 0 658.2103053263014 182.4328065234705 736.6775123677561 242.44001190561187 1.5339329 1.6161687 3.78576 2.4576082 1.8384273 20.99958 1.5122545 101.03501819126699 
Car -1 -1 0 0.6713886036030838 208.01636228228975 392.26106291952595 375.0 1.4001282 1.658251 4.0463696 -3.6236706 1.8542457 7.290574 1.5649538 75.80428957066759 
Car -1 -1 0 338.0450978842845 185.7103799289655 444.3988124633044 225.24320094432545 1.5180286 1.6026671 3.806259 -8.805784 2.0561657 29.260338 0.07490178 20.39111642486941 
Car -1 -1 0 639.4373735632408 185.30096413860718 699.6156185469625 228.98645161286157 1.4322972 1.6391379 4.4209275 2.170715 1.9404488 27.199974 1.5087084 21.663159699658678 
Car -1 -1 0 622.1201974644354 178.42187118713255 671.5152538482143 218.53426747463732 1.7545012 1.6367192 4.16593 1.705574 2.0361648 34.331345 1.4447436 15.117712068993075 
Car -1 -1 0 504.8519938779386 182.4245899378942 532.1492609018019 207.31573904332805 1.543711 1.656876 3.9533696 -6.0641584 2.2121897 48.357403 1.4856249 8.090107354630176 
Car -1 -1 0 584.788438813713 181.9884016421404 611.2195511931574 202.9992978433566 1.5533518 1.5945126 3.9212089 -0.9492394 2.303369 57.188366 1.4233549 1.3417165320353248 
Car -1 -1 0 606.0162029761607 180.72841539322917 630.3331695362633 204.2991845198249 1.5318854 1.6001676 3.774906 0.56603694 2.0988665 50.056614 1.5596538 0.5830450041752155 

