Car -1 -1 0 754.465574354041 186.0339196356022 897.2504320413772 272.4269328213182 1.4131304 1.6316682 3.9548678 4.119544 1.7122803 14.3923855 1.5618573 55.12339380756584 
Car -1 -1 0 830.7812319962519 190.24796162780098 1089.4195801162261 341.5622840480919 1.4616272 1.5619588 3.4357226 4.111015 1.7224293 9.092581 1.5602101 125.60281203422757 
Car -1 -1 0 389.21290633049335 180.76833598337214 511.6422552790645 270.9100777268278 1.4235619 1.5695778 3.59754 -2.829608 1.591851 13.528084 1.550166 71.31364549942003 
Car -1 -1 0 679.8263462653821 171.46609730641975 738.1662550216813 214.57923044707834 1.7231545 1.7077185 4.321752 4.19228 1.6676824 31.040375 1.5195096 61.17042864941131 
Car -1 -1 0 462.76014572280275 169.40199214519353 545.4721399553034 236.10107631449793 1.6516846 1.6347814 4.0117393 -2.7918463 1.5662017 19.885971 1.5863856 78.37215129946131 
Car -1 -1 0 505.0897409545475 175.5275476201856 563.0442297677268 218.5159437916935 1.4592286 1.6369995 4.368103 -2.7339787 1.5672812 26.963533 1.5879577 24.654469483237758 
Car -1 -1 0 896.6008109136086 177.97733555635492 1040.2820630450667 224.66263656912818 1.5206106 1.6517377 4.10752 12.177714 1.7020514 24.628708 -0.04840473 34.07615926283849 
Car -1 -1 0 824.0169585276216 177.9682478572389 917.2841208749684 213.82567085355956 1.6459646 1.6508163 3.836902 12.389527 1.8963513 34.360764 -0.07389054 26.15220528677598 
Car -1 -1 0 652.8586233561534 176.2865524922955 676.875044393326 195.90392320282285 1.4713469 1.4934058 3.4845424 4.302608 1.7485611 56.503704 1.5347754 9.05583410857716 
Car -1 -1 0 68.32616428551782 114.45312906083926 467.7670538923446 375.0 2.0781622 1.8420002 4.6490564 -2.9833288 1.651914 7.6338935 1.6207716 29.992376751164723 
Car -1 -1 0 565.2518073855591 172.44019000835004 591.2189318394966 186.85584198371998 1.498042 1.5402831 3.709168 -3.3673582 1.4550394 76.98843 1.1605918 0.7797314515462015 
Car -1 -1 0 871.7389827291964 176.0678850524719 972.3036789209536 217.722156561522 1.7487906 1.6510168 3.7869828 13.681966 1.8951172 31.663605 -0.20144686 1.6649448809220964 

