Car -1 -1 0 522.3445189059762 173.09341529932453 949.93750991251 375.0 1.5312728 1.5700179 3.4837346 0.71861136 1.5338731 5.939102 1.0312431 106.80109697806023 
Car -1 -1 0 370.7402044245767 183.597156544863 588.6556048718871 323.3785491412807 1.4425042 1.5732555 3.7511656 -1.9290202 1.6175668 9.755723 0.9962537 106.52144371492828 
Car -1 -1 0 311.2656279687312 173.86210675386002 428.4947835453306 221.92841864099006 1.6279274 1.6301767 3.7298272 -8.690964 1.667098 26.27357 -0.6349142 21.173891724662894 
Car -1 -1 0 371.44619350675663 175.38708169788075 523.7731933079494 233.98363461313028 1.4627831 1.5898811 3.791779 -4.422736 1.539073 19.948595 -0.6520354 31.980587301801645 
Car -1 -1 0 7.0109469990380875 179.03774785315554 86.39390908932762 238.92627972238466 1.466608 1.6112738 3.5520027 -15.582482 1.6536789 19.943436 0.88474923 48.26609294058337 
Car -1 -1 0 328.3043614424352 181.54757777403685 454.792751785904 229.45511764281386 1.4266893 1.5743202 3.7102394 -7.135412 1.7316016 23.69038 -0.5294489 20.753509556208883 
Car -1 -1 0 360.1057087684648 179.98606281726822 555.7874456043916 251.14791285886304 1.4485204 1.6323589 4.2237034 -3.4872165 1.6357505 17.00821 -0.6548342 20.98108790478312 
Car -1 -1 0 261.70980457066804 174.76530186787278 315.3552389572073 210.3475995508221 1.4819186 1.644193 4.093399 -14.487811 1.5736377 32.454308 1.0107963 5.346380772017646 
Car -1 -1 0 437.5002455772762 179.2295191529351 623.9246829075751 261.6116511285215 1.5172255 1.5878314 3.626027 -1.6102455 1.6675651 15.28528 -0.6499016 7.792427841206852 
Car -1 -1 0 295.2401106900187 176.6486009082429 409.4224459947234 218.16257975584216 1.494009 1.6208216 3.8784046 -9.99209 1.6518745 28.16199 -0.68647605 4.797660846265377 
Car -1 -1 0 225.65538086336258 174.56266436668213 257.32927620870703 201.12987818311544 1.5592799 1.603146 3.9662328 -22.853886 1.6702627 44.743755 1.0618622 0.2588852047920227 

