Car -1 -1 0 207.01258818981944 189.79803359376064 367.92806365437553 248.46737238098865 1.4412076 1.5663137 3.6277323 -8.533566 1.916436 19.262224 0.108346425 47.545095376200315 
Car -1 -1 0 312.663593555939 179.7646651983021 402.37522984458286 216.86157690525692 1.4302442 1.5992733 4.020141 -10.638878 1.7386796 30.355263 0.6457497 34.347163426837376 
Car -1 -1 0 362.5777875138639 174.56352696379565 495.4884255431704 246.7815217762426 1.661891 1.8268461 4.4490094 -4.576866 1.7125669 19.051758 1.7224841 102.80889981547494 
Car -1 -1 0 238.8661131058292 188.70389589535196 384.924933539693 239.06590619711298 1.4137169 1.5776904 3.7928944 -8.952384 1.9150624 21.846027 0.1014324 16.72322679986836 
Car -1 -1 0 43.594018030896436 186.3064335299261 289.15294411896116 271.84728174214956 1.5268388 1.5956379 3.7684534 -8.466965 1.8046342 14.026719 -0.04035297 35.84016360363675 
Car -1 -1 0 495.63759890256097 177.80915908384978 526.104141596589 207.32311995744598 1.5320272 1.5687647 3.7721922 -5.4393644 1.8206699 40.071068 1.4635662 5.518245385519203 
Car -1 -1 0 134.78466963559637 191.17284163283736 338.1582226405764 259.35345235272473 1.4277472 1.5855241 3.8520923 -8.423285 1.8687458 16.479069 0.051506154 14.581665218083062 
Car -1 -1 0 0.0 179.22137369734529 227.89495465331575 290.19699256028946 1.6896685 1.6317463 3.76232 -8.612634 1.8021375 11.913018 0.008450773 16.530190484121402 
Car -1 -1 0 324.07411323252734 161.47110197011745 383.1548732864651 184.76466641492954 1.6966057 1.6667587 3.7795584 -18.959223 0.8675228 53.527637 0.07566673 3.0959560710515834 
Car -1 -1 0 456.7199172351632 181.93863128025566 500.47309582703787 223.03323263132125 1.5168643 1.59372 3.988565 -5.316251 1.9162577 29.637856 1.4354233 0.568552280681017 

