Car -1 -1 0 364.5599674772482 178.47435857617427 496.5031140673584 279.2186742825402 1.6764257 1.6146812 3.9949417 -3.347542 1.8028201 14.228043 1.569653 100.71277560573887 
Car -1 -1 0 254.51917254790672 189.29384252621662 440.1559889898976 323.60695230564534 1.5121152 1.4713056 2.9247766 -3.4303358 1.7724106 9.953708 1.5820154 40.410518467627234 
Car -1 -1 0 434.863202679695 186.32824295076426 535.9165650063068 241.5603983865353 1.4643737 1.566242 3.6737547 -3.6932893 1.9138491 22.083961 1.8656771 36.2935108186822 
Car -1 -1 0 816.7939218326026 174.98323705871107 1236.0221023714969 329.8101444314041 1.5452721 1.6088098 3.750203 4.4182806 1.5716133 8.075554 0.024847798 51.26463333810961 
Car -1 -1 0 690.6303566824325 181.67465730335547 869.6397455138899 243.8954136148322 1.4724544 1.6327018 4.1123056 4.2117476 1.7058468 18.208641 -0.032667466 73.22711548812272 
Car -1 -1 0 749.2819197846757 179.95783540120004 1087.3409774121847 294.54806354982463 1.4835863 1.6381843 4.188266 4.286665 1.5952181 10.398344 -0.058494844 54.26673418994527 
Car -1 -1 0 675.7201334904324 173.17007994445413 820.4477793387166 234.42141290639015 1.680871 1.6436051 3.7973423 3.912969 1.690371 20.748451 -0.06217575 57.23903732414582 
Car -1 -1 0 0.0 214.76033168224137 221.62140766379906 340.92286189990585 1.4400182 1.5819752 4.2545595 -7.9490376 2.2664912 11.980198 1.3465602 11.187154316472375 
Car -1 -1 0 492.01362248423715 185.01606055544656 534.2984808344488 224.11114159485948 1.4840776 1.5481595 3.6214955 -4.0084577 2.0280366 30.409872 1.4990838 0.9164240956306458 

