Car -1 -1 0 363.88159258014815 183.6081776767701 464.6039545001065 247.44772055165646 1.4959519 1.5709224 3.7733676 -5.14043 1.8146603 19.468185 1.6087847 83.81478041570114 
Car -1 -1 0 452.991755848222 181.7933395292753 507.7554087741148 221.43143445354346 1.4465014 1.6033125 3.9252129 -5.1539474 1.8328956 29.206213 1.5464141 39.01987943371778 
Car -1 -1 0 234.43950924592423 187.60101598877102 401.99208868477285 283.37754044127587 1.4629225 1.6269299 4.084221 -5.299902 1.785467 13.718774 1.5447572 148.2046456961104 
Car -1 -1 0 764.1369092373523 183.38201676756046 937.7581927643392 247.51091506020188 1.4525189 1.5890462 3.7720556 5.913843 1.729145 17.835136 -0.18239614 75.59690587549971 
Car -1 -1 0 727.619916820681 177.12645170466143 870.5461688923181 235.6930881252618 1.5693691 1.5967875 3.5843277 5.2993813 1.6958755 20.418587 -0.08404547 44.4742058174919 
Car -1 -1 0 670.2146635295805 174.90385719658 751.5798244502472 203.59360988718922 1.5245279 1.6820112 4.2554865 5.4815702 1.6391033 39.40196 0.041225173 19.17400383013143 
Car -1 -1 0 478.1808697546391 179.20833205875013 521.9442612359722 211.5755230919404 1.4560764 1.5435498 3.57388 -5.251214 1.7797525 34.958782 1.5811455 17.740232461904995 
Car -1 -1 0 828.2181747560156 173.088859562923 1192.741378497708 302.0439247956041 1.561193 1.6201054 3.9393597 5.119665 1.5646048 9.610154 0.031502876 17.3090557371273 
Car -1 -1 0 679.2417330528041 181.80434000513827 790.135832779953 220.85173788645375 1.4331608 1.6023376 3.9725854 4.7338934 1.7861304 27.652672 0.00053312536 18.57698855239675 
Car -1 -1 0 704.2324045938561 180.15838832401107 833.8478973693644 226.05629486839456 1.5083809 1.6316366 4.097975 5.407532 1.7678037 24.800694 0.0047129635 0.5932682444563915 
Car -1 -1 0 655.1138217875585 175.26760961038053 721.0658729028529 199.5729136872008 1.52415 1.6364222 4.000696 5.012597 1.6822983 46.353928 -0.053428028 0.5239235014271963 
Car -1 -1 0 651.9334930477495 174.140780500114 675.7603525409155 196.68090824141558 1.568608 1.6228597 3.8856854 3.9774716 1.6657562 52.458694 1.6729605 0.2664390802383423 

