Car -1 -1 0 696.1329859073201 187.2528814569604 774.6269210267088 249.0879648741556 1.4688556 1.545584 3.3586495 3.3267558 1.8935382 19.601532 1.5704298 113.12510587149337 
Car -1 -1 0 769.9424835648762 194.01255250678543 1014.4849759622012 375.0 1.5067391 1.5593522 3.3689446 2.8732862 1.7941302 8.079258 1.6206044 86.12657979668411 
Car -1 -1 0 407.2299631756594 194.88132705677327 533.2630361260924 293.8930409568331 1.4735421 1.6004419 3.7240474 -2.432562 1.9408283 13.438159 1.5789623 113.72933087780578 
Car -1 -1 0 473.93316645752367 189.97920788834588 551.2410785787865 259.3183977761167 1.5287915 1.5667019 3.5628695 -2.4021037 2.0125444 18.588253 1.5547855 44.72705318179902 
Car -1 -1 0 674.3836469579132 183.71534780567535 735.1167516402339 231.7293211294128 1.5452509 1.599586 3.6096988 3.3389943 1.9623004 25.876999 1.5404075 40.05812155148534 
Car -1 -1 0 1084.4430677375535 210.67470476545077 1242.0 296.57950396237027 1.5558581 1.6403031 4.061473 12.386394 2.3980308 15.025795 -0.11151684 44.302075984783016 
Car -1 -1 0 506.3692794145017 188.48875017164625 565.0281682586149 239.14715525593817 1.45021 1.536539 3.5119371 -2.334435 1.9975626 23.500843 1.5751266 17.136690656354478 
Car -1 -1 0 655.6302869815264 181.45071813668628 696.371384166345 213.8384648477705 1.5654542 1.6204839 3.9202042 3.4380865 2.041073 37.926476 1.527864 5.3938877023570635 
Car -1 -1 0 533.398618415396 187.01731413455542 576.84967491184 229.55625136876927 1.4848747 1.5951635 3.8965154 -2.119722 2.0835428 28.505888 1.5105491 8.673027772491826 
Car -1 -1 0 643.1499792264018 181.80661498400326 670.9733095100723 197.6690543386914 1.5786264 1.6150293 3.5087988 4.9712434 2.5443747 75.90826 1.2104757 0.5793633438069264 

