Car -1 -1 0 792.605502518409 190.116486812151 1195.6508423376652 375.0 1.5207857 1.565557 3.3389237 2.6962476 1.7030005 5.9381266 1.581958 91.37588998486254 
Car -1 -1 0 356.5019107154631 179.94577308013464 503.22365820580785 236.69924430168646 1.4269516 1.5739236 3.701294 -5.0152698 1.6446421 20.36758 -0.6856458 81.75122321386512 
Car -1 -1 0 118.3586824723381 188.1261259149032 400.5162997423402 296.12536870958166 1.4141566 1.6002299 3.9264426 -5.5997634 1.6999097 11.725258 -0.60548735 67.01971270311603 
Car -1 -1 0 409.549694730858 177.33626430619725 527.8596540106842 223.53002119188181 1.549994 1.6429646 3.9000885 -5.1029396 1.7241232 26.289589 -0.56765175 26.89902902491027 
Car -1 -1 0 0.0 183.28596097829887 319.77051634407405 336.26652193428197 1.475703 1.5843072 3.672217 -5.5936465 1.6254429 8.766981 -0.51184976 41.38670617679162 
Car -1 -1 0 640.2494738867174 169.6075901946549 700.2451347577506 224.51879351584736 1.9815677 1.7578552 4.491703 2.2910903 1.8644152 28.325876 1.5195655 25.509997912738342 
Car -1 -1 0 610.0808336316742 179.95920434045024 641.7223058374815 202.8260120514886 1.483299 1.5168984 3.6792746 1.0943878 1.9942966 49.951134 1.4017956 3.902111963716729 
Car -1 -1 0 424.6769412558371 179.37571904331247 524.4870373395006 215.27134050258144 1.472391 1.6232555 4.036566 -5.938359 1.7744988 31.804535 -0.4574133 5.647639063281384 
Car -1 -1 0 442.6713274322351 180.30597473671065 532.1498002886448 213.57198666703044 1.4800313 1.6211472 3.91584 -5.8403816 1.8560579 34.64942 -0.58706445 6.273481704153457 
Car -1 -1 0 361.6431344538851 179.05823721594933 507.98401953331694 231.69656713062864 1.4797097 1.6258633 4.1603575 -5.4208665 1.6907945 22.640736 -0.6516025 4.37724907929115 
Car -1 -1 0 595.715964431725 179.57994143343507 624.2741108810849 200.62910534851466 1.5070472 1.5224488 3.512764 0.0017953329 2.034586 54.723457 1.3790383 1.845074131789107 
Car -1 -1 0 564.7325958078901 175.36132575718858 582.6654481161834 192.51003207818044 1.6650882 1.6362729 4.1143084 -3.6428447 1.9254564 72.80341 1.4792312 0.25505584478378296 

