Car -1 -1 0 183.87747399541152 179.56511101459543 338.8008482295063 245.32785331426876 1.4376917 1.6867654 4.3573666 -8.672328 1.6298733 18.444477 1.6202716 114.67054854939872 
Car -1 -1 0 672.0357334908934 183.9402119888768 734.008408355889 230.28729868782946 1.4694009 1.581973 4.155643 3.2769737 1.9008261 25.97959 1.5424517 45.14392698159897 
Car -1 -1 0 423.30732248646444 177.3482088240564 472.6656275644321 209.2677780308628 1.51927 1.6816192 3.8381028 -8.176857 1.7605307 36.809452 1.5641531 31.169165532006602 
Car -1 -1 0 697.6033900199188 178.70729085390272 797.5253999931648 250.00773195154662 1.720094 1.6600597 4.241525 3.672126 1.8995326 19.94191 1.4949222 81.67062372378315 
Car -1 -1 0 291.0293551515002 179.30903334405357 390.61614683154744 231.23318850575245 1.4811845 1.6444651 4.0828514 -8.478064 1.7065227 23.139944 1.5790856 40.30349141048923 
Car -1 -1 0 465.55951891898036 178.62947630582488 506.9264783861767 206.86662164464934 1.5457753 1.5740283 4.0724583 -7.1913815 1.9018214 42.413116 1.613843 11.113888367241264 
Car -1 -1 0 670.7375111752789 181.09789270481642 713.7091473598686 219.4737036568395 1.5460585 1.5930866 3.647704 3.5783052 1.9295535 31.714443 1.6057196 11.142358889176808 
Car -1 -1 0 856.4305111919714 146.17369996230508 900.2647060606458 170.86904569391479 1.6300898 1.668385 3.9265149 18.540894 -0.14283267 49.933342 1.599927 9.678678192004437 
Car -1 -1 0 643.8969635614449 181.08352855039286 696.6805394635963 214.8597665647362 1.5517669 1.5752116 3.7376432 2.9797819 1.986504 36.11936 1.3471501 0.45066535472869873 

