Car -1 -1 0 713.0745231756722 179.1322696597469 909.9894743487242 298.6278821354626 1.4764628 1.6288993 4.2619696 2.889427 1.5940524 11.329435 1.4978151 107.75560337360912 
Car -1 -1 0 662.9748679918546 177.78665732627348 765.567311114262 253.59219290726674 1.517966 1.6157627 3.7950559 2.2836618 1.6449986 16.641497 1.5136949 89.41266342341282 
Car -1 -1 0 629.6984500141116 178.11778812516064 688.4816894490234 220.7666350253102 1.4715694 1.6062696 4.0056667 1.8079882 1.6871121 27.476336 1.4768196 42.083182112552024 
Car -1 -1 0 281.64953574155015 179.6621364466476 450.7255841054272 233.14747047624908 1.4288216 1.667548 4.39786 -6.862904 1.6358209 20.757086 -0.16373609 87.12364874941579 
Car -1 -1 0 6.6236307303587685 181.4232379548575 343.4232424442187 285.14298291695434 1.4377186 1.6249722 4.165331 -6.4783325 1.5814824 11.133607 -0.07757391 50.268496570645276 
Car -1 -1 0 352.2942825493245 175.87604617656524 466.7726844412384 219.23358140331476 1.5400213 1.6096809 3.8257165 -7.321595 1.6555765 26.67297 -0.059297517 17.35294488545916 
Car -1 -1 0 617.191671595758 177.03986339676266 661.4087105177804 212.3437331345898 1.5047075 1.5838761 3.769171 1.3110402 1.7083224 33.1559 1.4901826 23.271971504767343 
Car -1 -1 0 397.4858582856995 174.96062843411224 480.78685357293205 204.55137773137457 1.4968625 1.6250166 4.0850186 -8.845352 1.6100456 37.708096 -0.123588935 9.605415863603982 
Car -1 -1 0 375.3958961682208 179.65300411334013 482.6440601767984 217.74050812895698 1.4788623 1.5917741 3.9235654 -7.2341537 1.7612317 29.138744 0.016141985 2.5463224970293497 
Car -1 -1 0 604.7465177160049 177.015043081857 644.8380754986043 206.90847729332378 1.4822292 1.5724047 3.6574214 0.7596893 1.7137525 38.228725 1.4352777 1.6438697534484623 
Car -1 -1 0 519.1569637123255 175.77111279759507 542.6447241030128 193.93723659344982 1.4588292 1.5881772 4.1789646 -6.585251 1.7128172 60.720695 1.5541048 1.3000542298201603 

