Car -1 -1 0 724.8262038742489 179.82079169234333 923.274918908362 303.86615113141625 1.4302106 1.587718 4.153587 2.8849857 1.5533544 10.654371 1.5411526 108.78806320837359 
Car -1 -1 0 682.5224064227023 179.52658906465524 793.4190168969412 254.45868615713468 1.4368473 1.6399553 4.3907566 2.7599585 1.6094334 16.446466 1.5446422 77.53201328475673 
Car -1 -1 0 653.509516364508 178.65191723324105 704.7523620871885 221.62501925112278 1.4643008 1.5742965 3.717262 2.5325663 1.6958382 26.951618 1.5760181 54.02480698568762 
Car -1 -1 0 620.0923967464641 177.39916406746647 652.7593286289269 205.03681242386526 1.4964807 1.4957986 3.2950654 1.5031087 1.7675517 41.330296 1.4911182 22.949558206351767 
Car -1 -1 0 0.0 194.05479600827448 120.04411109104872 250.00708752841052 1.4882749 1.6136628 3.9431612 -17.642925 2.2153692 22.731888 1.6268626 30.16166019039511 
Car -1 -1 0 123.19792649306137 190.13003227400216 219.22513046496212 231.94629767172248 1.478755 1.6198459 3.9059389 -17.569141 2.2238545 29.13666 1.5324109 7.91681146006317 
Car -1 -1 0 244.67607603183797 186.02759656694502 310.24362879984443 217.25727741125507 1.4848547 1.6010705 3.839497 -17.34876 2.211856 37.880424 1.5949693 7.581609695932988 
Car -1 -1 0 645.0017793850033 176.4339204603218 685.2214528262766 212.24828308992082 1.5028267 1.5859579 3.6970232 2.45113 1.6733601 32.5101 1.5870727 5.812809985641213 
Car -1 -1 0 297.20371461913777 184.18829764294597 350.4037496548801 212.20680836473858 1.5451305 1.582574 4.0090075 -17.126318 2.2589579 43.43013 1.5802636 2.718523863778095 
Car -1 -1 0 560.8251683005564 176.4710402934777 600.5450019908841 189.83399645513322 1.431972 1.626135 4.100208 -3.152839 1.8342509 79.09571 0.17210056 3.9639766931296916 
Car -1 -1 0 371.17489261933656 179.9135290032881 407.74616040379897 195.63764986713312 1.5608143 1.6092768 3.5149174 -22.934067 2.316189 75.27837 2.080045 0.25114384293556213 

