Car -1 -1 0 87.02097442363993 190.66714014805294 403.20243710614005 374.0457711289043 1.488283 1.6569092 4.049649 -3.7420743 1.743453 8.294238 1.5499408 126.23273051078898 
Car -1 -1 0 669.4661969578923 178.9502485476421 731.1786781476789 227.68720890023022 1.4779489 1.6177115 4.016448 2.983187 1.7011402 24.400665 1.5802076 40.924578942132214 
Car -1 -1 0 323.9673630040697 186.6940952635395 475.2505642919276 283.0313875784313 1.4555672 1.6603196 4.1399736 -3.7317019 1.7556877 13.572111 1.5655241 74.04228246255447 
Car -1 -1 0 965.0251727706174 178.21635700922846 1225.044972089242 276.7762199017611 1.5301304 1.5663455 3.3056242 8.043507 1.6274099 12.194381 0.06895015 130.8972363790057 
Car -1 -1 0 502.241280050518 179.80247866939405 550.5320600962524 217.7913893555452 1.5051974 1.6205757 4.0078216 -3.5444815 1.8262339 31.329874 1.5745348 33.52088586734277 
Car -1 -1 0 417.7076856982647 184.41256695022938 514.5342664972034 248.51559237484827 1.4487851 1.6023269 3.991539 -3.6595316 1.7867794 19.069271 1.6158991 40.38911765247456 
Car -1 -1 0 656.8330900964584 176.3970500326649 695.3460545643371 211.89025381827315 1.503638 1.563077 3.671309 2.975185 1.6739017 32.80703 1.6129916 10.877414011217345 
Car -1 -1 0 546.3517098884066 176.72465580184672 582.0383559489148 202.94007280920277 1.5446863 1.5953515 4.0517645 -2.7957888 1.7985599 45.229538 1.6712439 3.302176061033546 
Car -1 -1 0 569.3444498086582 175.68942104847295 591.3687889572843 195.9044190488952 1.4917355 1.5627658 3.8246295 -2.2850785 1.7185953 55.763115 1.493995 6.860205342736223 

