Car -1 -1 0 237.84410987361957 192.26708932702957 488.0500294491919 356.6531409536566 1.4201921 1.6047417 4.1970325 -2.65655 1.7144849 8.834343 1.5774561 88.146377707615 
Car -1 -1 0 767.072490273336 179.60970022333046 956.8226381664222 294.3979329207904 1.6702569 1.7365301 4.4720335 4.2672586 1.8134359 13.028746 1.5378554 115.02214975037644 
Car -1 -1 0 93.74488228845239 179.9432710141103 217.32326320107916 229.30304519138627 1.482216 1.6428831 3.9692092 -15.073541 1.7397511 24.22466 1.5736922 64.04863045786095 
Car -1 -1 0 414.39109670905447 184.5637785321188 520.7562617168066 269.883232608705 1.5326574 1.5501099 3.25103 -2.8408105 1.8032773 15.042432 1.5802046 82.95669420917727 
Car -1 -1 0 178.75640439349502 183.54841018535885 302.0247269271513 237.7329294420234 1.4579345 1.6858715 4.3412943 -11.306896 1.8233063 22.464346 1.5511134 68.0675073206636 
Car -1 -1 0 512.0587797416721 180.97671312687206 560.061959494021 226.43012234662675 1.6051807 1.6210325 3.7934055 -2.797841 1.9431443 28.095272 1.5330653 35.5166627924419 
Car -1 -1 0 670.4054394266572 185.94690242699505 710.7780135977978 217.07584060229905 1.505563 1.5816867 3.5705369 4.246754 2.2326646 38.24939 1.5237074 19.35767068150157 
Car -1 -1 0 1056.6110300649545 195.76602824551853 1242.0 270.8812546086015 1.540734 1.6408482 3.9425468 12.555519 2.088347 16.308346 -0.059865184 83.29226164777734 
Car -1 -1 0 460.8111704498556 174.66288153799547 538.6842494209526 246.6262328248343 1.8071074 1.6147882 3.759108 -2.9569705 1.8622129 20.097216 1.5657187 73.59108393406075 
Car -1 -1 0 977.2227918518026 189.51601529134285 1137.3610755804548 244.51869516029362 1.5777379 1.6324058 3.8708618 13.605445 2.1074896 22.07964 0.023218406 49.410209861701695 
Car -1 -1 0 361.25494902513924 181.68751511389422 403.55608767497273 206.25018978601642 1.5205259 1.5987208 3.9183664 -15.066587 2.1327004 48.040695 1.5661653 9.078039207755255 
Car -1 -1 0 560.5066708267811 182.0515694729478 579.9758705671405 201.41034380730733 1.4839721 1.5391356 3.6628962 -3.2063649 2.2592936 58.95448 1.5194393 4.855193680313155 
Car -1 -1 0 315.2638011316279 180.01464908248627 368.20821023401413 209.93594135472082 1.6098049 1.6238941 4.107955 -15.469841 2.0459962 41.88169 1.5494483 9.783642350108611 
Car -1 -1 0 663.4252913194912 185.84452691945614 697.209794732673 212.887857368409 1.4607667 1.5947607 3.753896 4.1406813 2.2629201 42.66968 1.561033 3.6094913537521447 
Car -1 -1 0 735.3962521577834 184.9540750638283 777.7662563609872 215.46309559778703 1.5061398 1.6009326 4.006933 7.9390745 2.19842 39.25454 1.6010102 5.1146826049503336 
Car -1 -1 0 527.9863035932677 184.68953927919983 563.383711625247 219.7331531270597 1.5250875 1.5892045 3.6139908 -3.1014223 2.122974 34.562492 1.4547222 1.2910779077994785 
Car -1 -1 0 265.78508501284693 181.85569091112535 336.17763266322885 216.0144484920814 1.5470824 1.6250994 4.0708995 -15.227208 2.0199037 35.83363 1.6100243 0.26692596077919006 

