Car -1 -1 0 30.72983818757066 195.45513133977735 205.90854011859756 275.57668204554966 1.6275525 1.6244248 3.9818468 -11.862274 2.2469914 17.779331 1.5642903 107.5420751215361 
Car -1 -1 0 478.2585715973033 189.1346391556477 555.0624707810784 250.06194702431716 1.6433723 1.6402223 3.98431 -2.8066196 2.1993601 22.597279 1.6390053 77.00695050360311 
Car -1 -1 0 693.7088129269251 191.47773350671457 748.5436350780176 232.9667615428134 1.4834635 1.6386089 3.4640737 4.434732 2.279624 29.104036 1.5590425 34.50526577428756 
Car -1 -1 0 319.0457979569913 196.2923035186585 379.9159736276159 226.54023335050329 1.4771392 1.6293875 4.0320363 -14.5399885 2.8626583 40.56322 1.6742487 23.5254971005104 
Car -1 -1 0 513.427133417903 185.22994974916952 565.2121877186165 232.34852073580586 1.7725561 1.6384244 3.8258827 -2.8638194 2.3223848 30.110666 1.6122437 56.060777286449834 
Car -1 -1 0 360.3984848072991 193.21222247817286 408.09449674820297 220.1764825137486 1.5568991 1.6008333 4.052454 -14.571054 2.9379058 46.870373 1.6379721 6.514529632864113 
Car -1 -1 0 675.80368860605 190.20297253792134 712.2518786329507 220.8385428632466 1.4873197 1.58308 3.3869767 4.4823375 2.457643 38.65535 1.5791843 7.696454965003911 
Car -1 -1 0 750.2233643894375 186.5668674102371 808.244574331992 206.81484344961282 1.4626865 1.623017 3.9612708 12.68186 2.505891 54.065742 -0.00690143 10.249641434406161 
Car -1 -1 0 534.4280582095018 185.56591566401923 580.4908900853147 225.4480326017159 1.845932 1.6829267 4.303794 -2.6078432 2.5374184 37.03007 1.6614175 7.41635723036926 
Car -1 -1 0 440.98558444648097 191.7850478771345 467.88699883971327 210.2924488812505 1.4684547 1.5423586 4.004292 -13.587124 3.1839356 63.37334 1.5598184 3.200266461666285 

