Car -1 -1 0 460.9616309329303 173.86497998077945 540.3978028276248 238.54583578513487 1.6389327 1.6609207 4.095709 -2.9655316 1.6703979 20.401964 1.5622745 93.62463849004403 
Car -1 -1 0 126.61128276173903 185.2909914466157 431.3235756307002 375.0 1.4586576 1.5606599 3.4023523 -2.98394 1.6140091 7.301364 1.5574644 141.58204739923735 
Car -1 -1 0 674.8173174782982 180.72851117668864 730.2860871022531 217.43682615030085 1.4219575 1.5485232 3.4605894 3.8720937 1.774868 30.530937 1.4586012 44.228845243381315 
Car -1 -1 0 51.63621851307748 178.7054304814785 188.69470075823423 230.51050204361184 1.4444575 1.6722395 4.2074203 -15.230769 1.6464628 22.75687 1.5075635 53.967540320749286 
Car -1 -1 0 346.0907909901489 163.35813898736063 492.267878935568 290.83128375467123 1.8453668 1.6052786 3.7615204 -3.065363 1.7078998 12.34821 1.542309 136.54823986902502 
Car -1 -1 0 546.442674493018 175.7673806817585 569.281858277976 197.90308610499386 1.5002105 1.5616302 3.6324744 -3.6921806 1.7147883 51.26877 1.4883574 11.87460890212663 
Car -1 -1 0 494.971830426482 178.6451840898575 550.4102807297625 222.4328737182783 1.4904441 1.6316646 3.843649 -3.1760764 1.7225755 26.99553 1.565254 13.065499865792264 
Car -1 -1 0 884.2869101204367 187.83403680372942 979.5207129647216 219.15639605839309 1.5092082 1.6345422 4.0755005 16.218193 2.2831495 36.428417 0.015979156 20.617088713973953 
Car -1 -1 0 154.87219158307926 177.48072527727743 253.4479278888633 220.8327888666425 1.5357506 1.626338 4.120663 -15.640465 1.7292473 28.090717 1.5390348 17.580920912034344 
Car -1 -1 0 236.9105763691736 175.66888611557613 312.7855803287954 211.9159543513609 1.5868266 1.6228206 4.1931925 -15.667612 1.7277027 34.012108 1.5733109 12.578823492941813 
Car -1 -1 0 667.6416757259497 179.24618995861184 713.0991134026125 212.26016051221953 1.4853619 1.573087 3.6082845 3.8688471 1.8121622 35.03489 1.502376 7.877795097622983 
Car -1 -1 0 762.5851258000054 178.15389252403804 822.2541061161935 215.26466537306044 1.4985015 1.5988348 4.051091 7.959996 1.7465153 31.739388 1.571004 0.6599998436689749 

