Car -1 -1 0 697.0089807985786 188.35800845601233 759.2793885739277 232.91921038473478 1.4729414 1.6285917 3.4687557 4.3377795 2.087571 26.840609 1.5335343 45.648002505678235 
Car -1 -1 0 464.12066240049325 183.76948380688924 546.1250395877674 250.71965781547237 1.638113 1.6181159 3.8193297 -2.8204052 1.9733689 20.223639 1.6067679 73.588928642983 
Car -1 -1 0 301.2073865346882 186.39420202616887 367.1889575625311 217.6255866003184 1.4851537 1.6511889 4.16603 -14.527281 2.244187 38.307533 1.647673 17.06920376609249 
Car -1 -1 0 502.9751093116486 179.5124308218567 561.6141864601822 230.20122080737437 1.7858173 1.6366808 3.687482 -2.9056666 2.0599484 27.812103 1.6372457 45.645873851549105 
Car -1 -1 0 679.0227481337612 185.77916070169954 719.568729076042 218.17885603336546 1.4976864 1.5594301 3.348082 4.4796276 2.1799006 36.393257 1.5486856 9.542139790976673 
Car -1 -1 0 753.501660427448 184.68685280670863 816.5108578465237 205.85723022664186 1.4666114 1.639235 4.1138763 12.5627775 2.3302822 51.805313 -0.019312851 14.61133995096913 
Car -1 -1 0 670.4192301404418 185.74410518536175 706.5640770937108 213.5723834631733 1.4671671 1.5731798 3.6326423 4.504675 2.2430186 41.58794 1.5379028 3.9410625683626574 
Car -1 -1 0 534.6819756558169 183.10456586963966 577.5041610476025 220.2795620859756 1.6244527 1.6040335 4.129366 -2.5168023 2.1482868 34.778496 1.6095707 7.867271067058684 
Car -1 -1 0 658.8168339273715 181.8000651202034 699.3124541400971 202.30885278765444 1.5338155 1.6543202 3.903914 5.6095185 2.2773907 57.88018 2.1333709 4.3402209281971675 
Car -1 -1 0 794.9920734397306 185.54865303367188 848.3829455914472 216.61899059392044 1.474456 1.5912821 4.0782437 11.082832 2.1781516 37.95351 1.5657614 2.4285760037162096 
Car -1 -1 0 547.7447198799931 184.37749320462063 577.5594340691193 214.25390173085643 1.5501564 1.6068166 3.7079782 -2.6665008 2.232483 40.816177 1.4982128 0.32845139503479004 

