Car -1 -1 0 411.6257122637466 165.060438384903 518.4414025222889 249.07067493542945 1.6276269 1.6407849 4.061149 -3.0586796 1.4766332 16.027086 1.5490849 110.77003750372828 
Car -1 -1 0 469.33915867541253 173.69307988574656 534.3795065742842 226.16024095132175 1.4920021 1.5870264 3.6371346 -3.2634606 1.5202174 22.420048 1.5390648 32.99288559562801 
Car -1 -1 0 682.617059291916 177.26112482923276 748.0446701475474 219.62829842634093 1.4049377 1.5289944 3.4148 3.7496064 1.5750945 26.077765 1.4617778 67.31272511538981 
Car -1 -1 0 149.42679486490883 140.0280535633323 436.39731880002796 356.64652774948166 1.8121204 1.6105021 3.771585 -3.1077118 1.5375152 7.947768 1.5372372 120.09632845106886 
Car -1 -1 0 536.265022840423 171.17605777096514 562.1795651672932 195.09050845478095 1.4878011 1.6088127 3.6795845 -3.8917007 1.3834102 46.78289 1.4978566 16.211226795117977 
Car -1 -1 0 675.1261016223467 174.98086858516314 724.3711331147929 210.736680138672 1.4121946 1.5596193 3.5572648 3.7532618 1.5074162 30.507553 1.5474691 22.775860166332922 
Car -1 -1 0 50.88167779579352 169.78205145593273 175.07050247729288 219.1944137311173 1.4618708 1.5571346 3.6663392 -15.810023 1.3709867 23.204308 1.5382612 13.579901149572283 
Car -1 -1 0 784.0739084753627 176.2044035212353 856.2337258353325 219.31221720444066 1.4827403 1.5873901 3.9272406 7.809212 1.6176887 27.093231 1.577729 6.054325562375415 
Car -1 -1 0 900.9586886859317 185.29239751258567 997.5136565949396 223.3794438093906 1.6212584 1.6078835 3.5400846 15.058732 2.1889973 32.097145 -0.018627658 5.734803097546022 
Car -1 -1 0 550.848201346173 170.58589596366613 575.6896962226043 190.09449026196674 1.5273088 1.569102 3.8086057 -3.7167468 1.3497409 58.43251 1.6250223 0.3743196129798889 

