Car -1 -1 0 235.08632914773875 184.74800218318543 407.26602381912886 254.18235873450072 1.4399048 1.5771077 3.6784928 -6.7422047 1.74166 16.878765 0.38879922 113.32950715265456 
Car -1 -1 0 48.08103082630922 174.04314541809634 128.0101857342017 217.4889777799691 1.4026396 1.5974264 3.9821744 -18.350723 1.4482818 25.553139 1.1275947 16.161456393079444 
Car -1 -1 0 665.2070911168371 180.76586455254352 711.044762540168 216.21255303621652 1.4974205 1.6022259 4.039308 3.576082 1.886273 33.425995 1.549609 26.04853653637183 
Car -1 -1 0 681.8571621143647 176.40089572870212 747.3316268050963 225.75288356091113 1.7064521 1.6880698 4.261093 3.8977504 1.8519272 27.42695 1.5252467 37.506124543823574 
Car -1 -1 0 465.34416613373037 180.7104344622142 502.0054864288556 206.96551115440994 1.5034757 1.6247501 4.0436373 -7.7246466 2.0109615 44.57211 1.553463 15.031629637961926 
Car -1 -1 0 382.03505078805387 181.6874610313433 445.22726499850233 222.05469841703186 1.5481042 1.6207032 4.0924773 -8.226886 1.9482586 30.628578 1.5573013 9.705224453792106 
Car -1 -1 0 344.24146221898746 184.73663574622174 417.74880824717883 228.55736069583065 1.4585325 1.6168166 3.4594853 -8.365422 1.9265249 26.686077 1.5728269 12.33793898473722 
Car -1 -1 0 491.74031188115976 179.90883504082865 524.7246509187377 203.53077754751567 1.5354939 1.5999923 3.9629755 -6.9926324 2.0451026 50.111366 1.6071016 5.460919025482535 
Car -1 -1 0 833.4362122460251 144.1484705441623 866.9118374928792 165.52028389713814 1.6036112 1.6408845 3.338173 18.970478 -0.5966773 57.005493 1.6092458 1.1416780059514136 

