Car -1 -1 0 721.5940831390476 186.59189545449956 913.3291112494786 310.5571666427676 1.4447153 1.6075492 4.1105866 2.8858416 1.6928239 10.95058 1.538043 101.36531514175513 
Car -1 -1 0 678.1813326403702 179.1338478217919 789.2499027249867 254.884875884514 1.4543028 1.6371802 4.3151073 2.6584349 1.6160693 16.400692 1.5344687 73.56970233726179 
Car -1 -1 0 582.0304059859669 167.8111875052254 643.6103459616816 228.43307865018397 1.6360191 1.6623865 3.961772 0.102365434 1.4999273 21.459286 1.5781629 33.84810470268237 
Car -1 -1 0 658.9332428503947 174.43594161554722 719.7095893699195 221.12597889247886 1.5249664 1.5984125 3.7133558 2.751331 1.585196 25.58291 1.5290098 30.448018093209196 
Car -1 -1 0 153.46623693327032 168.55484558290885 266.50067234806914 213.94074001154226 1.4699516 1.629705 4.04562 -13.921324 1.3307111 25.420269 1.6073152 45.12389406308406 
Car -1 -1 0 373.002380400115 171.58906321872303 414.2806469228138 196.04105569204788 1.5174369 1.5448798 3.6144576 -13.891615 1.4389374 46.593758 1.5832579 11.245059488740674 
Car -1 -1 0 652.0575031930575 174.05145963158867 698.3987137014849 210.3214994799828 1.4941225 1.5485475 3.5621862 2.825419 1.5496773 31.659115 1.5232241 11.583293199768633 
Car -1 -1 0 439.23497420370643 171.26632010493648 462.5541035292811 189.11490120794224 1.5501292 1.6260477 3.749949 -14.176892 1.4122406 64.61348 1.4676178 2.160805100891604 
Car -1 -1 0 644.5692972069667 173.20894540674624 690.6344297237572 204.14139351185338 1.5080473 1.5894372 3.6310441 2.9334066 1.5272542 37.13269 1.4249525 0.7700238373150446 

