Car -1 -1 0 681.4378667480287 177.4196599784365 791.7721437098029 261.26700177784295 1.5022658 1.5912838 3.6904087 2.4986355 1.6088461 14.986645 1.5558813 50.710554968858624 
Car -1 -1 0 204.46364334531023 191.38907570959537 335.87541048875096 260.3212588357487 1.501749 1.6037561 3.8575993 -8.615702 2.0315287 18.690971 1.5662582 26.484085014740547 
Car -1 -1 0 185.3790755244221 190.95814260893764 485.6095220135964 298.522694864775 1.4599597 1.6235712 3.9985003 -4.0712852 1.7620602 11.078594 0.076172605 145.07295151355734 
Car -1 -1 0 630.0308145323883 178.02994607114914 696.1845085137763 224.96229396695625 1.5282183 1.6533918 3.5030556 1.8368111 1.7262073 25.75135 1.4325345 35.116552353691056 
Car -1 -1 0 0.0 200.69179188171594 151.17367352208717 295.8505076851723 1.476582 1.6890525 4.163129 -11.361719 2.117725 14.52064 1.5516226 43.61567420999918 
Car -1 -1 0 106.94962264626477 196.5807479428313 243.19632056772576 262.76098380282326 1.4793823 1.5583233 3.5490518 -11.397881 2.1700459 19.20937 1.5451455 60.93039762662702 
Car -1 -1 0 426.4489135394463 183.1565345822225 465.0263694070548 207.5402698697079 1.6054506 1.6633537 4.125745 -11.609245 2.368853 51.37068 1.610433 6.170503718522346 
Car -1 -1 0 449.060001876612 182.39461980191925 545.835088299248 225.45803072317247 1.4457045 1.6356646 3.9944265 -4.276935 1.8312039 27.136038 0.82041985 28.26844622549468 
Car -1 -1 0 714.9718308613496 128.1804694560568 962.8441827220366 330.9554797677605 2.0379348 1.8259425 4.6081185 2.6418607 1.5889556 9.557352 1.5726355 72.24086092079446 
Car -1 -1 0 294.47231045399843 183.1594557094408 450.07468209206644 265.1959773696438 1.5578153 1.6116455 3.8391385 -5.35822 1.8142338 16.064579 0.7390635 7.996645417441779 
Car -1 -1 0 513.7022620733893 182.78427494804689 571.4646801242673 207.81329209316604 1.46422 1.5563642 3.471948 -4.214589 2.1095362 45.214222 0.6551129 3.814607277316208 
Car -1 -1 0 489.45292536269994 181.7179730477633 558.5710581468159 211.82720779236786 1.523884 1.592503 3.7608643 -4.699114 2.0301402 39.397617 0.69123733 0.36618146300315857 
Car -1 -1 0 385.89440080107494 177.9815475526585 431.06333210120664 205.99205931317582 1.478782 1.5648985 3.8284085 -11.291004 1.7819768 40.732586 1.546869 0.35563889145851135 

