Car -1 -1 0 309.45922180055874 180.5732438166653 482.4209867381668 231.35110210395928 1.3976736 1.6774354 4.5566797 -6.11974 1.6323524 21.03522 -0.027400315 112.63219961347072 
Car -1 -1 0 382.2883786958402 180.47573218104617 508.9652307242506 224.0373905758526 1.4847741 1.6396743 4.164475 -5.776243 1.7659522 25.756767 -0.020306567 44.87442548324072 
Car -1 -1 0 1059.0076174285416 186.71361618536082 1242.0 296.29900014107625 1.4294273 1.5391307 3.8473363 9.2899685 1.694883 11.86318 1.6161277 25.287671296627337 
Car -1 -1 0 608.1455449417946 177.4126752991612 635.3360445456073 205.77431875268104 1.7013491 1.6399232 3.9467819 0.73778 2.0038273 45.89748 1.5649073 14.03520730317884 
Car -1 -1 0 487.8873784535903 180.78509998619484 558.49176725371 207.0175332811393 1.4910604 1.6205109 3.94767 -5.025521 1.9651127 42.315346 -0.0008520269 8.678563229632609 
Car -1 -1 0 655.8926270993782 180.9333519186697 677.5888744215791 201.024904728864 1.5085324 1.6805253 4.38605 4.6294193 2.18602 58.24712 1.6564496 5.633606930834172 
Car -1 -1 0 732.7392688142494 149.9243747684412 938.590183953512 329.86118959711314 2.1393526 1.8520671 4.703684 3.096715 1.8667315 10.971188 1.6174741 68.77012450287683 
Car -1 -1 0 277.393631565634 167.4164159982069 375.8687922358606 200.86188816758064 1.4783715 1.6159554 3.9431849 -12.867691 1.2380168 33.010128 -0.16255003 15.039326397465574 
Car -1 -1 0 533.5774777328927 176.42988430919848 586.6526440967353 198.10002197491272 1.6021296 1.6537343 3.9318652 -3.7737944 1.8788028 54.76176 -0.1247695 0.2724137008190155 
Car -1 -1 0 529.0094535157453 178.93813965322929 559.1098767036817 202.59659710526103 1.4950137 1.6431346 3.6865213 -4.3554745 1.9187605 48.400764 1.582524 0.25967302918434143 

