Car -1 -1 0 734.8160621533037 191.13500163614322 892.176968566815 304.2151586290631 1.4714701 1.5614305 3.521996 3.1204553 1.8130274 11.719788 1.5710934 127.07439487816426 
Car -1 -1 0 690.5693895590749 181.52819439486046 780.27178804765 255.4429877740041 1.6036978 1.6223811 3.6800437 3.0139174 1.841548 17.936775 1.5808855 98.6720029346808 
Car -1 -1 0 340.499808153287 191.02052271811053 496.5576926221259 320.52672674521204 1.4943571 1.5303428 3.475355 -2.6139097 1.805847 10.597616 1.5202179 103.10447293709166 
Car -1 -1 0 659.3630728811233 178.24044425891955 707.8532532689667 219.16500460865788 1.5622269 1.6192765 4.078706 3.0228157 1.8023481 30.123188 1.5742341 30.428129779482944 
Car -1 -1 0 432.19983788690513 187.05152515988746 531.7868387856715 271.42048792870713 1.5361056 1.5316879 3.3694727 -2.6045685 1.8720944 15.389868 1.5697367 56.47102939237275 
Car -1 -1 0 683.4896136294599 181.74381934315358 749.0018054548844 235.67642269125332 1.5841299 1.6319392 3.915411 3.4312644 1.9017432 23.810562 1.5840762 37.582595550782976 
Car -1 -1 0 474.0959931754319 184.6187947138478 547.8975505350337 246.00576380464332 1.5021241 1.5905422 3.7440639 -2.6707292 1.8630147 20.25475 1.56224 16.999278616310438 
Car -1 -1 0 502.28345651163187 176.8335353347095 559.8996762265072 230.8344468706877 1.7269222 1.6149083 3.8544042 -2.6731608 1.8770485 25.289337 1.5668119 10.061487975552325 
Car -1 -1 0 633.9695277287393 180.24313952679006 670.2616784480423 197.2733399540695 1.5178511 1.685894 3.9974718 3.9956565 2.240031 68.353874 1.1162143 13.233513771760794 

