Car -1 -1 0 827.1645314210324 162.73442243690155 962.0762785955743 225.86771013883038 1.4483852 1.7256017 4.5257483 7.2227635 1.2162248 18.817257 1.5695454 60.75578639725071 
Car -1 -1 0 616.7284216662647 176.2431357440397 706.6560832170765 235.99798653028026 1.3925802 1.6474439 4.1495414 1.5049803 1.4935722 19.283905 1.8317798 44.82052782838847 
Car -1 -1 0 476.1396452187443 178.24442393524075 596.4894651569866 231.25058083747666 1.4159648 1.6934713 4.152199 -2.106052 1.5967686 21.96549 2.031404 61.54645798070771 
Car -1 -1 0 901.3385725868695 163.03058951840126 1052.329189148518 219.94534609018964 1.4206841 1.6391178 4.1267138 10.072492 1.1754758 20.179462 1.4084005 37.90822651191198 
Car -1 -1 0 967.9532277758235 159.26818174219392 1125.6015364611515 213.3631667398605 1.4348563 1.7029802 4.182252 12.71526 1.0744957 21.333662 1.4204941 36.25083022019533 
Car -1 -1 0 325.50522009604884 183.3376680963978 404.97751781870625 220.25281346781168 1.3892388 1.5464711 3.649348 -10.13308 1.8560984 30.193207 1.7620366 16.874066118437582 
Car -1 -1 0 431.19789388061594 180.44063814954012 542.7886642175542 227.64379455144038 1.406246 1.6549684 3.8794878 -4.0215206 1.6835022 24.269615 2.0696347 24.721481192057077 
Car -1 -1 0 396.2829247229344 180.91424047441348 497.68056230565645 224.35346859317318 1.4137286 1.6949897 4.1566467 -5.865498 1.7354245 26.555975 1.9078784 21.278485711141137 
Car -1 -1 0 675.2700416684293 183.80024057002532 756.622582202681 218.18892004550577 1.4723754 1.6031749 3.8419886 5.030245 2.0143342 33.891804 -0.6810409 16.496914172006345 
Car -1 -1 0 231.7713660751635 183.83986348901573 315.9888638669003 213.6925936895374 1.4757409 1.6871098 3.957464 -18.246286 2.1081386 39.390884 2.053453 7.292189036951254 
Car -1 -1 0 93.12135523252081 179.30843227935563 205.0454493827424 253.91963822426615 1.7254717 1.7389096 4.419059 -12.38025 1.9176399 19.275326 0.8181859 49.23478600264958 
Car -1 -1 0 719.5872944522599 180.98186173707379 810.7086685314423 217.74336245772832 1.4739163 1.6631439 4.298541 6.9165225 1.8555529 31.852386 -0.7056067 20.597028997287826 
Car -1 -1 0 357.267444546179 182.82242309073055 450.2264444082085 223.4662117681228 1.402567 1.6191881 4.0004835 -7.904585 1.8203745 28.096756 1.8466842 4.595637738666956 
Car -1 -1 0 581.0436474614949 185.27838667611024 646.9191540956434 216.5775654337995 1.4659895 1.5758071 3.6532407 0.18105458 2.1415982 37.288372 0.9573418 7.547338751388411 
Car -1 -1 0 291.8946820586493 182.6980442739983 373.1519106933171 218.65076058814728 1.4514819 1.6738262 4.1113944 -12.34877 1.923389 32.446365 1.693991 5.02969473220138 
Car -1 -1 0 766.1526336053639 178.56784028055878 844.9370124158233 217.69599089209117 1.4885902 1.6881422 4.111176 8.263567 1.7446821 30.206068 2.24469 6.3162774379136355 
Car -1 -1 0 1041.5473475206365 156.7409120372188 1198.1471201107381 202.2113111644707 1.4189684 1.6876658 4.2149887 17.33788 0.9161365 24.782219 1.2532191 2.3132879096646723 

