Car -1 -1 0 678.8234526006152 178.17197183880566 761.1254239915911 239.4227800587302 1.4385868 1.6086121 3.735021 2.8223567 1.5934182 19.139217 1.5699546 90.3184879741237 
Car -1 -1 0 746.2471448701327 186.52254885075234 1030.4855065996146 354.26748206008534 1.4111983 1.6206266 4.378255 2.9107013 1.6166695 8.6382265 1.5464169 120.90371099237751 
Car -1 -1 0 637.252801396599 176.69278526454872 673.1297870605052 210.49336790337 1.4725971 1.5611115 3.5524077 2.0830307 1.661177 33.644936 1.6032057 45.11212747764468 
Car -1 -1 0 150.36291034644654 182.96110315982258 253.23222414487623 222.39897031662986 1.4754864 1.7113602 4.3929663 -17.007233 1.9320858 30.366894 1.6113497 81.284830760148 
Car -1 -1 0 660.7925263743549 177.32352719975202 721.189787619936 226.60345312208196 1.5298347 1.6195792 3.8351703 2.7038498 1.6945342 24.667925 1.5673845 30.896410862270503 
Car -1 -1 0 0.0 186.85593679189628 116.88014813703373 243.2097976770486 1.4490008 1.6654432 4.126842 -17.11581 1.9106538 21.692196 1.6138914 41.416702309710416 
Car -1 -1 0 233.63392313787278 180.72776595871028 301.981356988978 213.22729397917567 1.486512 1.5708873 3.6807342 -16.853 1.8970752 35.763588 1.596174 10.764438142358236 
Car -1 -1 0 307.4768479958138 174.0829052859112 352.93509494237895 192.11874932070086 1.4937001 1.5544822 3.9937904 -24.020689 1.60324 62.18135 1.8508718 3.128541816582136 
Car -1 -1 0 552.5105913947467 174.99544308684577 597.0350049620067 190.59984472269628 1.5150851 1.6357924 4.1212134 -3.4491754 1.7318184 71.7206 0.2518872 5.393674295616312 
Car -1 -1 0 415.19055804496605 177.39242431804539 461.476291100112 192.28483378158114 1.4489303 1.6510044 4.3074694 -17.283785 1.9175346 72.852905 -0.42978704 0.2998957335948944 

