Car -1 -1 0 735.0677947821615 179.88704590891132 934.29225451467 253.1181470294762 1.4891541 1.6118474 3.8206174 4.792243 1.6504741 15.693615 -0.026687682 106.09660649530484 
Car -1 -1 0 680.4111167616073 179.7415439019218 820.0957483309138 228.06432173083226 1.4773304 1.6350214 4.1440134 4.4884787 1.7095504 23.33463 -0.08611842 40.63032977930348 
Car -1 -1 0 821.2143643149399 175.55396714490163 1242.0 357.26229609905266 1.6186464 1.6583166 4.1018596 4.495221 1.6503544 7.4655066 -0.0889828 85.37050061511873 
Car -1 -1 0 709.8815654323431 182.66071511414813 878.9119108219717 243.68372197224267 1.4308906 1.5792782 3.8512943 4.6413746 1.694775 18.34005 -0.15389591 24.135476240928462 
Car -1 -1 0 473.063075164888 188.765229796982 515.2062214022636 221.06394278067057 1.4639015 1.6267926 3.9190624 -5.803524 2.315642 36.64086 1.5400269 25.386781606733724 
Car -1 -1 0 447.47761237373135 188.83177895859183 495.32490832260345 227.07193743883687 1.4843578 1.5423782 3.5742803 -5.942096 2.2188246 31.348003 1.526319 11.828466028339744 
Car -1 -1 0 494.93150140315765 186.41257949919665 530.7200252935294 215.71615053810572 1.5449092 1.5889587 4.043784 -5.5740223 2.3714366 41.95266 1.5577323 6.874454931800286 
Car -1 -1 0 623.4288203356579 175.82957799728973 674.2601512194714 194.11340834193788 1.4809989 1.6171393 3.9594054 3.2935991 1.7380544 60.660816 0.50974363 14.845362292545742 
Car -1 -1 0 885.1028904217173 190.60583723723707 1114.829131470337 277.15413575730815 1.4264095 1.5521228 3.5669193 7.186227 1.7829626 13.413372 -0.17765176 3.469816931885021 
Car -1 -1 0 388.8895224260346 189.64270871873072 443.240749352202 239.84643168022197 1.4738691 1.547595 3.0395439 -6.3535624 2.0687144 23.922981 1.3733784 4.491639107658356 
Car -1 -1 0 591.7045683289596 181.35027428688844 613.6462672525155 197.72804223422358 1.4700383 1.5535909 4.0144978 -0.6871386 2.3077848 69.044136 1.4210098 0.797643838716828 

