Car -1 -1 0 780.1180372796143 184.7135163442077 1024.7606884189267 344.076942775749 1.4308486 1.56572 3.5096314 3.1581073 1.600219 8.523965 1.6050574 91.3546803949162 
Car -1 -1 0 741.2037606817596 175.78678688637285 877.6276165885902 270.7203384036605 1.5535305 1.5860856 3.5711017 3.6284885 1.6165223 13.707839 1.5654972 79.39064876804404 
Car -1 -1 0 712.0425331402504 179.7388996053535 806.6350409856763 246.99245095491304 1.4659765 1.6333083 4.0420747 3.6412716 1.6589642 18.185333 1.5944589 42.8467227144651 
Car -1 -1 0 685.4071244022344 179.7461085982734 750.6824486934754 228.62161690132325 1.4319057 1.5924584 4.089651 3.481642 1.6786454 23.775047 1.5854086 30.118753863821965 
Car -1 -1 0 671.4778579506091 178.64338724037873 718.5804611172683 217.69866629408696 1.4692084 1.5252107 3.255886 3.4121697 1.7169993 29.254251 1.5711684 21.955641121701728 
Car -1 -1 0 601.4790854412419 175.5377019536711 627.3346788628156 198.92350706330197 1.5192086 1.6457398 3.933464 0.3660568 1.7101052 49.327873 1.6086973 9.48868451392941 
Car -1 -1 0 456.6990740881192 182.848933829529 478.98206163634813 199.23368054142608 1.5011642 1.6010364 4.028434 -13.848775 2.5085824 70.67036 1.5152756 4.083461805684239 
Car -1 -1 0 646.5183120046954 175.53722569209563 673.1684692787175 196.988959503423 1.4952008 1.5583708 3.7332418 3.6358051 1.6980624 52.65809 1.5356067 3.41977524427037 
Car -1 -1 0 658.5877973642114 176.19408720170097 703.8217789490504 210.51883698249654 1.5476134 1.6242507 4.1083984 3.41453 1.7194052 35.024715 1.5288992 6.431284318427022 

