Car -1 -1 0 315.48270010507684 184.20532335365925 455.7605866936036 276.184610481765 1.4314713 1.6402134 4.036328 -4.082738 1.6810323 13.800735 1.5126524 111.06359175308106 
Car -1 -1 0 796.2873535868765 190.33253895574995 1120.502408076465 299.0141325808769 1.4011812 1.6024748 3.9756193 4.9286957 1.6780164 10.512541 -0.058244996 82.35471156906354 
Car -1 -1 0 595.0215276899472 180.07708769026598 626.2116747844167 209.0824102042044 1.5014766 1.6421133 4.1818085 0.014624722 1.9281638 40.51259 1.5460258 21.865025077028587 
Car -1 -1 0 753.3163143368712 171.34065490810252 1011.1721838591955 268.4716858491989 1.653384 1.6810496 4.139466 4.923937 1.6276234 13.326166 -0.10053239 80.88213167956978 
Car -1 -1 0 692.5477328130341 181.8679565131345 842.561629690285 236.55742964072414 1.4645501 1.6084297 3.8814955 4.431838 1.73302 20.559607 -0.06603835 33.63252319826663 
Car -1 -1 0 663.5115333893139 179.61304490432124 785.6713374186601 222.43158800480734 1.4641957 1.6226718 4.0852118 4.053837 1.7143015 25.824303 -0.0312984 11.579030491060953 
Car -1 -1 0 471.474735458429 178.82477188107376 508.00605729726203 213.19379065571553 1.5035598 1.6144772 3.8209414 -5.6394463 1.8036928 34.26567 1.4317513 20.419817924983267 
Car -1 -1 0 682.4076797348337 180.66179029060862 809.6109074045629 228.62668316616785 1.4708915 1.5832276 3.7761827 4.330429 1.731534 23.243855 -0.027266687 3.4839022120527203 
Car -1 -1 0 654.1578726675041 181.63354990764245 748.6600935680793 218.14118738996368 1.4906387 1.6009746 3.7809718 3.8695672 1.8757378 30.767069 -0.043473054 0.26072004437446594 

