Car -1 -1 0 756.7163232519837 181.26376106634902 871.705965073241 262.07535124252854 1.5026774 1.5551937 3.2674363 4.2370815 1.7012951 15.399701 1.5805675 88.73960173066918 
Car -1 -1 0 216.32073490072202 177.84911296481442 475.3418940333189 353.1498737273812 1.6625562 1.6428726 3.9477823 -2.9277837 1.7384846 8.962565 1.610864 104.45522783781821 
Car -1 -1 0 713.8762339801444 180.1610782565911 793.8457999328455 240.52977053982139 1.4742296 1.5926977 3.590595 3.8751862 1.694 19.881073 1.6032312 52.955654456021996 
Car -1 -1 0 156.07913869594714 185.90253050014786 261.5477832440861 230.04125988950253 1.4483666 1.5733783 3.7675633 -14.739367 1.9678028 26.775486 1.6618471 40.985879018930184 
Car -1 -1 0 687.1439796820043 178.14380804916465 737.294841986966 215.25010313799325 1.4349597 1.6218166 4.1066675 4.2765665 1.6742015 30.563072 1.5917796 17.528370552503663 
Car -1 -1 0 415.43450203902484 168.4228660967906 522.0732005234399 259.3877841359328 1.8179902 1.6405258 3.9623752 -3.0549464 1.7294312 16.403954 1.5737181 120.85444207186633 
Car -1 -1 0 517.9003235889516 179.64602736001478 565.5459966126116 219.3405784494736 1.4857597 1.6197848 3.6954887 -2.711671 1.7808212 29.493086 1.5652483 16.711681259834 
Car -1 -1 0 482.97326449080646 172.94842914632505 560.7585054082695 233.15448303709837 1.7633264 1.6779298 4.3154807 -2.7262533 1.7666731 23.356352 1.6492618 39.6011118041842 
Car -1 -1 0 243.28227456955557 181.00842702218407 324.7660378784321 216.56986826357237 1.4824567 1.606575 4.031246 -14.8348465 1.8803581 33.12181 1.6715243 24.38876576403425 
Car -1 -1 0 699.6922165498074 179.5426929426712 764.9279640722436 226.7781264360686 1.4990695 1.5910716 3.585839 4.2109547 1.7496859 25.22347 1.5466502 14.297468160479294 
Car -1 -1 0 381.5465598220579 179.34897606901038 419.4767668720434 202.18680222948694 1.4669124 1.5882124 4.1631913 -14.334382 1.9330647 49.66791 1.5221374 5.320537901617345 
Car -1 -1 0 346.5058573412687 179.47686527378417 393.0173537352762 205.8654612414298 1.5192155 1.5519407 3.579129 -14.655756 1.9422321 44.268967 1.6080565 11.267400887680434 
Car -1 -1 0 533.1640098526013 174.72078146034448 577.5251137289031 210.7546805330387 1.6802235 1.6493096 4.0397687 -2.639382 1.7785368 35.929325 1.6373595 10.552813420262037 
Car -1 -1 0 308.01338150960146 178.65385834847692 368.6066673654668 208.48885368063054 1.4963667 1.5747336 3.9269676 -14.575514 1.8259122 38.984367 1.6398447 5.401164113891436 
Car -1 -1 0 789.8295241867754 178.46864524675564 871.6845062886476 205.77408265046878 1.4858675 1.6345038 4.099194 12.359528 1.8075045 40.47511 0.020195656 9.324886594046708 
Car -1 -1 0 758.4341227065115 173.45656567790573 794.9833745668326 195.1480612317469 1.4778212 1.672238 3.9731684 11.823424 1.5222849 51.255547 1.5697693 1.8382330826458784 
Car -1 -1 0 669.2179816692369 172.4346869920454 698.1921167800034 198.06704439925153 1.5853944 1.6458218 3.7010808 4.8213043 1.5594591 46.586735 1.7321271 3.872733867067094 
Car -1 -1 0 555.7684493656126 176.50679777412523 592.4652563050754 204.73118667945153 1.5717176 1.6002706 3.8895047 -2.0512533 1.7981889 42.71842 1.6735085 0.3546997904777527 

