Car -1 -1 0 859.6352718272109 148.30105735877507 942.0402797713747 220.25608162276393 1.6875196 1.7184181 4.428241 7.877954 1.1116935 19.287632 2.0288363 62.72470606990559 
Car -1 -1 0 976.225171465497 156.8050256207639 1075.9577242607172 233.65797459596126 1.5490419 1.644079 3.9499993 9.481911 1.22556 16.68096 2.0031857 69.56026552354143 
Car -1 -1 0 565.7865301454593 152.123371874907 628.5801399224941 184.96633998514372 1.4906819 1.5560946 3.438774 -0.543478 0.54975665 34.63337 2.0533702 52.61343014882787 
Car -1 -1 0 605.8717670298962 146.69810952345378 661.9721023808211 177.2905202320149 1.5404804 1.618276 4.053425 1.3601818 0.22340071 38.514324 1.9802873 26.007469112174096 
Car -1 -1 0 997.1332819847396 176.65452860634707 1242.0 301.95010182256874 1.4176092 1.6317906 4.340826 7.5808992 1.4747589 9.546317 -0.23751688 28.406690948814315 
Car -1 -1 0 968.1462087594302 147.81301261877488 1025.0227361747036 193.36549038965575 1.4757514 1.6376498 3.9061284 13.715145 0.6645051 25.475529 2.0971727 14.151468488129582 
Car -1 -1 0 325.8849250993304 161.28237116990204 431.6634418248741 201.6078246628603 1.452688 1.5895772 3.767142 -8.806032 1.0358304 27.512938 0.43913665 45.88743461041698 
Car -1 -1 0 654.4141348328139 146.73364435470518 707.9754358161673 171.4945820886492 1.453704 1.6437196 4.121539 4.4946804 -0.088485464 44.783024 2.1316009 7.95400571162248 
Car -1 -1 0 159.70393052188015 161.9341240306117 340.14021678893727 240.0973282948323 1.8052348 1.6332258 3.9747844 -9.202528 1.5530324 18.796743 2.0839431 27.357539667876022 
Car -1 -1 0 447.6256522166049 151.4671104917302 538.4232540008023 189.7850637210138 1.6364658 1.6600531 3.9135034 -5.2777376 0.72308403 32.551132 0.55458325 6.261129870825295 
Car -1 -1 0 960.5452307536739 139.24014314216097 1005.0988448683141 170.70364653592054 1.4834428 1.5525017 3.3126552 18.613232 -0.11298156 36.089104 1.9148105 1.287456696756544 
Car -1 -1 0 446.11196264670303 153.12664759644596 525.0539435980921 185.95374061547483 1.5426941 1.5809914 3.587939 -6.0934405 0.6156161 35.42806 0.4720012 1.67743704810751 

