Car -1 -1 0 317.1743085215254 194.45294865016905 432.8179307454723 270.27330040743783 1.4522572 1.5992104 3.6228948 -5.2825694 2.0071905 16.70224 1.5390043 75.82148653777895 
Car -1 -1 0 434.49168349722186 187.83591959667385 498.6606425893734 232.13926497663223 1.4848123 1.6461791 4.0852757 -5.3797855 2.100445 27.606462 1.5706385 32.85254424149516 
Car -1 -1 0 375.57556563671693 190.07296181535568 450.1465216290594 247.4250615436052 1.4575835 1.5978171 3.810317 -5.762712 2.0184164 21.515419 1.4535345 30.51940300270697 
Car -1 -1 0 165.95288035468863 188.23187958210949 293.81242993279574 246.66757616399252 1.413651 1.577271 3.818711 -10.621924 1.8793436 20.110687 0.6096733 24.3479920144098 
Car -1 -1 0 248.0577614341403 184.09389619287117 356.3755664933791 229.17600029512835 1.4054055 1.5859699 3.8974051 -10.722582 1.8234837 25.099401 0.5864065 16.8268234653812 
Car -1 -1 0 221.71169495759534 187.51839461158494 316.4944447191727 239.5544974898223 1.411515 1.5771921 3.6890514 -10.670483 1.9070339 22.505348 0.8045589 14.137811193753878 
Car -1 -1 0 279.5695311316086 181.2107120809887 380.1714599050908 221.28555688788606 1.4265559 1.5673995 3.6990757 -10.815983 1.7673056 27.875305 0.47735164 4.467073862794843 
Car -1 -1 0 0.0 185.31481572249925 110.38869783423793 230.01874118102006 1.4414165 1.5961022 3.8729348 -19.569527 1.8860364 24.775606 0.09056086 2.5844770766881306 
Car -1 -1 0 466.47777707680865 187.6699232134523 509.47089077432344 224.77318104152315 1.4826314 1.5642512 3.5143719 -5.3531094 2.1786766 32.087646 1.4973091 0.8730553068229755 
Car -1 -1 0 380.89416860849633 173.9474811509194 442.5050901895015 201.20981162283195 1.5979724 1.6126618 3.767387 -12.132857 1.6675693 44.17833 0.61518985 1.7042359681797155 

