Car -1 -1 0 305.4449295357889 189.4123763153525 474.093883160286 292.4447615848996 1.4603916 1.7266226 4.5101457 -3.7602768 1.8153732 13.210659 1.5676194 116.0114678081041 
Car -1 -1 0 782.5832881003904 184.67773672509526 1242.0 375.0 1.4939272 1.6099916 4.001549 2.6911263 1.6228163 5.8646126 1.5707856 62.267131231286015 
Car -1 -1 0 667.1129266169058 176.03473245885698 725.9755935812449 227.03143378404846 1.6039851 1.6256288 3.8232799 2.9183583 1.7220529 24.858845 1.5868704 57.564827128371704 
Car -1 -1 0 643.1130598854056 181.01362883529862 679.8419136640725 213.35855206166926 1.4881732 1.5599624 3.7119203 2.5425606 1.9161906 35.991585 1.5693936 30.106614581544697 
Car -1 -1 0 406.37355007055845 183.82745247678358 507.9159670042823 254.13880288769863 1.5156481 1.7034581 4.294342 -3.730606 1.8278803 18.377846 1.5646449 60.42855843917447 
Car -1 -1 0 462.1950682533205 185.359051466542 527.82159813496 237.64607593934838 1.4770751 1.6120529 4.0928884 -3.6280968 1.9193401 23.446365 1.5374188 14.080803244859027 
Car -1 -1 0 535.9462821312871 181.0047155947337 571.5415109414148 206.16232616594027 1.5171094 1.572652 4.0685425 -3.5871534 2.071735 46.988335 1.6831651 1.8044210242727192 
Car -1 -1 0 375.87822107693967 158.6596587498571 438.44683467468116 192.4430982976295 1.4367013 1.5876127 4.066561 -9.097213 0.83306134 32.741585 1.6017864 9.801455308195745 
Car -1 -1 0 623.2409640337562 178.71470786890762 644.7473066775613 195.17915777342233 1.4853061 1.5425209 3.8597898 2.2926152 2.0580018 68.51036 1.4716125 1.834164321439421 
Car -1 -1 0 507.9747426767045 181.92215490640578 550.825879291639 215.88483831127442 1.4816761 1.6353698 3.911815 -3.7729802 1.9397297 34.4859 1.5649397 0.34986311197280884 

