Car -1 -1 0 646.8494279819694 178.1113890133141 697.4634997446394 218.11159980534688 1.5289804 1.6179198 3.8647327 2.5414803 1.7623361 30.06157 1.5285535 57.478982084483015 
Car -1 -1 0 412.2782558241889 189.87859777353222 514.6207274665383 231.65320993760412 1.4429295 1.5620097 3.5463717 -5.616422 2.1375241 27.834192 -0.5605254 72.72237902034894 
Car -1 -1 0 430.29581502757446 186.73424196568456 525.8361064076489 225.52576863923895 1.5313522 1.612868 3.7801793 -5.6537957 2.1565719 31.021605 -0.40030813 8.317071288442836 
Car -1 -1 0 993.6199413635895 160.42167633996596 1174.3010912223522 224.74359363520637 1.4106197 1.5738585 3.7563055 11.249297 1.137971 17.143753 -0.30846107 33.88647160879095 
Car -1 -1 0 640.6976073611456 176.40532797023656 672.6666831821207 207.20714904564554 1.6718204 1.6282942 3.608797 2.663115 1.8844602 41.39164 1.5793557 8.35841545701723 
Car -1 -1 0 500.9774098633057 182.47330397392528 563.900383760382 205.97309101726552 1.5060581 1.6291347 3.9739647 -5.2661977 2.1882303 49.421223 -0.5619892 10.036115285470448 
Car -1 -1 0 449.7565109802616 186.2251743669173 534.6810033654676 220.55814858022345 1.4938693 1.5824919 3.7059343 -5.508171 2.1460097 33.824944 -0.34141147 4.7219178607215495 
Car -1 -1 0 519.5884373989368 182.11476437885997 570.6119776254802 202.54397740572102 1.4814132 1.5756471 3.560898 -4.932618 2.210915 55.284275 -0.5074223 5.838302248758303 
Car -1 -1 0 390.06061505908644 189.11055476990668 517.1583942471516 244.89839387402483 1.4929556 1.5564954 3.4525664 -4.664641 2.0121996 21.59945 -0.4461089 6.025331924865446 

