Car -1 -1 0 808.9788247210738 161.2782984834339 976.5410059439587 215.94863799969525 1.4981846 1.6541417 4.141471 8.004116 1.1809642 20.628952 -0.013986401 113.99995267308569 
Car -1 -1 0 618.4382206134724 163.2872534586153 777.9725860265835 220.17206617063619 1.5448861 1.690973 4.3421564 2.4768126 1.2850709 20.611061 0.07959465 132.49135805399294 
Car -1 -1 0 977.6211389124567 154.74125799961612 1163.9403868072006 211.22074196770401 1.521135 1.668194 4.217551 12.896694 1.033313 20.331038 -0.03059119 108.856248271061 
Car -1 -1 0 520.8644037645029 165.91064740845016 605.7733375938178 203.72745988846927 1.4483169 1.5398428 3.6332242 -1.8330023 1.1823987 29.56341 2.1814113 51.620691405420075 
Car -1 -1 0 586.6345508570773 164.19912942359787 671.7551263691305 201.94745895510613 1.4346672 1.5815305 3.9690523 0.8732937 1.1057291 29.507343 2.1705818 41.06031674216707 
Car -1 -1 0 201.28160348464345 176.06336145145477 309.88489687103953 218.80966993266628 1.52771 1.5560147 3.2730453 -13.080714 1.6505885 26.770695 0.047754772 55.865471029825365 
Car -1 -1 0 951.6742975790288 152.73574542294017 1007.2922303537604 190.8515569267491 1.4872475 1.5826058 3.6989408 15.485008 0.70224965 30.12352 2.1796055 14.764359159650743 
Car -1 -1 0 816.0312802937914 156.43135472316925 885.5919732447834 193.23230043261063 1.4276226 1.621428 3.7146988 10.064199 0.7905372 29.958397 2.223957 11.574022033237094 
Car -1 -1 0 737.1872276197247 158.41168990303223 817.1927474182754 197.9786966170675 1.468262 1.5953007 3.9400375 6.7536182 0.9323331 28.817366 2.2359104 12.672945344436037 
Car -1 -1 0 796.6040263923733 146.82469384880946 829.9639925972975 169.4350833204934 1.7281342 1.6243958 4.0902443 16.283382 -0.28386757 57.840614 1.5994091 4.81864374533288 
Car -1 -1 0 1010.429528686601 151.59792127463987 1145.611780849237 197.8710107390576 1.5642688 1.6060447 3.658616 16.355114 0.8457037 25.325329 0.0726217 1.3297214195838392 

