Car -1 -1 0 0.0 185.39932551108646 353.5321177684027 317.2824421563029 1.5119102 1.6758088 4.3242044 -5.8421273 1.6994779 9.639069 -0.14860716 189.85399071439784 
Car -1 -1 0 584.8863311152637 182.74456846877115 647.2021566716812 229.01892960051345 1.5242078 1.6218474 3.7352238 0.16600055 1.91597 26.59695 1.3901199 64.01047499237254 
Car -1 -1 0 568.4079854877808 182.18741314019482 619.2337150704619 220.65162510581874 1.5164557 1.6141777 3.931522 -0.75080353 1.951276 31.535244 1.3887341 40.51413284018881 
Car -1 -1 0 753.0503355995442 201.61751059439075 1094.6309402516486 375.0 1.4417492 1.5901365 3.8335998 3.1140983 1.8451878 8.082581 1.3677582 44.59909690614665 
Car -1 -1 0 158.61288716045212 168.98785311752343 372.8249087861956 264.27781922332775 1.8621101 1.691356 3.793805 -7.1092176 1.7865597 15.28878 -0.19007929 41.397755070112375 
Car -1 -1 0 285.86356888638454 184.00999790532276 416.0252397500861 229.6996829018035 1.4753041 1.597502 3.9940515 -8.830177 1.8771544 24.908546 -0.14664021 5.660450917017055 
Car -1 -1 0 249.5935688224133 183.97402946435597 396.2322279331539 242.1082457237775 1.5253706 1.5824276 3.6616473 -8.037069 1.8594582 20.52541 -0.20804924 5.076101711566761 
Car -1 -1 0 317.700362674525 184.47199412844094 429.4172062784925 224.64197035299418 1.4724998 1.5837141 3.9041862 -9.104328 1.9412626 28.07966 -0.12711939 1.9847706291235672 
Car -1 -1 0 376.56342441930303 180.34047246518256 419.2254514350216 219.9753692127739 1.5331864 1.6405549 3.8060246 -9.0041485 1.8735061 30.743687 1.2894099 1.1470980060344667 

