Car -1 -1 0 383.0100922328208 186.4555747524491 455.5323892480961 248.4436660571329 1.5056658 1.617108 3.8518262 -5.2902856 1.9293671 20.44662 1.4111968 75.1034630721554 
Car -1 -1 0 434.05148573785476 188.05024083791977 481.18118191200546 223.91143357858866 1.4221196 1.5668198 4.077284 -6.7718334 2.1503348 32.48246 1.4916884 21.6574015072556 
Car -1 -1 0 657.2203131373378 188.0410242106974 788.44452787511 242.42125777887128 1.6011935 1.6270204 3.810181 3.5610588 2.1080334 22.972073 -0.1607621 24.8465149495304 
Car -1 -1 0 720.455178297722 193.43890878969034 922.3038478889035 271.6254208871038 1.468324 1.5914264 3.7937906 4.4266696 1.9367197 15.283045 -0.18732962 35.45250798715822 
Car -1 -1 0 717.6985853363088 196.73317912043248 985.0314408457998 294.80919128536345 1.4329727 1.6236947 4.1226482 4.100783 1.8855026 12.414575 -0.2293149 49.772490048716655 
Car -1 -1 0 677.2974142436328 196.33453887462377 829.2832005160251 252.64068604086296 1.4200903 1.582535 3.8321667 3.9111729 2.1008883 19.959702 -0.090209454 18.264927433449213 
Car -1 -1 0 610.1846185697972 185.07262334427193 707.314354554397 221.09395506312032 1.5386391 1.6501913 4.135694 2.1933403 2.1110005 32.68703 -0.14344986 12.897887078164521 
Car -1 -1 0 537.0549308734378 186.3924995813229 560.7395734157766 206.23455677228498 1.4930129 1.6657672 4.1184635 -5.025595 2.6481876 59.403637 1.4185884 6.267328245972244 
Car -1 -1 0 822.5260523095428 198.14040716618126 1144.745079772509 322.5094906540029 1.4348614 1.5782161 3.7462845 5.035312 1.8209777 9.898602 -0.18433718 24.753508602861668 
Car -1 -1 0 617.4496232652449 191.86362611173908 718.6788005992876 229.050939545151 1.4237174 1.5856248 3.905776 2.402938 2.24405 29.97464 -0.198455 10.93584182721276 
Car -1 -1 0 639.5816317249565 188.87524597790062 761.618934244664 235.8987570739701 1.5130978 1.6130239 3.926782 3.1606283 2.101676 25.28038 -0.22660792 2.6691663244247175 
Car -1 -1 0 589.4123647445799 184.15547236013316 626.4455362686582 213.27683200054608 1.5033764 1.6149842 3.8878572 -0.13910279 2.1751757 40.85856 1.4408069 0.35969021916389465 

