Car -1 -1 0 406.2547892142203 181.13790176409424 511.5690008379992 261.0117601446454 1.4821224 1.6270853 3.9859476 -3.1579173 1.6871322 15.832572 1.5306281 112.72901824579233 
Car -1 -1 0 491.85366163900636 180.89372293414058 538.8511288162518 221.99104555241985 1.420997 1.5675192 3.9840457 -3.5619483 1.7534237 27.790892 1.4987353 46.05416185557486 
Car -1 -1 0 894.6135880571022 188.75187731048658 1236.9537046860114 317.07257107924346 1.5157217 1.5799925 3.5760117 5.8889465 1.745718 9.586271 -0.035122905 55.341412445758706 
Car -1 -1 0 796.63023274355 196.81237200161132 1014.4994982094514 275.4838102268823 1.4129182 1.5668277 3.688205 5.775484 1.9175086 14.338713 -0.040639427 60.49503304738182 
Car -1 -1 0 772.3249776713393 186.7627744334893 948.7647212840682 253.76594464046332 1.4937539 1.5858294 3.6616209 5.90588 1.8420409 17.24721 -0.015219012 43.417761685130266 
Car -1 -1 0 612.8999870146621 180.2661882249404 637.2306245469875 202.08867312993482 1.5455134 1.619436 4.085069 1.1388371 2.1273847 54.57395 1.5377129 11.82623991024193 
Car -1 -1 0 709.897488339925 185.7416398696441 839.2404561786058 229.4996130295444 1.40506 1.6056497 4.0139446 5.524684 1.8566649 24.466827 -0.0071182055 18.31311944590464 
Car -1 -1 0 695.9444946822953 177.49434740892124 813.3466062545483 221.46302152586543 1.5891213 1.655427 4.0578046 5.407707 1.7698995 27.190735 -0.04536735 30.642839640433497 
Car -1 -1 0 741.5602734908705 186.8129751054598 904.6202776303664 244.4550218550159 1.4545641 1.5955987 3.9412854 5.733552 1.8524961 19.618519 -0.078850746 5.8386724628845625 
Car -1 -1 0 671.689347464553 179.93060727729758 715.5228224790109 212.72473863727603 1.4882345 1.6105094 3.788949 4.0770197 1.8550988 35.488724 1.5416483 0.6308617991183432 

