Car -1 -1 0 687.3536505389491 181.66417459329395 760.0826911993429 234.05124453153502 1.6020341 1.6146355 4.025463 3.8287625 1.930303 24.821814 1.5029393 54.90934850261109 
Car -1 -1 0 0.0 171.7929410150504 79.12508182723921 220.91265956305676 1.4220526 1.5268768 3.5185437 -18.205975 1.391334 22.806599 1.1770992 44.54342615752075 
Car -1 -1 0 147.19193531041677 183.38699246475412 352.2172518262822 265.7978553540867 1.4556439 1.5824406 3.6848152 -7.2031136 1.6870341 14.473779 0.35141212 118.20165138043411 
Car -1 -1 0 667.1357755457304 182.62290238609825 719.0124587538335 221.04105252521757 1.4846294 1.5976937 3.9508731 3.5085602 1.9303856 30.914427 1.5257018 25.188726028802044 
Car -1 -1 0 294.04940377307304 183.0610342175943 393.80346292516583 234.78603291450074 1.4827669 1.6715987 3.9783244 -8.514537 1.8436697 23.495974 1.6046885 50.68467324587547 
Car -1 -1 0 452.5661085316322 181.06721000720728 497.76038249196563 208.9053491511364 1.4937855 1.6262681 4.048968 -7.764847 1.9956944 42.017662 1.639452 21.846643467158046 
Car -1 -1 0 362.87030151314605 180.7869444465949 432.9715171254332 224.25895207506534 1.5303123 1.612246 3.9650977 -8.151035 1.861374 28.119246 1.5584466 10.486540477772277 
Car -1 -1 0 31.777768616303252 164.030196630494 126.27662270127306 203.54874556437878 1.5646737 1.6037037 3.73884 -22.136166 1.2153091 30.098328 0.4462902 11.947052316357036 
Car -1 -1 0 268.0816362579995 167.97639731441606 331.9349060152594 204.69322507265653 1.5968667 1.5936079 3.3246253 -14.112663 1.3847327 33.069637 1.5361143 5.5158390730134155 
Car -1 -1 0 659.9762861782986 183.01431593564612 703.0335454659983 214.43173284218898 1.4708064 1.5528274 3.5458724 3.6186328 2.0148199 36.799183 1.4831313 2.70461283454075 
Car -1 -1 0 420.00538393359017 178.74711135869347 459.8903809437479 204.51295278966256 1.5581073 1.5952647 3.610918 -10.835675 1.9512671 46.30439 1.6069992 1.2810321371005242 

