Car -1 -1 0 694.2264874261593 181.20751224333884 786.4962595229995 244.12754242835737 1.4447327 1.5716352 3.5005164 3.3073292 1.683685 18.842194 1.5060892 94.21667680425963 
Car -1 -1 0 116.1983133437471 184.70720288766043 422.0638260445522 304.10148239785127 1.4337059 1.603272 3.871632 -4.939089 1.637645 10.70868 -0.55851847 94.37771722142263 
Car -1 -1 0 319.445817714205 180.3942855638916 492.6557235316004 243.81265144813344 1.4748019 1.6359193 4.1115017 -5.288637 1.6890625 18.838966 -0.47244608 57.61045262731751 
Car -1 -1 0 636.015140959875 176.73158739316872 694.412675679703 218.07151277067732 1.5071372 1.5992703 3.773584 2.137567 1.6716595 28.64446 1.4494381 37.8383276348816 
Car -1 -1 0 222.39580504936748 183.6001868735006 463.4763402662996 274.6455196013539 1.451551 1.6291771 4.054446 -4.9845037 1.6801252 13.628343 -0.523523 41.31006761707592 
Car -1 -1 0 620.4396690649123 175.7475823063102 663.7663117795273 211.2746508413705 1.5446007 1.6207762 3.8205063 1.4617643 1.6873745 33.64531 1.5092142 29.024365985872194 
Car -1 -1 0 376.2639370129834 172.04544960189864 495.91048807570974 223.84420201987137 1.6346138 1.6250544 3.6056316 -5.8481994 1.6090982 24.421247 -0.56515366 37.76349801143069 
Car -1 -1 0 402.9729630163064 176.7241915531086 512.1435200992829 220.73540797202972 1.5595415 1.6204875 3.7508392 -5.776703 1.7160366 27.517775 -0.53931713 6.230142566266627 
Car -1 -1 0 768.0120277362214 106.31489446881692 1203.7008360029135 375.0 2.0836143 1.8995076 4.775978 3.0254216 1.6418319 7.190467 1.5834984 13.806320742178453 
Car -1 -1 0 609.1482505597622 175.11584796048845 649.5498791862241 205.46117100684285 1.5514715 1.579329 3.7017312 1.0250151 1.6802189 39.125595 1.4261045 3.8102703892842205 

