Car -1 -1 0 627.7600344104113 173.3912621765114 697.0802120865138 222.00813476831405 1.4746422 1.6405407 4.2271223 1.6690636 1.4942199 24.113342 1.4794728 63.57589109451043 
Car -1 -1 0 47.83840068669389 196.80974485651814 310.4329378756561 283.6199635293333 1.4108924 1.5809281 3.8175082 -7.6367817 1.87128 13.028177 0.025312021 131.6307691787669 
Car -1 -1 0 135.50497364690918 195.2623274037278 354.62392442173393 268.18162093250635 1.4351783 1.5913522 3.9049563 -7.7151814 1.9424269 15.517732 -0.010144345 55.91383650177556 
Car -1 -1 0 253.56548999084953 171.98642052036507 432.66594870639017 243.63066337142462 1.897744 1.7775315 4.4294515 -7.34035 1.8747631 20.265423 -0.12263617 91.55971249002428 
Car -1 -1 0 357.5020541063359 181.30569266347064 463.40831971629063 220.61726235916217 1.4722114 1.5862842 3.761775 -7.748455 1.8146045 28.321598 -0.06256803 14.552181265228947 
Car -1 -1 0 444.8959589936389 177.8008874951594 503.32630742740054 203.8314390880713 1.5906447 1.5985547 3.4637024 -8.481454 1.9082105 45.38297 -0.08066908 11.97214241878196 
Car -1 -1 0 619.730695393128 175.65709281002955 667.0231617881834 215.10499105393671 1.4888847 1.5934076 4.022204 1.3208317 1.6116688 29.564384 1.5309484 0.9557493159556046 
Car -1 -1 0 305.7737819996965 182.13542994748647 444.4509922665886 234.97888627695198 1.5734929 1.6088483 3.8695173 -7.293416 1.8774116 22.715736 -0.055703558 0.33746248483657837 
Car -1 -1 0 559.5683182814225 170.66122087317433 593.8425113631221 205.44087334033432 1.6576285 1.6332952 3.3421175 -1.6250924 1.5531186 36.087795 1.5357082 0.7692988402265444 

