Car -1 -1 0 24.12195031950157 200.3564910009709 325.55787194449897 357.97624582099553 1.5068629 1.6138756 3.840156 -5.3278046 1.9427803 9.504343 1.5859786 139.34501847400026 
Car -1 -1 0 342.10090378390134 187.48496791466553 447.2421312069857 253.12890375728284 1.4852474 1.676003 4.0057654 -5.5838695 1.9163631 19.242867 1.5524087 79.03896397806211 
Car -1 -1 0 674.3474929499405 170.99113231678714 786.360116821362 209.46950239976346 1.5323389 1.695468 4.3269615 4.8892403 1.458153 29.611609 0.013812732 76.016344434444 
Car -1 -1 0 808.878566874291 171.51344307005203 1125.0619608698216 290.1103445844356 1.5811107 1.6317006 3.8527048 5.0852666 1.5632386 10.566959 -0.06944907 82.02733012858563 
Car -1 -1 0 925.311258438642 177.98849992725678 1242.0 336.21686788276094 1.4758451 1.5842836 3.6783862 5.611537 1.5401287 7.9180107 -0.18419643 95.8689484689437 
Car -1 -1 0 463.7584158451803 178.09998956907987 513.2512310075832 212.4537372141956 1.5298216 1.6120551 3.9181795 -5.758769 1.796674 34.719955 1.6018449 24.611798340776243 
Car -1 -1 0 406.8459276351107 184.62818913200368 476.50382464711186 231.79741895848824 1.4440131 1.5802325 3.766693 -5.7090015 1.8817328 24.92935 1.5561777 42.32306256118539 
Car -1 -1 0 745.2028187025558 176.39925383583014 968.5933005830624 253.74075591003188 1.503744 1.6321787 4.089065 5.0432897 1.5821279 15.033005 -0.051311925 32.471279982336554 
Car -1 -1 0 659.1803107603787 173.0048466490682 743.9145889228882 203.00874830188815 1.4764106 1.6251523 4.0047703 4.611263 1.4842365 36.47428 -0.07468346 14.53905763484308 
Car -1 -1 0 698.443953357323 178.33353815020766 880.6082935488914 241.00823590811265 1.4432411 1.6062864 4.040243 4.3295984 1.584698 17.701893 -0.061078265 32.56760464530873 
Car -1 -1 0 641.47507217929 170.27243073489822 678.4158628834872 198.7307917078029 1.6025121 1.6325155 3.8367748 2.9278812 1.4571418 42.605858 1.493762 14.566544131896359 

