Car -1 -1 0 0.0 194.6772915112198 262.8550538053816 318.2540445737048 1.5612056 1.642488 4.0233936 -7.333288 1.8969691 10.25742 0.011258788 104.877590896591 
Car -1 -1 0 104.88580095608248 194.61225215618717 345.33140622398395 269.790155899329 1.4447329 1.6417115 4.217194 -7.9890795 1.9303379 15.235883 0.022239275 83.79676652385044 
Car -1 -1 0 209.79145398157914 187.53699742123672 391.3159118957189 256.5591313522469 1.5718136 1.6149325 3.7620888 -7.464247 1.9497063 17.688251 -0.039865807 55.4623888811011 
Car -1 -1 0 378.95488619837715 179.99886287926122 481.15969073522706 215.47953640592976 1.5389808 1.660356 4.1831865 -8.087799 1.8726417 32.69714 0.08177856 35.79200565399345 
Car -1 -1 0 584.7429578192734 175.66653673412188 616.6905499315101 207.0088503138056 1.580641 1.6272874 3.8679404 -0.48802876 1.739044 38.687714 1.5511701 27.753463349131803 
Car -1 -1 0 320.1825408041094 184.34839554498845 452.01754607331566 230.65140238944795 1.5067204 1.6396737 4.028797 -7.655824 1.9190145 24.918877 0.07171396 37.43683740883777 
Car -1 -1 0 280.6143261946626 187.10466689253604 419.6413197491487 236.72322915511296 1.4549212 1.5888727 3.7908344 -8.085571 1.9212152 22.656757 0.0850504 21.545970545247407 
Car -1 -1 0 450.4417928233545 178.9067930424148 515.5718635834102 203.6211646450567 1.5686442 1.6492753 4.041831 -8.238293 1.9727132 47.215622 -0.06411819 8.461013090859986 
Car -1 -1 0 549.7428216395695 178.54234825972037 570.5696055945012 197.3614668104361 1.5067241 1.5975513 3.785927 -4.138034 2.001453 60.839863 1.5436002 2.5923670490703934 
Car -1 -1 0 349.1084771603998 183.69488483000592 457.98695007314234 224.58013365275406 1.4902778 1.5852656 3.7011545 -7.7971544 1.9157175 27.519375 -0.002179198 2.4116187734454297 
Car -1 -1 0 1112.2976876120501 151.1982076756876 1242.0 203.17361272412717 1.498711 1.6514899 4.06812 18.661173 0.874266 23.000494 1.1678559 1.8737971239055122 
Car -1 -1 0 409.7088406279926 181.5764585457362 495.96971235931386 213.737832886304 1.5165699 1.6065648 3.8631852 -7.7530365 1.9634671 35.8102 0.1924952 0.8644462034043962 

