Car -1 -1 0 750.3759846431271 189.71164507023715 1068.478380180641 375.0 1.4447012 1.630449 4.356112 2.868105 1.6840415 8.043415 1.5417868 126.9553226992746 
Car -1 -1 0 704.2636588402418 185.2004311448373 805.710940043043 265.54441057571796 1.4927222 1.6041526 3.7639682 3.0709276 1.7975161 15.902512 1.6072364 84.85134078065684 
Car -1 -1 0 447.73185991477663 187.79672896426402 528.987323596403 246.19438946817752 1.4833121 1.673198 3.939749 -3.4725068 1.9661106 21.327917 1.5891778 103.72617289085323 
Car -1 -1 0 183.27901948129383 175.55489469193074 449.53969550162407 343.2907733177746 1.7182648 1.697274 4.3229456 -3.5256424 1.7625594 9.647472 1.6005248 131.55746606243613 
Car -1 -1 0 795.6618781152448 181.4965509391339 924.1587544622984 227.20444206683936 1.5103428 1.6304121 3.946256 8.644861 1.8231837 25.161003 0.073051736 51.535126215971836 
Car -1 -1 0 489.9444616145396 186.19345098479232 549.5581758288822 232.50562067913845 1.5076792 1.6085656 4.1067424 -3.2460344 2.0406017 26.754448 1.5941747 18.020307823805283 
Car -1 -1 0 657.2184254277703 181.5474756061208 696.6346337428002 213.87671564407853 1.5379794 1.5923095 4.0925083 3.4452448 2.0145636 37.4945 1.5519836 10.089604401563847 
Car -1 -1 0 549.8885763109149 183.87385505372532 579.6160239996424 210.7487996321349 1.5169476 1.6013569 4.0159235 -2.715116 2.2256343 44.389698 1.5652165 5.995261916400153 
Car -1 -1 0 512.8624050366338 185.33578989523227 563.2070954470049 223.18020068995463 1.5144004 1.6295667 4.0374107 -3.1329203 2.1087935 32.297234 1.6294532 4.147352579768748 
Car -1 -1 0 87.83921165979591 195.44601073135863 319.50235823405046 306.2170825501374 1.3958668 1.5783254 3.8904505 -6.352068 1.8279226 11.844273 1.5828757 4.647143750688706 

