Car -1 -1 0 145.3448347489461 190.39486744874904 395.94403551003035 339.7693156874586 1.4244766 1.6555455 3.985183 -4.065275 1.7031586 9.412934 1.4935045 105.09172228604348 
Car -1 -1 0 715.2861778609068 184.14006913984687 915.7524110925226 255.33913329922186 1.4717917 1.6223831 4.0028887 4.5163345 1.7391429 16.152678 -0.06503304 59.798769507642234 
Car -1 -1 0 832.7449313289108 168.89649834162918 1232.9697942026 323.53954764419535 1.6841894 1.6755726 4.034733 5.0348883 1.641089 8.885214 -0.09588519 94.07560178165619 
Car -1 -1 0 450.7646757546586 182.74251928572576 503.4907545278989 221.83491044344197 1.4635859 1.635184 3.777365 -5.4187326 1.8997531 29.905592 1.5301713 57.03456920070322 
Car -1 -1 0 594.7308041008154 182.6707193084027 631.2896643667856 213.9131360617162 1.42614 1.6277021 3.4785929 0.12839162 1.9378219 35.831352 1.5208702 22.453696802180264 
Car -1 -1 0 672.8097490888956 181.95223061742172 820.3998969370459 233.9931687270698 1.452942 1.610455 4.0277085 4.0152617 1.7361282 21.473598 -0.09082815 24.560928284177688 
Car -1 -1 0 703.2067959922989 182.88685505407946 860.5380019511908 242.77433935983754 1.4620461 1.5705838 3.6915183 4.4053597 1.735037 18.768703 -0.04311535 13.669563051050028 
Car -1 -1 0 666.6517559255403 183.4504645440714 783.9396644962211 225.94148196827743 1.4707108 1.6148767 3.9803808 4.1608214 1.8701115 26.30686 -0.04147629 7.113158257504943 
Car -1 -1 0 576.9855914359418 181.5076569353601 606.2158394522053 209.49694772745173 1.5325625 1.5335675 3.7021706 -1.0962355 2.0662081 42.59046 1.4936552 0.8642975885580613 

