Car -1 -1 0 746.1979990776663 157.27002923223256 853.9400378850515 259.2559461455326 1.62779 1.7012043 4.2720814 3.7280102 1.3790553 13.809102 1.8746505 73.83444514892477 
Car -1 -1 0 973.2203524614268 174.9740041844647 1122.785705885339 226.20539754997574 1.4112058 1.619683 4.0944643 13.044575 1.4786385 21.474041 -0.35843423 87.33980983931127 
Car -1 -1 0 522.9487869739934 169.4633923800319 556.1044290585463 196.18235864334542 1.5685091 1.6966074 4.4823284 -4.2783866 1.3694668 44.613846 1.5519842 8.427866156347736 
Car -1 -1 0 1085.927664627711 168.79790144125616 1224.0450434768297 212.1789829211272 1.6297555 1.7047143 4.2916236 21.237759 1.4773744 28.174654 -0.102612674 31.16684931846216 
Car -1 -1 0 636.5729440766662 170.41664400976484 663.776827245425 192.65117658010553 1.533539 1.6161661 3.9103796 2.8762999 1.3654318 51.743935 1.5405672 9.676373097926215 
Car -1 -1 0 763.29910210225 166.0062940640368 887.2961321024907 213.58314604136973 1.6861856 1.674872 4.0361543 7.850509 1.4434938 26.477081 -0.03364364 18.73788863352985 
Car -1 -1 0 10.153572919802317 176.01217605570386 119.88347708305656 210.43730352676755 1.5448626 1.6186476 3.800052 -25.196657 1.6954758 33.48024 -0.06437907 6.64204434550513 
Car -1 -1 0 402.85377402581037 174.42694083284567 441.24976585126865 191.90693995609632 1.4461836 1.5513309 3.9587054 -16.11118 1.5863103 62.176376 1.7959135 0.8486342419272555 
Car -1 -1 0 358.8779673350809 171.51451520653356 412.19260861327297 194.68382040848857 1.517651 1.6231325 3.9320073 -15.286888 1.4299109 49.157383 0.7076969 3.4994596324524276 

