Car -1 -1 0 783.1866242790072 185.6200467102463 1225.3065812470682 375.0 1.4741988 1.5566676 3.4931912 2.5464005 1.604886 5.6357102 1.5761564 121.48694477238217 
Car -1 -1 0 150.87254696516084 191.99077040079789 284.1206091617573 251.7331138229898 1.4861953 1.6758232 4.2277627 -11.445851 2.1105933 21.42444 1.5658172 86.43227213679342 
Car -1 -1 0 371.8286108949564 185.45521318605384 531.0947665962897 247.5392850529962 1.4316347 1.5658209 3.5666223 -3.867213 1.761744 17.961075 0.09044951 101.63643824625929 
Car -1 -1 0 656.0581613752532 174.67394191894545 725.3583113571561 230.06689023198723 1.530416 1.583972 3.6480684 2.3772101 1.5903285 21.904705 1.5389186 24.442832795806506 
Car -1 -1 0 233.8114092698199 187.04832276016342 403.9111890539106 290.22452602612236 1.4576505 1.5921122 3.5914419 -5.15669 1.7415462 12.568707 0.830254 84.03210340675145 
Car -1 -1 0 474.05489491307145 179.53663218050383 558.3947107258554 212.94955496350596 1.448045 1.587192 3.9132357 -4.402632 1.7777579 33.795685 0.6391772 7.288090176646516 
Car -1 -1 0 626.8248105543742 176.11767653015906 713.1475277646825 211.31498686974922 1.5102599 1.6105847 3.6397204 2.6376371 1.6590636 32.0111 -0.04517246 12.055484998662415 
Car -1 -1 0 670.1355919460512 146.51012606946273 791.4376020901642 250.47775936524556 2.0434113 1.881753 4.7424088 2.587479 1.5256407 16.574932 1.546217 32.87154347773641 
Car -1 -1 0 242.95661191586493 189.077659630565 326.7303250183539 235.7934400406592 1.4732853 1.5292535 3.720983 -11.581377 2.1002283 25.979973 1.5108562 0.727192403771808 
Car -1 -1 0 522.334571261452 176.51272612146752 575.8022151420536 197.83111492017156 1.472551 1.5775964 3.7579808 -4.394968 1.7461804 52.203064 0.64451724 0.5265952221702288 

