Car -1 -1 0 409.4390596922259 173.02733499660974 480.90710974860485 239.12962591385465 1.597916 1.6476943 3.1018536 -4.430043 1.6029356 19.17313 1.2797995 62.08110564609947 
Car -1 -1 0 0.0 172.66088289691135 123.64430125236932 259.4252983661815 1.5712769 1.6892247 4.349004 -12.059768 1.5677795 15.396389 1.2527825 94.8196421256975 
Car -1 -1 0 755.7264434379471 175.63611047379243 873.357466167287 224.53217784812892 1.408926 1.5634832 3.6298995 6.458601 1.502575 22.63349 -0.5853424 76.4804973061475 
Car -1 -1 0 552.9017408738173 172.31252055846304 635.8178144106981 202.1505939452575 1.4131119 1.58793 3.8556395 -0.73501176 1.3874676 35.873295 -0.5641482 48.24754338325749 
Car -1 -1 0 527.6088266066728 169.34860010006125 605.1475830247327 198.65818108628815 1.4771061 1.6008463 3.7404537 -2.2623389 1.3004453 37.92704 -0.47252482 26.980610659893692 
Car -1 -1 0 706.4303614635975 173.8703525094927 829.3686609526711 218.20818178134473 1.4231001 1.6294451 4.275137 5.544115 1.4610217 25.082514 -0.5698273 47.19559499466581 
Car -1 -1 0 663.7181936625743 174.96196072205476 770.8687765022121 214.49790033859728 1.4040229 1.5855021 3.9509811 4.1357603 1.4894191 27.518349 -0.5529299 35.644834613683045 
Car -1 -1 0 151.09663329344525 169.7552119817451 226.40814219595725 212.39616502323557 1.4855876 1.6174123 4.0568714 -15.817341 1.3776274 27.316158 1.2625792 10.207784081086835 
Car -1 -1 0 401.00905340563617 171.80117992449337 447.5260134862689 214.79963416190296 1.5269401 1.6122468 3.8698382 -7.09487 1.4895527 27.695812 1.3249964 5.43886086675027 
Car -1 -1 0 391.03453485802004 170.71019903782755 436.1120173642754 207.08770902880306 1.4872217 1.5813273 3.8146114 -8.620273 1.3995765 31.561514 1.2196548 2.9736292619524667 
Car -1 -1 0 414.1551610107331 173.08344093152905 471.28711862171525 224.96222450505013 1.5072122 1.6210865 3.7741435 -5.3851852 1.5151775 23.015013 1.3022721 5.494088268613634 
Car -1 -1 0 254.89630890552618 166.57916235162418 292.73124264337633 193.03504222600267 1.5195147 1.6294174 3.8989644 -20.208866 1.1591141 43.54879 1.2514515 10.614589106503718 
Car -1 -1 0 400.3142461340558 160.91360769015404 430.91596057191987 193.26584563891078 1.8126588 1.6641257 3.9492998 -11.390547 1.1436521 42.54366 1.3281409 3.0221150739729827 

