Car -1 -1 0 852.699200667091 176.15805813973623 1041.7716977351247 279.3805039443126 1.4686394 1.5980613 3.8505862 5.524906 1.5342073 12.355186 1.6217843 90.74838034675446 
Car -1 -1 0 297.92060536997076 190.74793055893494 404.6370984135137 226.33636646281582 1.4462125 1.6691753 4.4328775 -11.682484 2.2976897 32.666298 -0.4212064 47.29291986973495 
Car -1 -1 0 138.06250398573803 193.1396271126509 270.90756079158695 235.29194059166196 1.4228201 1.6807328 4.325793 -16.04231 2.295795 28.79058 2.1697116 65.84826949937592 
Car -1 -1 0 0.0 194.62837195840592 130.79332701275032 250.10946499151794 1.525937 1.665067 4.0715656 -18.379786 2.3092654 23.762432 2.0243673 72.90840897333221 
Car -1 -1 0 927.7650594093842 155.8409057142777 1035.7638140769043 194.78567656652504 1.5447636 1.6004894 3.5910285 15.140788 0.8699306 29.461264 -0.022880398 51.17173227246796 
Car -1 -1 0 488.7325989277259 180.61236800261858 570.5037064253205 214.21159994153845 1.512478 1.6059991 3.6943295 -3.8744545 1.9046555 34.851112 0.5260144 84.32286418670854 
Car -1 -1 0 635.735470155915 173.8291178368331 670.4202453532022 198.62916483830577 1.5401006 1.6278539 4.1614904 2.7945395 1.6066958 47.127174 1.473306 7.580760131934563 
Car -1 -1 0 101.01611425035509 194.23919055842524 213.8696399633859 234.83960042431858 1.4702625 1.5832243 3.6674998 -18.798603 2.4208853 30.127089 2.2032838 13.643407140291677 
Car -1 -1 0 214.3006787284798 187.75989494448854 312.04390936358004 227.85482027114526 1.6722746 1.6547623 3.772783 -15.957336 2.3989463 33.323208 -0.70458674 22.615427295340805 
Car -1 -1 0 434.0588405420927 183.57589795997268 479.22631444416044 209.16514463509765 1.4672251 1.7773554 4.371434 -9.5637245 2.1754484 45.444344 1.6065234 9.665272339364517 
Car -1 -1 0 179.6338936499607 190.5848551157417 277.2898629828613 224.85757649656608 1.4744585 1.6047695 3.9345126 -18.350246 2.3757644 34.820427 -0.67642975 0.8722635063497798 
Car -1 -1 0 492.06758368940496 181.65518281446325 517.2614050863983 199.20332548874578 1.4546185 1.5770179 4.1658726 -9.268427 2.2608523 64.00338 1.584095 0.303323894739151 

