Car -1 -1 0 670.3652165367099 169.61806510602153 756.7286339364464 231.6474139453826 1.5146917 1.6127234 3.7175765 2.704695 1.4356735 19.519398 1.5159421 76.36996677490818 
Car -1 -1 0 719.136033870538 171.18997976667654 892.415209730545 287.67828304528985 1.5285931 1.6137378 3.7814722 2.8705382 1.5067573 11.3804455 1.5432799 106.82748700224981 
Car -1 -1 0 0.0 198.78794389332867 160.21339430552433 264.1115251636327 1.5032172 1.6749439 3.9836118 -14.646044 2.3001194 20.178837 1.5718503 73.5687704008489 
Car -1 -1 0 640.3532482800717 173.2334689325458 691.8174319434424 212.62424064747196 1.46627 1.5705055 3.8930013 2.1945038 1.4825009 28.879498 1.5212628 37.48686747797388 
Car -1 -1 0 243.73059932325873 189.04031662339554 307.5462708562945 219.19597451860477 1.5115271 1.6200732 4.1620464 -18.650875 2.4669147 40.49892 1.5813034 9.915386008165987 
Car -1 -1 0 167.6080169705324 193.14763466880692 256.72095077028035 229.36299811134234 1.4756627 1.6581846 4.251057 -18.603098 2.4933093 34.00912 1.6333289 24.772252319683684 
Car -1 -1 0 300.68346782200626 186.03625232401245 352.7102874409596 211.18846669834468 1.4858181 1.5739782 4.0605364 -18.305681 2.3801756 46.87661 1.6349477 5.156531036652491 
Car -1 -1 0 618.2149597346244 173.21277371939598 645.2220594634872 198.71235849839428 1.5254565 1.5379755 3.7148538 1.4195026 1.5488429 45.12571 1.6423076 4.600240408805834 
Car -1 -1 0 345.09056387438596 185.60966145450237 382.253281915077 206.88380959718273 1.5054115 1.5985482 3.9238214 -18.83284 2.5200415 55.413185 1.5468738 9.788456113305022 
Car -1 -1 0 602.5826397909414 174.42388928614835 621.7376842917273 193.5572546703692 1.5282809 1.5281441 3.5676026 0.19171762 1.6621192 59.720432 1.5582902 4.154757453284056 

