Car -1 -1 0 741.168789852013 184.77487617599658 890.3665446213752 288.5938923624022 1.4834108 1.6024599 3.9517746 3.441516 1.7272756 12.764265 1.5969993 97.82365078570544 
Car -1 -1 0 681.7278631077951 178.07291007352515 752.036856331469 228.12615759212693 1.5642984 1.625109 4.1556535 3.6358302 1.7612343 25.10946 1.5179739 51.99803454905241 
Car -1 -1 0 718.9447526916686 180.42959560945482 807.2405621680754 249.34405411386342 1.495676 1.6048868 3.797035 3.717503 1.7053599 18.029087 1.6294167 64.10611837677895 
Car -1 -1 0 822.979657718842 183.65689096905504 1242.0 375.0 1.4990941 1.6078526 4.1800294 3.437666 1.6331509 6.8582163 1.577805 83.34383632578324 
Car -1 -1 0 436.7182522961627 174.44333585680923 559.9101140509268 218.3934659081931 1.5379397 1.6717423 4.2695317 -3.9667907 1.5977798 26.241137 -0.042371143 41.128167480589205 
Car -1 -1 0 471.6040628322822 171.3723621419525 577.905267062189 212.0935250779467 1.7483096 1.7579788 4.535225 -3.682482 1.6846973 31.924366 -0.029768001 43.43590990703764 
Car -1 -1 0 199.0742355006218 181.41511567427048 497.9889871449323 287.5742652647021 1.4790399 1.6216764 4.045809 -3.9092839 1.6231492 11.177256 0.07922576 43.12153383641709 
Car -1 -1 0 670.2862596685674 179.66875557713914 708.8978462011589 211.20841802293165 1.5104821 1.5657538 3.7030375 4.078075 1.8794572 37.211853 1.566592 14.84606052183418 
Car -1 -1 0 32.79313542040078 163.5283944558832 448.1250315426323 329.40200195604245 1.7206426 1.6833831 4.0619874 -4.1387486 1.623906 8.476854 0.07534727 65.7736477058121 
Car -1 -1 0 271.9020817477098 182.15485027560496 499.74932937428736 263.8528062583619 1.4313309 1.5974251 3.8922637 -4.2371845 1.6245294 13.93446 0.1350241 19.46193759750259 
Car -1 -1 0 552.2865125858639 177.8155093564918 585.2320660287604 209.23069297731877 1.5215007 1.6218691 3.6186855 -2.1141903 1.791301 37.383526 1.5135587 6.115386173156059 
Car -1 -1 0 559.4122941032925 174.89205206214024 597.9184457632958 203.4432982995546 1.6859668 1.6533821 4.0621862 -1.8783314 1.8192179 45.043465 1.7209502 1.8013351263647306 
Car -1 -1 0 658.9521533829337 175.99026399183 684.383515684579 198.61773866666022 1.7327498 1.6262875 3.71915 4.930216 1.9915109 57.652756 1.5467179 0.5488564849678499 

