Car -1 -1 0 445.10683509162345 171.26304611815016 514.3695268797096 235.55999239478476 1.6095915 1.6344987 3.0774808 -3.6164718 1.5697639 19.757944 1.3156874 62.396573439227694 
Car -1 -1 0 781.960780145997 171.40381766610201 908.2859005531103 221.29162169034623 1.4657447 1.6158776 3.9432616 7.5044928 1.4231371 22.90215 -0.5369606 78.90743720302679 
Car -1 -1 0 13.434628147142135 168.92877861919132 176.1607366378526 251.63071508864397 1.6154482 1.6972393 4.287658 -11.434199 1.5387753 16.390154 1.2851412 78.21838159920569 
Car -1 -1 0 581.7455861064291 169.5593936459387 664.275941192692 199.54858392460642 1.4423379 1.5982375 3.866689 0.6892601 1.2838827 36.322037 -0.49340808 53.36944068035625 
Car -1 -1 0 443.6352026465946 172.6948660854276 502.2881529009692 220.9875792645129 1.4532186 1.6179593 3.7255192 -4.5553756 1.4484298 23.721355 1.3081212 14.303164711045964 
Car -1 -1 0 731.8556861244122 172.4286884427939 848.0080683899308 216.04712363867475 1.4217601 1.6058491 4.0321345 6.349959 1.4078968 25.27373 -0.56291926 27.274219142261543 
Car -1 -1 0 561.0854226726335 166.85223519894637 637.061440674374 196.46601478038653 1.5174884 1.602021 3.7214339 -0.5565212 1.2099419 38.479645 -0.43175113 22.33814595245784 
Car -1 -1 0 294.05518133695 165.24082273226452 326.3178953772826 191.21813442214008 1.538584 1.5901828 3.904994 -18.557259 1.0876706 44.83943 1.2455106 8.761675964601546 
Car -1 -1 0 203.41274800971513 164.6049670830254 276.5266842969788 210.91955146629957 1.7028326 1.6006962 4.038111 -14.577546 1.399543 28.671204 1.3576378 10.310803313483902 
Car -1 -1 0 428.12200241039716 169.1754162067148 468.4083623113202 203.70380642910237 1.4621475 1.5460843 3.6495829 -7.313032 1.3063731 32.522415 1.2880585 6.346058884446862 
Car -1 -1 0 690.8254367968788 172.0677343827839 798.8299804386669 211.2774099837789 1.4214674 1.5849926 3.9367228 5.21842 1.3929628 27.759617 -0.47266796 12.395803841328915 
Car -1 -1 0 431.4527257782034 171.72450491952281 486.80851189606426 211.75269306421166 1.4571137 1.601666 3.7202268 -5.9539356 1.4159975 28.287628 1.2196422 8.582451730981235 
Car -1 -1 0 431.01787666457085 159.55815970943246 468.0071513317274 192.5554085342594 1.8842127 1.6323521 3.9003112 -9.532878 1.1249919 43.208996 1.4930354 5.416840091188519 

