Car -1 -1 0 44.093869212806496 190.14021158080075 241.87061983343582 308.13103860203574 1.448981 1.6835889 4.566519 -7.4301877 1.7948873 12.005943 1.2473905 91.10524406827848 
Car -1 -1 0 289.06406907502657 182.27072008543925 351.5038461410407 232.41102939604028 1.5036404 1.652218 3.7291284 -9.854328 1.8491869 24.439934 1.1044385 43.39720183470871 
Car -1 -1 0 901.8094022337284 169.5756293224522 1017.3917119359593 259.90037691402506 1.4129003 1.6769146 4.3074493 6.4969864 1.3616185 13.594807 1.9929066 43.36782473491664 
Car -1 -1 0 844.1664639435324 184.45381091893626 948.487829395951 221.2916573673698 1.4415681 1.6290842 4.2149982 12.248908 1.9621556 30.805283 -0.40348423 33.00768964006955 
Car -1 -1 0 1010.1653389078441 181.86955142009867 1120.8261009198895 230.64389364982836 1.469574 1.5977895 3.8207982 15.216901 1.7909882 24.042532 -0.551212 26.82029494251341 
Car -1 -1 0 695.0920438789319 174.75816061239652 846.1289032541584 242.9266220781187 1.4186552 1.6736848 4.294661 3.9725885 1.4700269 17.301512 2.2927365 56.37398642567311 
Car -1 -1 0 647.9490331612631 178.80797809341806 776.2115961203485 236.98477627558475 1.4093244 1.6341403 4.013851 2.9260921 1.591062 19.962563 2.2706277 35.96026530457644 
Car -1 -1 0 559.096367057758 177.59097096945425 654.2145549764285 223.10773443299357 1.4081998 1.6227329 3.8961031 -0.011975527 1.5852039 24.86078 2.061234 19.90245995853587 
Car -1 -1 0 529.0447110168442 178.1853053565938 627.5356468570207 219.04966806526002 1.4107568 1.6712298 4.228798 -1.1099081 1.632135 27.726944 2.13306 13.258985205521592 
Car -1 -1 0 968.7843734620935 182.14797418749674 1075.2552027206468 224.72363190311992 1.4483885 1.5725206 3.823696 15.321298 1.8134301 26.78296 -0.46276543 7.605427020591715 
Car -1 -1 0 1089.4244726468098 178.40208915608667 1211.623463962608 232.10586227590488 1.4741938 1.5922607 3.8344183 16.370888 1.6545756 21.803747 -0.5292676 8.268733090798571 
Car -1 -1 0 603.8241870312489 178.37635197034976 719.4791036606281 229.1710086882298 1.4087551 1.6064534 3.9029284 1.6997724 1.5960373 22.459213 2.2697864 17.289594216253548 
Car -1 -1 0 382.13863218686123 179.9946269649913 405.4266415306682 200.17523254154287 1.6830472 1.6313665 3.87857 -19.09401 2.3349357 63.767796 1.1906166 3.2777831293776867 
Car -1 -1 0 485.3230343857935 180.0221468959267 572.0125358196085 215.86806127743458 1.4830916 1.6109928 4.1611414 -3.611724 1.8315077 32.896877 2.1661768 1.9705703257251748 
Car -1 -1 0 717.8388516147702 163.76508869596026 777.1912548933425 188.19007913819792 1.4627194 1.5824013 3.9085674 8.606598 0.918419 45.309364 1.092938 0.5535836271389944 
Car -1 -1 0 806.8836034653373 184.06344038321205 895.233422145228 218.65982921088053 1.4561096 1.6088116 4.0617876 11.14447 1.9993578 33.231148 -0.5422404 0.2583828568458557 

