Car -1 -1 0 327.3247388613704 190.18719593584026 445.1205943755427 270.32850593998705 1.454464 1.7033823 4.5848417 -4.909805 1.9073852 16.486534 1.4684292 94.36799016878041 
Car -1 -1 0 22.645338646355906 203.88795715328683 155.00767012798923 267.3366492953499 1.4653199 1.5664349 3.5201633 -14.501486 2.4193828 20.329033 1.4294255 36.93838416987786 
Car -1 -1 0 153.50342813057378 198.12520873290313 254.26216054606815 243.57174725134212 1.4549117 1.7413203 4.431036 -15.541981 2.5130816 27.92688 1.4793842 36.243560653989505 
Car -1 -1 0 889.2051891315102 181.7022370884483 1081.3531094541231 262.19147715231713 1.4021403 1.5904458 3.94828 7.6534934 1.6020304 14.619549 -0.527367 62.6483191997992 
Car -1 -1 0 811.575372021251 177.2017295644126 978.9275518114686 244.6262569024309 1.4441775 1.6241505 4.149957 6.96685 1.5602534 17.474567 -0.5591416 40.00302627129737 
Car -1 -1 0 240.1679919225646 199.25841108530415 285.86254259766383 226.9161355486268 1.4462092 1.5467117 3.547894 -20.685822 3.095604 43.193687 1.4026496 12.24565306079087 
Car -1 -1 0 983.1338612996424 178.88307515641262 1199.1850804046949 280.5073254058885 1.4060572 1.5785981 3.841235 7.9983463 1.5197504 11.896195 -0.57781214 53.0381689752668 
Car -1 -1 0 768.706923432312 178.95782478772583 906.6333917297861 235.64894680108412 1.4347123 1.610503 4.0893884 6.534175 1.6238011 20.505219 -0.6231102 32.22377826861697 
Car -1 -1 0 674.6999131565012 176.0888397483195 778.1900842539671 213.72529813852236 1.5936629 1.6684554 4.219054 5.1655 1.7430317 32.044193 -0.21914987 27.087342031552563 
Car -1 -1 0 487.1562893812438 182.8213965586124 528.9184510056109 222.90242867591337 1.5536759 1.6678638 3.8722305 -4.366231 2.0102508 31.01637 1.4281528 19.255250934581138 
Car -1 -1 0 712.6011858989041 179.51978059889717 819.8665376884832 223.49423828619857 1.4540873 1.6195723 4.0508432 5.761891 1.7147374 26.323107 -0.6686293 9.626655936824614 
Car -1 -1 0 734.6138222922256 179.4215841660555 845.2711689734656 228.70012106813738 1.4348099 1.5840019 3.7811012 5.882023 1.6638963 23.332981 -0.7125321 13.221144110789888 

