Car -1 -1 0 345.4322496593095 178.34302406709423 485.137867093999 284.77702326481153 1.6490014 1.6266156 3.832351 -3.3972967 1.7649996 13.31329 1.547228 117.04080363364608 
Car -1 -1 0 802.3092098062607 180.73564077327424 1189.3621159407028 320.2977442499038 1.4888787 1.5949081 3.773757 4.400137 1.5926361 8.646222 0.029317558 140.4649599009008 
Car -1 -1 0 686.3532394570401 173.68037106648868 806.1226017208508 220.456664245625 1.5158676 1.5971318 3.6752336 4.5747232 1.5449624 24.410875 -0.10863463 31.57831801641458 
Car -1 -1 0 739.9685313628152 161.09854757577097 1021.5564859494684 280.2484254916588 1.7354922 1.6631498 3.8388672 4.1643014 1.5642667 11.451917 -0.058443736 46.832877375413894 
Car -1 -1 0 511.9174343248745 172.46927304763045 555.6321371315385 214.70030098821306 1.8150663 1.6036717 4.023097 -3.4079075 1.7985308 33.028034 1.5642682 14.61636425122472 
Car -1 -1 0 465.5836925583953 170.02113211598376 530.0442831602677 232.56816517202316 1.8878484 1.599773 3.8250706 -3.585333 1.8023442 23.706701 1.5501662 61.96707294803457 
Car -1 -1 0 527.0940731505452 178.61223522686603 575.2745570169092 205.58552067496086 1.4897118 1.5632149 3.65614 -3.402405 1.8460742 42.674625 1.8816673 12.977892081346072 
Car -1 -1 0 747.0533892751167 160.67158529683235 970.9832868717062 255.3198933597374 1.74154 1.654761 3.8275752 4.8037615 1.517382 14.214718 -0.058758564 17.740439792607205 
Car -1 -1 0 487.9718389315644 178.55186623531168 539.7656130729536 221.48808550456502 1.5568074 1.5549161 3.3001254 -3.6891365 1.7930837 28.261333 1.5825052 1.028072129405985 
Car -1 -1 0 659.8650716624053 176.90902629102078 765.6562707717101 215.14097379870248 1.4856482 1.6240741 4.0670967 4.097625 1.6540735 29.096165 0.030114345 0.9396795731963085 
Car -1 -1 0 666.7438523636591 172.63513257765055 779.1409033352692 216.86890653694124 1.5790946 1.6239265 3.8215551 4.1729283 1.5712812 26.82421 -0.13746706 0.28185632824897766 

