Car -1 -1 0 382.6930451077995 205.70264152940874 552.2652571797888 317.5044890476171 1.408536 1.5677717 3.5373783 -2.193214 2.0445533 12.084494 1.7632408 116.89211127592253 
Car -1 -1 0 502.6786359988907 200.5843606053388 602.6446705533292 279.53646091192365 1.5278977 1.5643494 3.599834 -1.242127 2.2621155 17.201904 1.7323189 73.60037063298856 
Car -1 -1 0 866.4028846970059 198.059154832767 1023.7018696812839 252.26749519696088 1.4993229 1.6287631 3.9974194 10.042768 2.295586 21.82581 0.07844102 30.872612652127494 
Car -1 -1 0 970.7727997647952 204.90966714567438 1242.0 311.73833086414953 1.489246 1.6130637 3.945027 8.253473 2.0569115 11.731839 0.12474377 41.506803133832044 
Car -1 -1 0 579.6649489913337 186.92179505490918 626.4377450257668 229.9482162675564 1.7488022 1.7029027 4.2536983 -0.23131254 2.434329 32.962475 1.6661164 36.09777575461821 
Car -1 -1 0 909.4773628659002 200.72551530535418 1172.5907642574293 284.46918446318506 1.4710269 1.6412401 4.1943874 8.397843 2.0642037 14.350117 0.09012631 62.40791593926145 
Car -1 -1 0 815.0651177369673 194.21922222794578 941.0614421681985 239.52287437959023 1.5741601 1.6620469 4.0736704 9.903292 2.3951607 26.824316 0.035200443 36.56457991418108 
Car -1 -1 0 899.5572575714522 202.27042015914145 1112.1722348966634 270.11009921714606 1.4231603 1.6097602 4.075629 9.167149 2.1538458 16.950907 0.08329911 26.97088776248887 
Car -1 -1 0 731.4614364724073 191.96308661050622 794.0214330775889 218.03273587339805 1.6111733 1.6231111 3.6926394 9.863201 2.8677044 46.622288 -0.006169243 7.986349971356057 
Car -1 -1 0 883.8214743903517 200.11765931303748 1051.9350954575136 261.591207342282 1.5158591 1.5943221 3.734089 9.558966 2.2842956 19.45541 0.045579895 8.564195839727946 
Car -1 -1 0 798.523738527951 196.47557363040545 908.7526844522695 235.80703708152052 1.4707919 1.613041 3.9868298 9.818933 2.4625907 29.260122 0.11772924 9.754198582311256 
Car -1 -1 0 789.0329312666016 192.9627174753982 893.6320779106477 230.72993185169693 1.5634415 1.6473002 4.06774 10.105681 2.4697587 31.655376 0.020395134 3.292595712348846 
Car -1 -1 0 744.1619970328746 194.57359865063506 819.8487686898445 222.52632839006154 1.4997628 1.6184231 3.999985 10.031349 2.804059 42.030556 -0.26160142 3.9864271263610895 
Car -1 -1 0 760.7084931181039 193.00522593681706 810.1753592072332 225.3829868773631 1.4870296 1.5745662 3.7198744 9.042568 2.582742 37.354885 1.5467075 4.68331115363456 
Car -1 -1 0 702.667629052818 188.88398506170034 756.0984947619041 211.1805252345698 1.6650743 1.6741024 4.075567 9.3700485 2.9474273 56.604717 0.14159414 2.8851301161449316 

