Car -1 -1 0 745.1377900560518 172.67630862880364 887.1798866391432 270.5260293337588 1.4868324 1.6163554 3.8828008 3.5114279 1.4841323 12.944286 1.6223645 83.63805278175849 
Car -1 -1 0 688.5997268720793 174.9830744637558 751.7868931444767 227.6673354456004 1.463238 1.5558197 3.3073692 3.2786427 1.5327393 21.865063 1.6183321 75.35189871562925 
Car -1 -1 0 818.7326191086493 174.2708694468629 1154.204826784615 364.39403296578087 1.4505899 1.6094574 3.876209 3.4630852 1.469207 7.507662 1.6168673 81.7356746180804 
Car -1 -1 0 104.85619311638945 198.4276405618219 221.6791937213917 248.21419246063007 1.466141 1.5721848 3.6498785 -15.371033 2.4220104 25.079304 1.6632415 78.46011467905545 
Car -1 -1 0 680.0849717917915 173.01291511720143 741.5120143277769 220.69876277343892 1.6169823 1.6130707 3.862824 3.627358 1.6232336 26.431688 1.5444196 20.87615986626385 
Car -1 -1 0 281.1901140727853 182.01036915957508 344.06666909108145 207.1991269469334 1.6717563 1.6916577 4.3295174 -21.283094 2.3598752 51.90115 1.9272014 12.677158035458199 
Car -1 -1 0 339.91437987515206 183.9330269680293 391.4626102823364 204.2256343217274 1.4842103 1.5987345 3.8669107 -19.26342 2.3936267 57.139877 2.0318127 18.04429261712911 
Car -1 -1 0 414.6205864390529 183.55622125369746 469.2036863168554 201.4627082214404 1.4452494 1.6472896 4.2994075 -14.390323 2.3896933 61.972073 -0.4660654 9.486073305824887 
Car -1 -1 0 566.1788741829345 173.32817117766763 615.5963508676663 190.93554423368636 1.4461939 1.598083 3.8889065 -1.5844028 1.4873168 60.96369 0.48455954 6.077730792261459 

