Car -1 -1 0 327.2123092302418 194.29876265252597 512.0280756938473 332.48149903413724 1.5069162 1.6311365 3.817324 -2.4877605 1.8721969 10.3764715 1.5772555 132.43607395914265 
Car -1 -1 0 682.431032010293 181.97059262218235 748.2617904975469 238.58550101878492 1.596049 1.6211722 3.742081 3.262432 1.9085149 22.840076 1.5951436 54.60664583984261 
Car -1 -1 0 708.1404315919748 188.03536591598902 806.591163574737 263.96494812523065 1.4841492 1.5719994 3.5562801 3.279505 1.8710973 16.604328 1.5815496 110.47247279809974 
Car -1 -1 0 440.3295500969819 189.55814139640816 534.7259263807764 274.851331619674 1.5348942 1.5646116 3.5217972 -2.5005 1.9346874 15.477633 1.5297863 62.75340476785532 
Car -1 -1 0 486.1578555696879 188.11016235325602 558.0008547189293 249.486251667548 1.513798 1.5179791 3.3632212 -2.384634 1.9801008 20.348766 1.6026815 38.175761233404856 
Car -1 -1 0 659.8995428135293 180.94494532200153 700.1989475670018 216.25891066171772 1.5671005 1.6019028 4.0149784 3.3589761 1.9817172 34.958893 1.5815518 20.236028481053978 
Car -1 -1 0 676.9214250608802 182.28894506509826 730.9816148728926 224.45351688631294 1.5118399 1.5759947 3.785111 3.6756518 1.9112189 28.633957 1.5499387 16.471301731374858 
Car -1 -1 0 521.3844201042322 179.80663740458846 571.4669133483641 224.13091467164375 1.7073331 1.6202431 3.596397 -2.5817294 2.0160434 30.203106 1.6181912 12.044090051610366 
Car -1 -1 0 511.54825487634116 186.8093448059546 564.5263463672312 233.98585804276942 1.448712 1.5833741 3.7707005 -2.427281 1.9728882 25.193806 1.5413306 5.3793927103155905 
Car -1 -1 0 650.9421734389583 178.6546308276517 673.7702894567586 194.46278451960856 1.5206695 1.6119493 3.9262922 5.308185 2.1235 72.94578 1.4602293 0.9718715031617211 

