Car -1 -1 0 619.6332314365634 166.0519796953204 742.3441614084854 209.77213547543232 1.5712986 1.7081745 4.4199705 2.6395125 1.3268344 26.963905 0.08184489 105.52465896503794 
Car -1 -1 0 766.407143009587 161.61110799147738 894.69028822076 202.56564678945273 1.4803078 1.6731038 4.285422 8.176887 1.0739317 26.950418 0.015814444 101.68984124932656 
Car -1 -1 0 896.9892336536769 155.55136338705 1035.4287474168477 199.1209409984832 1.553674 1.6866345 4.281336 13.077416 0.93666863 26.612816 -0.018637352 101.06096121884762 
Car -1 -1 0 542.2789130889826 168.91654028052832 612.8412972549762 199.483283263022 1.4421734 1.5465995 3.7160282 -1.545058 1.2563994 36.00247 2.1952102 43.91054512120057 
Car -1 -1 0 1041.4975379611542 152.3553224581849 1189.2258202000078 194.6498903666704 1.4916823 1.6508336 4.21661 18.341084 0.76871663 26.286402 0.0062465286 39.955642664903685 
Car -1 -1 0 286.6555658334333 179.93833291158063 376.2487439915156 214.51714908436074 1.5334003 1.5927907 3.5066602 -12.768144 1.8684318 33.240547 0.049606044 44.533826502758124 
Car -1 -1 0 721.0134442737038 159.8581558559326 783.3391940272918 192.32255506553736 1.4880078 1.5970678 4.043417 7.0125313 0.89234227 35.202522 2.1459763 17.383985518774615 
Car -1 -1 0 594.4803256653805 167.14516329232836 667.5701079439466 197.55323749260148 1.4256995 1.6430663 4.1834903 1.1353184 1.1580373 36.01891 2.1728783 21.127159525915822 
Car -1 -1 0 773.7102690416712 154.84562524248892 807.0321684085374 173.05260966360558 1.5888462 1.6096938 4.188405 16.273933 0.017331481 65.12687 1.4754115 0.29493629932403564 

