Car -1 -1 0 205.29385140805925 187.92294626170155 335.9860813762397 256.1869682099066 1.4253043 1.7017214 4.409567 -8.418924 1.8566444 18.364677 1.453958 76.55982436738726 
Car -1 -1 0 0.0 195.37658595844817 230.12407615591252 335.2515313813355 1.4732833 1.7122393 4.345067 -7.315169 1.8750668 10.601298 1.4315845 93.73131604540056 
Car -1 -1 0 489.2648303523898 178.30054748980652 527.5283604918494 214.87165323790828 1.5354638 1.6291823 3.7531326 -4.6450043 1.7985309 32.86749 1.410235 33.49350672626259 
Car -1 -1 0 562.4953957476121 176.47240814245004 683.711291216404 220.29345955582022 1.4177337 1.6008197 3.89908 0.46856183 1.5511036 25.09337 0.40351585 85.18341237817458 
Car -1 -1 0 402.0210710934451 181.20065578806575 436.7897239293604 209.19608442521508 1.4982151 1.6622224 4.2384667 -11.063119 2.0120516 42.183342 1.385785 21.10875458591252 
Car -1 -1 0 367.26094694387797 183.3894599127939 420.5147303563402 217.92718645522228 1.5013934 1.6433811 3.968686 -10.282412 2.0371652 34.652206 1.494823 21.241456173937767 
Car -1 -1 0 1038.4141433088446 160.45150547172588 1113.1240685245027 187.6957313634287 1.6844823 1.6286757 3.7120092 30.056494 0.9176487 46.60323 0.96989775 4.354685052856219 
Car -1 -1 0 275.46507963108144 167.34807993819544 318.27691975750497 191.43389987914247 1.5188546 1.5903745 3.6790571 -20.493193 1.1716504 47.420086 1.4536989 0.8697647333937786 
Car -1 -1 0 487.7927017553298 175.84322683441073 522.1553425119264 207.0966507966135 1.6119554 1.6355851 3.9547286 -5.697747 1.7846425 39.64396 1.4865137 1.2599591851322878 
Car -1 -1 0 1087.4705028308863 152.99831486018113 1176.7789341394691 184.53894913798086 1.9227421 1.7042618 4.3128233 33.41851 0.71232355 46.25769 0.99387217 0.5440838526971702 

