Car -1 -1 0 702.9466280525819 180.0732548455553 868.1002356535246 287.6949140395407 1.4359081 1.6246336 4.275947 2.7022462 1.5783005 12.073977 1.5457827 98.7892977612884 
Car -1 -1 0 685.4946044620973 179.0444821933181 767.4182318989435 252.0064519397016 1.5391076 1.5901906 4.0814676 2.7429032 1.7085412 17.661613 1.6340286 58.50125093563114 
Car -1 -1 0 222.60812999384984 188.37720003053917 420.0650800245291 257.69784566011333 1.4945533 1.6136649 3.9385839 -6.5820446 1.8725867 16.748257 0.008331884 55.04007842262191 
Car -1 -1 0 429.8330979852642 182.67393730881733 510.36447836345417 217.7059618993634 1.5786035 1.5897808 3.4740717 -6.484552 2.0494895 33.784775 -0.011285117 28.93458499238406 
Car -1 -1 0 593.8145311021633 173.46559848645398 632.5592350399287 213.88142826016622 1.7186406 1.652025 3.8492076 0.19899273 1.7479923 32.68478 1.5941067 29.389797769879795 
Car -1 -1 0 150.53959278188512 193.86905486254034 377.6645065503828 276.5357816133577 1.4485589 1.575629 3.7230754 -6.653329 1.8871355 14.095552 0.0960342 19.199095621841263 
Car -1 -1 0 662.2817440458589 176.78366254365864 715.8691355372907 223.32252254678409 1.6330817 1.5936177 4.0104713 2.97478 1.7947094 27.667797 1.5657687 15.41424406837904 
Car -1 -1 0 0.0 174.48528524714587 289.0988050751147 347.1522242225019 1.8540831 1.7289873 4.2370257 -6.392898 1.8761324 8.759641 -0.06149979 78.29964014908889 
Car -1 -1 0 35.810814306088915 192.75955675686188 336.61359431708433 303.04632324021304 1.5446383 1.59359 3.736136 -6.413209 1.8768483 11.221818 -0.0125377495 18.666694965318204 
Car -1 -1 0 652.9750771641579 173.7899421419189 684.2202085998587 202.13288403575186 1.7308137 1.626542 3.5941856 3.7249327 1.7928287 45.995316 1.5501248 6.8114247767451745 

