Car -1 -1 0 277.98863336166846 186.98131146969257 440.47368157342015 292.77748717762495 1.4367669 1.6363691 3.9458961 -4.060509 1.7183397 12.359846 1.5068551 119.88309215595997 
Car -1 -1 0 593.5418239681624 181.52583381089383 626.258025527624 211.5866109533386 1.495992 1.6210984 3.6066396 -0.02183795 1.9843187 38.79819 1.5326324 22.822346575376564 
Car -1 -1 0 821.3786944168118 192.7324198522374 1216.4758497598032 320.35717311358616 1.3998244 1.6120183 4.085743 4.9497986 1.6742108 9.074625 -0.038940355 84.05956888383544 
Car -1 -1 0 763.688177537958 172.50426221552902 1062.915036761403 280.5282709752245 1.6175733 1.6822 4.253231 4.869425 1.6123362 11.867523 -0.10683625 67.15793078021146 
Car -1 -1 0 696.1223488617043 182.45037590250345 865.7989637899311 241.49167075844704 1.4629731 1.625941 4.0754724 4.450738 1.7289802 19.088102 -0.04939649 40.29462607320996 
Car -1 -1 0 673.0324794186632 180.9279890722944 807.7897648751389 227.34530767384294 1.4939702 1.6510503 4.242286 4.3436317 1.7760987 24.365276 -0.010312151 13.732741998440394 
Car -1 -1 0 689.6368977373005 182.58571210906726 821.3488414168611 234.85817083132636 1.482652 1.5672874 3.6019468 4.313717 1.7862151 21.646559 -0.043098606 11.849827839122623 
Car -1 -1 0 495.1142410456927 180.51526545035432 528.3009693130193 207.70764199139262 1.5276116 1.5514655 3.6873384 -5.847842 2.0085073 43.43537 1.5554094 3.903789228547548 
Car -1 -1 0 659.724023542311 175.6266056189908 706.5488517646115 216.44666465711956 1.5867517 1.7211516 4.315191 3.0428834 1.7125223 30.53785 1.613667 0.9951925352463201 
Car -1 -1 0 466.5634573846556 180.86195347514789 505.96499707149655 215.76879438839887 1.4598235 1.6125557 3.7482364 -5.5913 1.8482016 33.034107 1.4461734 0.29204535484313965 

