Car -1 -1 0 659.0018964962406 173.21895958626712 735.5053806214179 238.00765018309323 1.6084601 1.6372014 3.519846 2.3011508 1.6193168 19.69868 1.563667 96.02699663400341 
Car -1 -1 0 774.2815872432164 177.87037070988796 1170.0325162040988 375.0 1.5244081 1.6088663 3.952366 2.7336316 1.5835139 6.52069 1.5766871 102.06518277738651 
Car -1 -1 0 283.00354253124 191.89297779897151 492.8430462626324 284.65230336687426 1.4071922 1.6043135 4.0145893 -4.211715 1.8104943 13.484553 0.60358876 132.54001971269702 
Car -1 -1 0 375.4856516463477 186.4071888335274 519.1284259272462 245.60841807653293 1.408509 1.5616957 3.70611 -4.408982 1.8048055 19.498446 0.5208279 36.86590891163392 
Car -1 -1 0 626.2904005901131 167.07864357572754 670.4152077298282 209.67661205046957 1.8503504 1.6117697 3.753949 1.7326872 1.599483 33.264515 1.5096669 50.53549485519326 
Car -1 -1 0 440.89619802644654 178.4015111001801 544.58285532446 216.7902628699304 1.4828858 1.6298227 3.971125 -4.8557653 1.7289909 30.201923 -0.61205536 32.671362850870906 
Car -1 -1 0 79.97410724440786 200.51683016972748 396.5433062513653 375.0 1.4032776 1.6190798 4.196803 -4.176185 1.7781434 7.782505 0.7228433 71.52973088284158 
Car -1 -1 0 219.07210423775086 195.26444671805763 307.82862830698906 245.64773596205833 1.4602866 1.5846294 3.834282 -11.719002 2.2890775 24.686848 1.4523876 15.451989725437777 
Car -1 -1 0 312.8246588859675 186.4447162279517 456.4825171514489 256.7913851800822 1.4501501 1.5413802 3.4638324 -5.3974495 1.8049923 17.17736 0.6496961 4.569218958495926 
Car -1 -1 0 108.29675374118388 197.03021416967877 250.4929864644489 269.8965300909282 1.6449642 1.6740437 4.0140867 -11.544598 2.373944 19.703644 1.5120558 6.089368144809524 
Car -1 -1 0 278.3760998542649 193.7357900666815 348.0667805994967 236.42096677754216 1.4530598 1.5907195 4.120229 -11.729999 2.34913 28.813442 1.4349086 0.5343457483501899 

