Car -1 -1 0 245.23712188299118 178.02363577253485 369.5459036804696 234.87148726219368 1.4490113 1.6736821 4.194429 -8.583053 1.6141901 20.917282 1.6217434 96.9723287088891 
Car -1 -1 0 692.4440600960946 179.951979413431 776.3159745834007 238.87231700940367 1.6147946 1.6236266 4.0608525 3.7542653 1.855286 22.362 1.4967549 65.3056563991219 
Car -1 -1 0 438.93023560710805 176.02311352595626 488.5482514601436 206.52474914607507 1.5608019 1.6572368 3.9780874 -7.8939285 1.7427685 39.38802 1.6403973 39.91844351397633 
Car -1 -1 0 29.398308067483942 181.54563598101944 283.6544914423539 282.99469163460304 1.472403 1.5930126 3.7298968 -7.538044 1.6338111 12.051256 0.32352394 114.61191518724104 
Car -1 -1 0 669.0181187935109 181.72417593080309 726.2693583545393 223.24593835952857 1.4676379 1.6084487 4.0449586 3.3923392 1.8424354 28.434284 1.5303503 29.536766959267116 
Car -1 -1 0 331.5433702586342 176.6820299962427 410.21278417582124 224.78227428669769 1.5616708 1.6175631 3.8461962 -8.388753 1.7082257 25.679745 1.5439274 16.732870130467724 
Car -1 -1 0 662.444156219193 180.33524168550846 705.2745373889247 215.6808660926532 1.5556927 1.6170402 3.5468001 3.4797564 1.9298474 34.299744 1.5548174 8.413466549725007 
Car -1 -1 0 471.5063709201441 177.36581214364037 507.37520482190945 203.43469346576995 1.5245123 1.6102498 4.0757527 -7.432813 1.8184242 44.953957 1.5566666 4.055682974465289 
Car -1 -1 0 169.42329120144242 161.1826358077005 291.35556270018276 206.490940447782 1.7983943 1.717926 4.087312 -15.488248 1.33513 29.632938 -0.06676417 1.0785891316425675 
Car -1 -1 0 846.2728977894318 148.1730079394416 887.1308053230116 171.36286750076886 1.6167064 1.7078152 3.9320178 18.674038 -0.11274555 52.55778 1.6100938 0.2937260866165161 

