Car -1 -1 0 231.114100026213 180.34314841117222 349.22571727575416 220.10578624754285 1.4520183 1.6042559 3.8587484 -12.20941 1.7510422 27.773918 -0.12443681 45.913221281239046 
Car -1 -1 0 833.6130850482268 170.4300163187098 929.1800906504584 200.0170500060558 1.4037466 1.6224124 4.1008444 13.2716875 1.2887414 35.318695 -0.13801652 20.627444474898958 
Car -1 -1 0 593.1406193129751 167.84162091882837 676.2607206139785 207.5008163389083 1.568565 1.5471616 3.1581066 1.0011497 1.3703197 29.561699 -0.16615188 52.96067357884711 
Car -1 -1 0 0.0 185.53177017926723 86.92736214619111 218.5284905330358 1.4237953 1.5305266 3.556121 -27.401592 2.0649953 34.557278 1.980434 27.342439794124758 
Car -1 -1 0 654.0239561148511 172.06016176230983 684.4994940133664 193.5453691345109 1.483412 1.5035518 3.3968992 4.3043356 1.4286025 51.660206 1.8619895 5.283483987845567 
Car -1 -1 0 993.1605301151728 151.40270787245194 1071.8378494372325 175.3706957799767 1.4381886 1.6402177 4.2063828 26.100618 0.15101299 44.559082 -0.2222479 1.781835552444128 
Car -1 -1 0 590.1213416029105 172.94000774436577 669.9657497524469 200.78872957408933 1.5482179 1.6876807 4.4471464 1.2033706 1.5532525 41.1788 0.098862894 0.37711185216903687 
Car -1 -1 0 302.28634317292074 178.76243509131098 348.69174815504124 197.12798273880904 1.57391 1.5736344 3.579891 -25.538883 2.121196 64.94329 2.2414246 0.28791624307632446 
Car -1 -1 0 966.1556382424479 164.37017383923904 1038.2874869866068 197.90380214973206 1.4819283 1.60499 3.8585784 18.341032 1.1070083 33.88631 1.6710086 0.2612246870994568 

