Car -1 -1 0 721.8548835331426 181.38874072214895 951.9019271977222 318.9829359872173 1.4830163 1.6411977 4.3082485 2.899604 1.6305053 10.259914 1.4966369 136.20052846444582 
Car -1 -1 0 669.9332269028662 181.48656910499025 780.1417254113245 262.33909436831254 1.4738529 1.5978801 3.7580166 2.3365436 1.6819298 15.476755 1.523063 92.90857179755002 
Car -1 -1 0 266.75046145178993 180.7273686348686 447.82485049783924 238.08018143340303 1.4448769 1.6819317 4.4519315 -6.740851 1.6731095 19.711988 -0.16925257 95.3281131298087 
Car -1 -1 0 632.285931327163 178.41368708034443 690.3531814142851 224.52946995457037 1.5237547 1.6152127 3.9978793 1.8136513 1.7427227 26.37558 1.5131168 39.678692668296684 
Car -1 -1 0 0.0 182.67310634979012 316.08254317278255 301.17626873826845 1.456538 1.6350076 4.228764 -6.5276937 1.6070974 10.050023 -0.09458703 78.73153385709112 
Car -1 -1 0 619.6907434535613 179.21258842415668 663.2835935815758 216.20060563714495 1.5092995 1.5943056 3.7852097 1.3615031 1.8085883 32.03351 1.5235273 21.146782308984193 
Car -1 -1 0 608.1579326277108 177.6543161087547 646.4678905742957 209.03410127046715 1.5134879 1.5513821 3.5773494 0.8706567 1.7734826 37.224205 1.4732149 17.385832415034653 
Car -1 -1 0 340.0244525441444 176.9778605450513 467.20175455294157 222.7697359042862 1.545583 1.6454307 4.102316 -7.2043514 1.6974573 25.554947 -0.09725762 12.277991334925128 
Car -1 -1 0 413.1475988470114 174.26974531923923 487.2111674319456 205.556587195105 1.6622089 1.6335368 3.852862 -8.673494 1.741881 39.518696 -0.14495787 3.631028570130667 
Car -1 -1 0 519.4606672779172 177.62017768982267 540.6052939223728 197.80667220846442 1.554208 1.6495728 3.981575 -6.473716 1.9550338 58.60607 1.4531837 3.6621168984114374 
Car -1 -1 0 362.306931262939 181.89632331077237 475.3536431637535 222.29478169212902 1.4886689 1.612237 4.0458903 -7.3347163 1.8527596 28.045994 -0.10145399 5.816764742339523 
Car -1 -1 0 400.4674689609831 177.5023178078126 481.0644169678857 208.55252274264973 1.5141102 1.5992277 3.8686507 -8.500083 1.7568464 36.59412 -0.15283525 3.1130150833535524 
Car -1 -1 0 445.57650225690725 175.8482478547799 507.049860136853 200.2226516878306 1.5824654 1.6358058 3.9550548 -8.95911 1.7888361 48.445217 -0.25188366 1.1267575312979559 

