Car -1 -1 0 789.6453659526119 160.3850495368542 947.9604171076933 210.90239374650153 1.4700911 1.6534326 4.2046013 7.776859 1.1072356 21.880022 -0.026800165 114.7876181303524 
Car -1 -1 0 610.7439340245161 164.03436044934747 761.1902193819809 217.34775821749778 1.5364776 1.6856904 4.3433185 2.253169 1.2822978 21.766983 0.060431287 110.16089984033529 
Car -1 -1 0 948.8597636142975 151.68772670217766 1118.9252269385922 205.89799686553178 1.5528688 1.6695164 4.16284 12.627019 0.9465547 21.615377 -0.054411974 105.02889545341421 
Car -1 -1 0 1120.3613104495641 153.64825743552515 1242.0 203.85391550380092 1.4265013 1.6272893 4.1485457 17.747034 0.8808054 21.333593 -0.0090718595 32.86075248654854 
Car -1 -1 0 724.9476883294784 154.90615322948125 805.2036977537485 194.12868473221067 1.520329 1.6606891 4.2722845 6.5720954 0.82464117 30.177607 2.2101977 18.263173594220756 
Car -1 -1 0 932.7910025645882 151.75794802334025 985.9610144538391 187.13082474080278 1.4387224 1.6093802 3.8271306 15.261023 0.5806817 31.389313 2.149283 13.97164783606291 
Car -1 -1 0 583.0299763940459 165.06591356248478 663.4995706898576 200.16390558501038 1.3936422 1.60906 3.8680162 0.6487684 1.0843991 30.708248 2.152354 41.500318589899784 
Car -1 -1 0 209.34987035019338 176.49608739852832 318.47809654915426 218.5110913645874 1.5608162 1.5869721 3.4752407 -13.308639 1.7062299 27.886177 0.07528056 51.326095248474715 
Car -1 -1 0 519.7173042055185 165.26762582492347 597.4609184581794 201.90485363024888 1.4624102 1.520201 3.3804178 -2.1113522 1.1595926 30.625065 2.1707425 42.1983534025848 
Car -1 -1 0 801.2078610002695 155.74722883893472 854.7132033430914 191.77020010570408 1.4588467 1.6575432 3.8116226 9.37697 0.766062 31.22439 1.7125572 4.505766424442862 
Car -1 -1 0 783.043674033368 147.48233056930388 820.027428271502 169.32747737973716 1.7215023 1.6439115 4.185595 15.835117 -0.30236232 59.710163 1.487297 2.084924852628757 

