Car -1 -1 0 695.31905260668 179.74469528315097 815.1963470604067 262.36065612332686 1.4206347 1.6003636 3.9183073 2.8078885 1.579901 14.706547 1.556321 121.18220739083867 
Car -1 -1 0 575.8239014156047 165.9417310374763 636.8321974368781 225.96037875195887 1.641624 1.6695349 4.3412085 -0.113137335 1.4525602 21.915546 1.5592228 44.24203269323131 
Car -1 -1 0 760.4334272321069 190.20422127321524 1061.0631691658002 375.0 1.3815289 1.5786331 3.7816496 2.6744237 1.6045308 7.3614078 1.5992297 55.870551358289745 
Car -1 -1 0 139.95097451730027 182.80092703053774 249.70123520301732 228.653505715066 1.4067788 1.58443 4.1471586 -14.299383 1.7826004 25.156134 1.5280943 23.032523305258046 
Car -1 -1 0 648.315963845251 171.8769103447646 694.8691596439032 213.94835298185043 1.5602527 1.6469653 3.4892588 2.395608 1.5240164 28.528475 1.6022696 57.078156268181345 
Car -1 -1 0 337.8162731642889 173.23464439630033 385.4928485732054 202.82493240939309 1.6060665 1.5396023 3.4290156 -14.0042 1.6285625 40.92505 1.5661306 50.615573992567015 
Car -1 -1 0 676.1966312013071 176.46171784482326 762.0192560247871 235.63613513113285 1.4187455 1.5693326 3.4512248 2.8289351 1.5240452 19.287613 1.5069189 29.560135496773224 
Car -1 -1 0 0.0 173.74810930895137 116.5010845752685 227.86654068429286 1.684835 1.6008027 3.2538419 -18.383596 1.7168581 24.180313 1.5245124 37.133520070286686 
Car -1 -1 0 391.3075029279433 172.01414853275475 434.18005691856604 195.55857086946835 1.5963795 1.6947842 4.299814 -13.878185 1.5394349 51.108055 1.6156269 7.454432669142552 
Car -1 -1 0 285.8177731868082 177.7063005250077 351.98108629425917 210.70692714604738 1.5024681 1.5717585 3.6989155 -14.137322 1.7525822 35.299534 1.6296678 17.605897113932844 
Car -1 -1 0 687.8368479898418 161.72739052285667 721.2394848476843 189.95181098319514 1.916744 1.6290755 3.7207723 6.660178 1.1611264 50.91263 1.5013862 0.6369678774505367 
Car -1 -1 0 640.0234303966561 171.3777557704938 702.8594165406374 200.03182105025147 1.6705811 1.6238133 3.644451 3.644586 1.5845133 42.937393 0.032398637 0.8841734259559682 

