Car -1 -1 0 49.33931055608845 193.04486325421848 348.5009359920141 353.0312994777861 1.516213 1.6612474 3.984918 -4.905766 1.8340182 9.350774 1.5538262 95.53387014332286 
Car -1 -1 0 264.88617291441534 185.77540478900812 423.0034979036032 283.7093932602479 1.5871944 1.6635166 4.1501694 -5.046992 1.8812088 14.331181 1.5565388 84.98289616057895 
Car -1 -1 0 0.0 186.76954991055283 117.96446468766452 287.93206528441846 1.430958 1.6151896 4.079618 -10.301548 1.7098155 12.589806 0.6429146 38.72011938494915 
Car -1 -1 0 148.66607824234745 187.55018143917073 323.3878050907029 251.72262491030926 1.4581434 1.5917305 3.9703765 -9.925772 1.898266 19.487583 2.080739 17.26923204673006 
Car -1 -1 0 478.7067756457017 180.2031090935509 511.7552588604513 204.45045790288398 1.467679 1.5036077 3.420936 -7.321657 1.9584235 46.452045 1.5967735 11.170998389002966 
Car -1 -1 0 65.10330293365583 179.57634527833153 205.45175071063795 265.79758985509943 1.60334 1.639311 3.966217 -10.371897 1.7674704 15.669001 0.7458887 68.41049472856743 
Car -1 -1 0 378.6967337802501 186.26254938396391 442.14296330643805 223.74906514458775 1.4070394 1.5587044 3.611265 -8.26277 2.002667 30.221764 1.6033134 2.9542846449870797 
Car -1 -1 0 166.60904418854858 169.38375152750524 273.08546764322364 206.31921679916286 1.561434 1.6335721 3.776487 -16.909658 1.4147303 31.407005 0.046809874 3.3617403848125766 
Car -1 -1 0 246.04501443529188 165.4944151850798 358.0955788514791 213.6591734065044 1.64642 1.6682043 4.0264378 -11.264174 1.3948466 26.383146 0.5159459 0.3226982057094574 
Car -1 -1 0 414.65468650537895 182.35779761026356 469.2725413507876 217.00714086185275 1.5067545 1.565932 3.7252393 -7.90246 1.9838073 34.31857 1.6212947 1.449520687639934 
Car -1 -1 0 464.13526804265393 181.98630551615966 493.46430969757756 209.40972228199115 1.46653 1.6021738 3.6787043 -7.617944 2.021081 41.853447 1.3720809 0.2610839605331421 

