Car -1 -1 0 319.0689556331667 178.9519448925196 456.1643074372436 270.7315050659534 1.588539 1.6146817 3.428858 -4.5755305 1.7276098 14.595595 0.9379611 129.88955224108247 
Car -1 -1 0 396.41471057007254 180.10139158396825 649.5298270054839 315.1100215208392 1.4776678 1.6597762 4.2478952 -1.4454719 1.6033446 10.32225 0.91577923 96.78327480384007 
Car -1 -1 0 763.3247434923235 181.76852328332996 1011.8564721983328 262.15200464799733 1.4068074 1.6187642 4.0729294 5.117794 1.5854771 13.636143 -0.007834789 126.93275027280114 
Car -1 -1 0 285.2222049734413 180.37459163027154 374.07082365185727 248.459067411165 1.53714 1.4489864 2.7873518 -7.1005445 1.7429448 18.189535 0.95301217 40.00939456698836 
Car -1 -1 0 0.0 197.38719612328464 99.41131659084343 277.22469923684673 1.4217489 1.651236 4.2256246 -12.7768 2.0566988 16.44636 1.0091424 80.59326358648025 
Car -1 -1 0 666.0531919392618 183.2939429033257 866.8872529881556 252.11803997179453 1.4006622 1.6093127 4.0541577 3.401434 1.6470976 16.012707 -0.108398445 80.48063416876319 
Car -1 -1 0 519.4297419236278 181.5678534120917 640.5482229140972 231.17515171155105 1.4776192 1.5798529 3.6718025 -0.9285502 1.7621493 22.680536 -0.04937402 35.04505034760935 
Car -1 -1 0 868.1009644410992 167.0028678360682 1015.2521521229737 221.50713398537627 1.4257135 1.5905042 3.5159512 9.459851 1.2726605 20.76154 0.93742615 37.202645335563396 
Car -1 -1 0 47.93451159643528 190.73178220390025 122.22553910846933 241.79179104595244 1.4352362 1.5740955 4.03761 -17.279778 2.0810845 23.92389 1.0482595 18.715591182829666 
Car -1 -1 0 440.0892379502665 180.61714466277868 538.9048777895778 219.81354495585984 1.4338515 1.5659338 3.6531239 -4.5777516 1.7437183 27.796333 -0.12462433 7.1851147819413725 
Car -1 -1 0 68.24924323774034 187.32209316558917 121.40943384301785 230.28569840994695 1.4901986 1.6118017 3.885982 -20.254833 2.1022956 28.468935 0.96683997 0.8538241183895571 
Car -1 -1 0 219.95839930300215 175.77821542162482 281.0723433915113 226.00695823157204 1.8756834 1.7740916 4.649441 -14.824931 2.0057912 29.66584 1.0045261 0.8517623740382393 

