Car -1 -1 0 665.7958802059635 169.50039705089245 745.6109147460558 228.41006285044816 1.5447905 1.625498 3.6984932 2.6733346 1.4568487 20.811102 1.5171174 81.59643944655018 
Car -1 -1 0 710.0153005445939 173.7333535727722 856.4093494787417 274.7092517350115 1.5059195 1.5984836 3.6893413 2.8611784 1.5236168 12.657261 1.5458508 118.73154262301331 
Car -1 -1 0 50.236047628455296 198.19412830064198 192.98714395747368 257.009438229303 1.4915894 1.6697264 3.9454775 -14.6671715 2.3327909 21.976757 1.5743734 82.15714717250344 
Car -1 -1 0 802.7933157164803 177.3072765252802 1176.7116621543646 375.0 1.4762012 1.5764234 3.4904943 2.9106917 1.5266213 6.3959827 1.6079235 101.72571481935101 
Car -1 -1 0 640.0417318774436 172.9123159783432 686.6971061924986 210.87599689377487 1.4862103 1.585927 4.1155977 2.1954124 1.4888284 30.324308 1.5537288 29.792754463533164 
Car -1 -1 0 0.0 200.6420150946078 101.21854635224744 259.3326078263944 1.5982816 1.5799737 3.8025534 -18.647892 2.5732598 23.39309 1.5992637 48.80392014063471 
Car -1 -1 0 184.32810271348757 193.33093755956614 267.2332019903555 228.3328233584877 1.484274 1.6502403 4.1578836 -18.608486 2.543621 35.204613 1.6286671 25.615469334023675 
Car -1 -1 0 253.54602978505554 189.360225523064 314.4724650669742 218.9647139054556 1.5325105 1.6003096 3.9302974 -18.67807 2.529378 41.57785 1.6145842 9.844316585238676 
Car -1 -1 0 350.22863768801307 186.1126846391073 388.8856777838069 206.74927154266985 1.4866159 1.6295123 4.2132826 -18.83604 2.5690675 56.797737 1.5740778 6.939038730440177 
Car -1 -1 0 616.5999662091932 173.8705965166763 643.2734487575558 198.57841717316057 1.5195504 1.5487218 3.6918902 1.3442111 1.5876403 46.42942 1.6447117 5.124805162631393 
Car -1 -1 0 307.95954541970855 187.73431779528693 357.2493064381793 212.17661294759654 1.475088 1.5810987 4.172677 -18.440163 2.5131497 48.224625 1.6025454 4.5342969970756295 
Car -1 -1 0 601.9237805475186 174.2057740242503 622.2813250295251 192.75348677668273 1.5126672 1.5797043 3.8216915 0.24172914 1.6307176 61.070236 1.6121291 3.0676968475622868 
Car -1 -1 0 57.840516021843136 178.38674006527978 145.87275522597062 214.62080825981414 1.5563337 1.6035055 3.6326978 -23.386396 1.8265369 33.396 1.5377226 2.8707180599505033 

