Car -1 -1 0 710.4748930756354 181.72489718839378 774.0858381125764 233.4914968884913 1.5179515 1.5717374 3.286932 4.2309523 1.826219 23.402151 1.6080625 74.97594936912107 
Car -1 -1 0 427.2936436142698 179.14300517382273 534.2508230052651 258.0763152357249 1.5939487 1.6239743 3.9299278 -2.8727098 1.7586454 16.89265 1.6206927 90.96909186801155 
Car -1 -1 0 267.3790185866413 180.70337420869146 336.83135102578336 213.87701608170588 1.4661576 1.6345506 4.0258875 -14.7560005 1.8672651 34.856804 1.5723463 27.0622167850884 
Car -1 -1 0 485.8123803011942 172.84835334886412 556.2764418517314 229.87068029053495 1.7684023 1.6579496 3.9700418 -2.900534 1.7682271 24.411106 1.6354753 73.49069156491976 
Car -1 -1 0 324.6400508765083 177.98674563952906 378.3286025450592 207.1454921239572 1.555804 1.5766124 4.1738834 -14.702118 1.8646052 41.321804 1.572236 13.6655846664413 
Car -1 -1 0 763.511009131433 177.44789256725625 829.7392310840717 200.15268346858227 1.4890169 1.6347512 4.0296164 12.531727 1.8029737 48.483177 0.0054582264 13.603064759349607 
Car -1 -1 0 674.112927865032 178.01112702811673 714.3655398675522 208.97792593110017 1.5334046 1.6462405 4.1711817 4.4617553 1.8235954 38.512638 1.5675902 7.185855011572605 
Car -1 -1 0 804.570584979861 181.23351981803373 869.1443817354925 214.49666250659396 1.451417 1.6321435 4.0189133 10.802843 1.8767449 34.571 1.5135603 6.5375631680946515 
Car -1 -1 0 693.8263906294732 180.94185585042956 742.7749245504043 223.5241956531528 1.4821616 1.5860975 3.6897821 4.1153517 1.8143183 27.73411 1.6447219 2.89360455858348 
Car -1 -1 0 677.9416469039153 181.94756415982764 719.7953831424323 216.73448204703462 1.4517736 1.5603731 3.520553 4.0112176 1.8879063 32.824352 1.5982571 2.635628629689833 
Car -1 -1 0 523.2498407271693 177.955268548158 576.0818817397263 218.50998686396315 1.6215224 1.6181492 4.064933 -2.5412626 1.8588797 31.474926 1.6617876 2.5904002379144457 
Car -1 -1 0 391.0189554536174 177.49847448949635 426.28299267810036 199.84419595182635 1.5392877 1.5771962 3.5745182 -14.502226 1.8870887 52.240242 1.5646431 2.7039377016303687 
Car -1 -1 0 542.0802901751523 178.03458237816744 583.4009257490161 210.39661603247757 1.5701149 1.5978653 3.876669 -2.3892415 1.854744 37.644524 1.6537858 0.33036836981773376 
Car -1 -1 0 552.1917102095655 175.45314424067135 585.3552106254655 205.10782888344747 1.7125103 1.6000266 3.8478236 -2.4427247 1.8780038 43.977062 1.6257831 0.3166356384754181 
Car -1 -1 0 362.6396930587519 178.0301256165239 408.91319962241977 203.01776376949232 1.5347579 1.5899376 4.001988 -14.578547 1.8880668 47.20709 1.6281054 0.8364205425621625 

