Car -1 -1 0 777.6612082433791 183.24339608672113 1056.0882703952093 369.89814296941057 1.4578813 1.5533723 3.3948932 2.8828187 1.5913434 7.5480313 1.6019809 101.11825787764425 
Car -1 -1 0 380.8659304373222 184.05055403506273 503.89673540231723 227.1391935308863 1.6120713 1.7150297 4.432112 -6.5550776 2.0708628 28.545471 0.074633 77.40851386039992 
Car -1 -1 0 292.2059747836247 194.838320667426 444.8845711786424 247.5274403775173 1.4259547 1.6144507 3.964204 -7.055167 2.1053748 21.321148 0.08773894 123.47241725443148 
Car -1 -1 0 696.6706921045549 166.9525490558934 763.5582534713697 229.3779119018355 1.729355 1.6189975 3.6961918 3.5682585 1.5658684 21.881636 1.630419 101.9916760406243 
Car -1 -1 0 673.3341418488485 177.40983502354402 718.8228329015462 214.09716842848852 1.4425468 1.5516105 3.8391643 3.6305015 1.6491413 30.785515 1.5901619 18.422575393201747 
Car -1 -1 0 614.7498589198138 175.99857508660511 648.589955535786 208.8010108381006 1.5685432 1.6363884 3.6453147 1.1603955 1.7366916 36.720913 1.6212277 15.791665583323422 
Car -1 -1 0 670.3253610460445 176.64773140266595 707.2608443257798 208.6440383057623 1.5341996 1.6357507 3.8838816 4.0170994 1.7393517 37.042103 1.6150956 6.52279118368649 
Car -1 -1 0 1099.6441376501946 133.27072920226612 1242.0 215.47691340974652 1.5394953 1.5610758 3.4710088 12.659138 0.79820967 15.391089 1.3080451 7.629607391537548 
Car -1 -1 0 429.40771381401834 184.14722431387412 512.6887905501206 218.05409309364921 1.5110765 1.5640216 3.555462 -6.385761 2.047876 33.493706 0.011876889 2.358161505225029 
Car -1 -1 0 467.81068648673687 182.32186282772923 544.2669999594855 210.53823678406135 1.5466223 1.6379434 4.0699005 -5.8585744 2.098027 41.096447 0.05301406 1.5649082663484677 
Car -1 -1 0 931.0360785628887 155.45663890603967 1041.9283585573926 196.38860377319116 1.4152173 1.6110684 4.0060787 13.989608 0.8137057 27.052296 1.4119841 1.7585082467011415 

