Car -1 -1 0 734.3375660408452 177.69307291106966 895.8786679528321 293.88734865465136 1.585974 1.6146368 4.035728 3.2053027 1.6804206 12.050212 1.589253 119.64444765341652 
Car -1 -1 0 688.3305921428395 180.71727690067067 780.2322013105219 253.13114381177184 1.4969922 1.583864 3.7216735 2.8525956 1.7047151 17.191439 1.5816404 88.54546666693616 
Car -1 -1 0 312.30228977402084 180.49382586871633 510.8815541870504 251.87249517767108 1.501775 1.6239265 4.056246 -4.340054 1.6834881 16.267061 -0.041149024 51.47896664843364 
Car -1 -1 0 657.6377695276354 180.63579857717315 710.1850838319866 223.62256466482822 1.4808728 1.580676 3.7848933 2.7591681 1.7973151 27.442451 1.5630909 16.022829367363254 
Car -1 -1 0 677.2983932865828 181.47889423597286 747.3507615302087 234.09035299411366 1.478384 1.5820302 3.5212219 3.1417124 1.7704834 22.648823 1.535386 43.934555556043435 
Car -1 -1 0 381.5053950560976 180.92844154135474 516.5915597871978 234.91127801648378 1.5151438 1.5844188 3.6416998 -4.6627536 1.762532 21.299847 -0.00810975 19.474623473647664 
Car -1 -1 0 148.81462614828655 162.82516048028444 465.799678077783 282.97194645987895 1.8129678 1.7615364 4.453016 -4.746251 1.6616365 11.818176 -0.02241762 158.3329073510477 
Car -1 -1 0 653.0106346170835 175.54052516877874 692.3709229438637 209.69351619201476 1.6778187 1.6307008 3.6209416 3.2384162 1.8245277 37.568916 1.541255 9.597426788312253 
Car -1 -1 0 415.1327853798339 173.02382328352797 538.3003550771432 231.05249847596141 1.8304396 1.6679641 3.6695724 -4.328595 1.8362844 23.79993 0.11204669 27.54368617763496 

