Car -1 -1 0 648.4082323281316 175.2483124938248 706.8179309182337 218.02817499014344 1.473103 1.6089085 4.0057683 2.4786057 1.5698746 27.118614 1.5158727 44.776025417137056 
Car -1 -1 0 220.00729166580666 184.62871782576659 319.53471574859293 244.4448764054614 1.8036326 1.6279981 3.94241 -11.417646 2.2366219 24.537521 1.5398555 98.36024271953991 
Car -1 -1 0 632.6095712219105 175.41867686284235 657.2968389316655 198.65236959104035 1.52432 1.5854266 3.7066915 2.4670582 1.7076635 49.670937 1.6502323 12.775296445763 
Car -1 -1 0 644.8473373120761 175.13631079718212 688.9205258559365 211.41390127223247 1.5505575 1.5585957 3.5224047 2.5584595 1.6601985 32.86409 1.520369 6.501401093225368 
Car -1 -1 0 415.98106439877597 183.0686400503996 455.3831703089378 209.24605576066307 1.6072617 1.6081102 3.9953141 -11.482779 2.3134365 47.875275 1.5829036 4.993675846259267 
Car -1 -1 0 381.744061960542 181.17591626429063 419.4265689000915 207.40129602146493 1.7984494 1.628117 3.6393821 -15.152164 2.4248848 52.4795 1.5894399 1.0495949734270178 
Car -1 -1 0 443.6774232845356 178.80971509707558 529.3006999791028 209.828302367834 1.5336696 1.6342859 4.1059604 -6.2341814 1.844748 36.8434 -0.013080097 0.8535370826721191 
Car -1 -1 0 657.3728786081567 161.48632504712282 683.1427492369944 181.37110965517485 1.587853 1.6089981 3.2960622 4.9620056 0.68011355 59.320576 1.4955162 0.6630310267849332 
Car -1 -1 0 291.3694793300656 178.6940025625162 374.435943558768 231.20165921584228 1.9943604 1.7190411 4.407621 -11.421097 2.2560554 30.11573 1.5863831 0.800866722751927 

