Car -1 -1 0 493.96497969370404 182.04383413103236 540.6170955613501 218.73509211088012 1.4250982 1.6302625 3.7878647 -3.8900428 1.8431661 30.905312 1.5385739 28.51974362609876 
Car -1 -1 0 369.5109323689977 182.4258680534365 466.16787086029586 216.46177387333572 1.4955978 1.6368394 3.984239 -8.709879 1.9440632 32.98622 -0.0005891551 55.57698260815353 
Car -1 -1 0 266.73119770713276 188.33043609927088 408.8150209591982 240.5851256161139 1.4497486 1.5691873 3.6075213 -7.9664974 1.9253546 21.342155 0.026104625 44.582655907284334 
Car -1 -1 0 0.0 190.607338159778 256.303336476915 306.1933974185541 1.5337428 1.668664 4.3199773 -7.805499 1.8183591 10.703574 0.013730967 90.01843260802454 
Car -1 -1 0 183.99391065414346 187.04209742073968 376.72128196679813 251.20809805534378 1.5317991 1.6540664 4.1651106 -8.293203 1.9102757 18.419302 -0.0005535331 79.60793468211206 
Car -1 -1 0 567.8118770515937 175.94288416883208 600.5275282517929 207.5195632438255 1.5751557 1.6503284 3.9722104 -1.3589206 1.7481989 38.404472 1.5314605 27.43974118829175 
Car -1 -1 0 24.250975757944868 193.01502277891464 291.45587550070866 281.25362962884014 1.4670603 1.5894338 3.8772328 -8.093712 1.8573754 13.166045 -0.004195766 33.237025826846114 
Car -1 -1 0 111.34550600021035 193.6687978262135 320.21846076523525 263.60175541777704 1.4353391 1.576009 3.7916806 -8.657152 1.9218658 16.073044 -0.0022345898 17.716115532773134 
Car -1 -1 0 270.73719392365956 172.31529371046446 337.0163013843228 208.477322181869 1.6838963 1.7020974 4.0818324 -15.018762 1.6588111 35.675686 1.5259029 3.3471018473535223 
Car -1 -1 0 317.92789822826114 173.5491450623499 370.6968829521175 199.79079558613196 1.4993118 1.6426731 4.0740814 -15.872058 1.5430725 43.37781 1.5800669 0.5933397458244182 

