Car -1 -1 0 669.7573738416602 180.09269889479052 729.3632715105381 226.73680716640152 1.4923459 1.6141375 4.1614046 3.1336904 1.7721747 25.811852 1.5710249 35.63856924642698 
Car -1 -1 0 176.06214815323986 187.33992223985328 263.8423569256301 226.73213045828965 1.4893728 1.6550372 4.0886016 -16.544743 2.1507673 30.87347 1.5380206 15.013438658534264 
Car -1 -1 0 20.267307781166537 188.69992778343317 153.54821554373765 243.86073342897058 1.5044264 1.538417 3.46096 -16.109634 2.0363193 22.455833 1.6163224 40.80839015017637 
Car -1 -1 0 250.3129703875621 186.11038245334527 308.226010460598 219.20678782415547 1.5071638 1.5403702 3.6801338 -16.53708 2.2090082 36.29347 1.4711533 24.87999473747395 
Car -1 -1 0 384.86238932972 182.09953590098726 419.9105321741777 203.90968976529305 1.5994366 1.6013268 3.906628 -16.184776 2.3489254 56.5328 1.5774906 14.502384275837208 
Car -1 -1 0 650.5210721627113 181.16872646485947 688.8171306541283 211.11646775654603 1.4886172 1.5433307 3.588512 3.1799302 1.9560719 38.725864 1.508114 11.856482949660954 
Car -1 -1 0 293.44680440797805 185.60234209824904 351.48323512004436 215.61962939040333 1.5598326 1.58887 4.1743727 -16.384184 2.328246 41.38653 1.5933566 9.074636181664253 
Car -1 -1 0 330.54114948274463 185.59909992691658 373.5700876670982 210.38806182934565 1.4802186 1.5268523 3.4473512 -16.576797 2.333765 46.592518 1.5781947 13.846991634738743 
Car -1 -1 0 659.2502925644703 182.02710518438866 702.9568400178624 219.96905919745564 1.4991469 1.6004283 3.9236114 3.0580244 1.924082 31.44533 1.5931633 5.034371496415048 
Car -1 -1 0 604.0760266149834 179.15195175061626 619.8108802154155 193.3510601301993 1.464318 1.6607655 4.2669544 0.28237212 2.167883 78.459625 1.5858985 0.4040044844150543 
Car -1 -1 0 354.7773017913239 185.45324631314955 392.42145955203574 208.41488529596361 1.5233513 1.5289522 3.5175858 -16.816814 2.454502 51.56391 1.5744185 0.2616560459136963 

