Car -1 -1 0 28.402462858598625 191.51661213345955 215.29537079579399 267.71192243608175 1.5004567 1.6144278 4.071768 -11.424412 2.000967 17.285606 1.6090014 61.56516509504621 
Car -1 -1 0 277.21536687467346 182.04379834556022 506.969269731298 267.417738245104 1.4987161 1.6211905 3.8940868 -4.0639043 1.6870837 13.831223 0.077273026 124.58071453899603 
Car -1 -1 0 637.4115129182965 173.06895851366374 685.0702535675662 213.56873062902952 1.5010307 1.6538923 3.6667006 1.9878695 1.5100994 28.60132 1.5784922 48.07470373077336 
Car -1 -1 0 670.2134714290976 171.9978763687764 757.8907355571844 241.04729003104842 1.5296266 1.5823615 3.5676699 2.4677448 1.5106611 17.782213 1.5521853 44.31570346529745 
Car -1 -1 0 296.29767318052177 183.0662466773869 393.210363822626 233.53628939610732 1.461221 1.6351045 4.116035 -8.596256 1.827328 23.797342 1.5852891 16.21109601771437 
Car -1 -1 0 168.93189096679544 192.2880726999414 283.4966602603431 248.0651188733847 1.4525578 1.5851234 3.5405023 -11.439795 2.0873628 21.796906 1.5688455 19.974571345117692 
Car -1 -1 0 290.5984941211601 181.5636686932729 366.67400665914266 222.53904048079983 1.5582933 1.6345766 4.378178 -11.794524 1.954292 30.593271 1.5408417 11.388761522177939 
Car -1 -1 0 70.88966028310716 188.18778305831836 300.34534255572413 357.4980612661731 1.4750514 1.6066464 3.6281824 -5.123981 1.6957672 8.506232 0.8281473 72.80117019834987 
Car -1 -1 0 458.3226760537821 177.523302029127 551.2932012040993 215.28032463020608 1.4355825 1.6075699 4.058095 -4.388708 1.6416807 29.883883 0.7424594 30.064737952826558 
Car -1 -1 0 694.6534593002024 133.36157253081922 867.8662711732454 281.4658600128514 2.0556245 1.8584871 4.6880507 2.659749 1.5074863 12.360166 1.5724179 49.71928372283965 
Car -1 -1 0 527.738505760144 174.8104274240493 561.9539549864136 201.09607584934474 1.4659024 1.5858135 3.67097 -3.8495426 1.5864253 42.48994 1.3633856 0.29841935634613037 

