Car -1 -1 0 698.8297412155679 169.8661858962054 853.6996310992768 296.914578519124 1.7243938 1.7006669 4.414854 2.5391886 1.683841 12.028414 1.6049491 120.0607749551426 
Car -1 -1 0 787.9650754193892 181.08297530202015 1240.2252028668138 375.0 1.5224924 1.5918788 3.5809994 2.6745584 1.6087561 5.768558 1.5647686 122.04889241638695 
Car -1 -1 0 670.1881942937072 179.96104065326105 733.919671993537 237.2216442957213 1.543315 1.5530624 3.257538 2.6836839 1.7713249 21.502234 1.5939754 49.524325489528685 
Car -1 -1 0 466.08096720556074 178.38249910923378 552.9031517244746 211.92129135505888 1.5606184 1.6478782 3.9902756 -4.965415 1.850795 36.0271 -0.6330134 31.93196552099827 
Car -1 -1 0 0.0 150.18472425509157 353.4574401228555 340.483607156847 1.7317162 1.6910815 3.9809182 -5.230718 1.5254261 8.360351 -0.5769185 134.92796859579607 
Car -1 -1 0 401.99001024026757 180.69256676396245 522.4619337451253 222.26589392446175 1.4294877 1.6368103 4.1709747 -5.5464835 1.7471191 27.375107 -0.60780096 20.591693253584545 
Car -1 -1 0 348.4652412140194 164.14358080643416 499.4052328131823 230.12837032806485 1.803355 1.7069025 4.027866 -5.5024786 1.5653003 21.57487 -0.61180913 101.93197895232295 
Car -1 -1 0 127.49030480251174 179.09600462382065 407.9685390813632 291.0965716325635 1.4830238 1.5947756 3.7453976 -5.250856 1.594991 11.337831 -0.50581884 23.755488967400936 
Car -1 -1 0 630.7777745352762 177.15532024612583 667.4593975951802 205.36600675029885 1.5975242 1.626204 3.7367988 2.3342037 1.8678099 43.39608 1.4649572 2.3744957057950358 

