Car -1 -1 0 797.369340959901 184.25892782105007 1207.8263933561454 375.0 1.4479959 1.6150477 4.1633377 2.977065 1.5852611 6.569473 1.6140971 50.55355564750147 
Car -1 -1 0 672.5920274696821 176.14738471539957 734.9052612255491 219.52947224507798 1.4311441 1.5694613 3.6714885 3.312304 1.5582296 25.96543 1.5139399 56.36152300609289 
Car -1 -1 0 189.779404189623 174.7048736871396 468.37930548510354 280.5605796523472 1.5291548 1.6599132 4.175286 -4.6756086 1.5649633 12.221681 -0.50601923 91.43578748617745 
Car -1 -1 0 633.7487715580037 173.67473451851353 675.7809475197778 204.95459993842044 1.4568999 1.5781362 3.7194219 2.1793475 1.499593 35.62011 1.4964752 25.201746076789455 
Car -1 -1 0 617.5190175147762 172.86704633272902 655.2804834238866 200.87505158179317 1.5051237 1.5779188 3.8249922 1.4690424 1.5058966 40.765797 1.4579241 13.65001128916977 
Car -1 -1 0 403.9987608380926 174.73765195742797 524.7982654916276 219.06119296630433 1.4985466 1.632299 4.0539823 -5.2354136 1.570321 26.007198 -0.3651843 25.703702823688474 
Car -1 -1 0 317.0031000087718 178.11477321619648 490.01104821702467 245.9731713968027 1.4660538 1.6007369 3.736468 -4.97324 1.6071059 17.602388 -0.62628996 36.824937617767766 
Car -1 -1 0 5.540485491654956 180.40852158181207 405.1206030743676 334.99433245976684 1.4745154 1.6194688 3.987984 -4.747886 1.5863634 8.871067 -0.61482763 62.003107603063455 
Car -1 -1 0 357.51432308717466 176.34841407117665 513.6820015062948 233.52809355416156 1.4753804 1.6359823 4.0224676 -4.925994 1.5838139 20.612234 -0.5727915 22.136737679302147 
Car -1 -1 0 427.43017845276586 166.74386676149055 520.35417684796 206.96230550852715 1.656454 1.6267247 3.6265259 -5.881239 1.4047992 31.377651 -0.5670848 9.830112369283071 
Car -1 -1 0 705.5891119823025 141.5595418314663 846.4715020302365 271.551359581949 2.120834 1.7860754 4.547043 3.0210538 1.6102607 14.06409 1.592189 0.8561538123670767 
Car -1 -1 0 618.5371948502541 172.30933324908113 648.1749662705638 196.8092598241258 1.4906468 1.5713863 3.437643 1.4716196 1.4575075 45.661385 1.5135932 0.5797257040396393 

