Car -1 -1 0 725.7927296955154 178.2698392048043 782.73464827229 219.38207317560344 1.4493648 1.5654333 3.3865032 5.4671454 1.6693411 27.597157 1.5923365 69.18368035666798 
Car -1 -1 0 367.3172922222525 184.28214304812727 441.9982003819014 226.89478103321198 1.4619628 1.6594362 4.060547 -7.8189178 1.9362888 27.900146 1.5919201 39.781096495417714 
Car -1 -1 0 501.7159071624629 179.9991360884292 530.343987190671 201.49681011336955 1.5047532 1.6040312 3.9673142 -6.936238 2.0573235 53.813034 1.5752754 4.785998096941532 
Car -1 -1 0 1083.2884272662266 142.85392478056357 1165.3431126508594 169.86748042224957 1.6019301 1.6462522 3.8928761 31.296844 -0.18567032 43.92574 -0.056545466 12.921271399684526 
Car -1 -1 0 434.68793122604103 182.30638675839285 476.9244287315737 206.13443867799614 1.5219002 1.6872759 4.2668953 -10.600579 2.206099 50.028507 1.658425 3.046011715904272 
Car -1 -1 0 613.9009882288848 175.54951542007714 634.8521113815847 192.27127307300503 1.5382371 1.6679558 4.1208963 1.3912306 1.804497 69.16357 1.507319 3.2528105337899333 
Car -1 -1 0 980.92447840607 196.70126109788143 1071.1777462804175 225.35240326930236 1.440621 1.5971855 3.8922563 22.143734 2.7382016 38.447124 -0.007566997 2.39542855845867 
Car -1 -1 0 471.3434781339511 181.34505331142176 509.4907761966161 199.45193917322533 1.4576871 1.550776 4.0685472 -10.242483 2.2164304 62.30079 1.8855965 0.6535150716784658 
Car -1 -1 0 1146.9552239298705 142.2696478687752 1203.9429599672826 164.32678557390693 1.5397671 1.5708609 3.4740229 41.882168 -0.65296006 53.49049 1.6014562 2.2202096865140524 

