Car -1 -1 0 618.5021288052237 166.67467890561863 734.840378679998 205.82888171175614 1.4844625 1.6894534 4.4213767 2.6165657 1.2501843 28.380512 0.08280673 80.04213263591078 
Car -1 -1 0 758.9696798470661 160.79443292727385 880.5330348346002 199.3555623046039 1.4694192 1.6680151 4.294774 8.186674 1.0098745 28.35009 0.009798406 89.07967401666187 
Car -1 -1 0 547.4426785219113 167.37030639039486 612.6056104528573 196.9482480991996 1.4516771 1.548884 3.5019314 -1.4820583 1.1825387 37.2895 2.1866708 43.40842213633324 
Car -1 -1 0 1139.8495876352467 146.00020607652573 1242.0 187.09431636206284 1.4989451 1.5934715 3.643034 22.363688 0.5194284 27.184444 -0.03818832 32.973076693091876 
Car -1 -1 0 885.0642706416797 152.43324624790986 1014.8034645721189 194.7901837682378 1.5906422 1.6877768 4.2398067 13.1240225 0.82377565 27.974894 -0.016514465 93.90794467009886 
Car -1 -1 0 598.194312648809 165.87270120713197 666.6006854491342 194.87320799410162 1.4164833 1.5996287 3.93496 1.2338963 1.0754927 37.30406 2.1993809 37.0955838439771 
Car -1 -1 0 718.0947336527604 157.31769463140895 781.0056550446383 187.97688693703034 1.4679513 1.6044204 4.2088475 7.1835146 0.7240783 36.736694 2.1709762 16.501103238371293 
Car -1 -1 0 299.3151412174815 179.3334402795083 388.8339352598747 210.3586723831286 1.4370728 1.5882655 3.71732 -12.731418 1.7570091 34.714962 0.0646469 22.182209756983614 
Car -1 -1 0 1001.3546323328919 154.0012845288478 1134.016767294064 193.63892974628698 1.4734321 1.6258526 4.084495 17.508934 0.77262855 27.686245 -0.025559146 9.93797542376221 
Car -1 -1 0 885.8346941134298 153.20098849489142 937.4285664926327 181.9730528174078 1.4241987 1.6375487 4.029297 15.8792095 0.45138708 37.830322 2.1922755 3.3518250071595417 
Car -1 -1 0 928.093798535415 150.81901895470727 1028.1005929233595 185.86426946141935 1.5121282 1.6018393 3.9025984 16.553944 0.56136537 32.610435 0.38665542 2.182255403288648 

