Car -1 -1 0 820.851228164221 194.85877268689765 1062.6905342609352 336.9752351874961 1.4235282 1.5401175 3.4374132 4.0893784 1.7662143 9.500814 1.547905 98.97204813727244 
Car -1 -1 0 748.065735152152 185.6996977808079 871.746109136072 272.3120640139815 1.5110512 1.5831369 3.4075491 3.9635577 1.8049041 14.799816 1.5682425 83.44452049790713 
Car -1 -1 0 671.2611499775733 176.28332230568498 715.160963981606 211.34808397067533 1.6598086 1.707579 4.2178473 4.18913 1.8442221 36.6847 1.56197 65.1348235477657 
Car -1 -1 0 456.49076943360654 181.89481545724618 535.1855803934042 243.07127187345725 1.4339764 1.5448834 3.5425773 -2.930998 1.6968952 19.210106 1.5683525 40.69892160118424 
Car -1 -1 0 305.2721771128191 174.73904729267193 362.38157000256024 203.94114134942183 1.4923623 1.6497488 4.270848 -14.941954 1.6007714 39.324966 1.5252163 18.398080917826146 
Car -1 -1 0 495.33343135050495 175.16668752489062 555.5824365003807 225.54561050700548 1.6327037 1.6201555 3.994289 -2.8981586 1.7211148 25.575884 1.5839527 29.55373852882288 
Car -1 -1 0 0.0 138.83127027482004 410.6945562478635 375.0 1.7348039 1.6544546 4.068693 -3.0943642 1.5375595 6.221127 1.5662788 129.51487248032788 
Car -1 -1 0 838.5463810135128 181.35068162835967 951.3452599120886 221.04812457134415 1.6025764 1.6733711 4.0836935 11.943897 1.9702067 30.358046 -0.011995736 26.256978715198212 
Car -1 -1 0 709.6619062782845 185.85079682651477 803.7024291743651 244.55489458828248 1.425595 1.5869383 3.9975827 4.05057 1.831525 20.48339 1.4960605 19.459303061917396 
Car -1 -1 0 980.4281256205091 189.9067416220762 1171.641096352345 268.00491238399434 1.4479618 1.6042521 4.095125 10.301472 1.8832436 16.34925 1.543826 7.18528336146097 
Car -1 -1 0 542.1106653495638 173.50353948147367 571.8099451767184 204.43009821831964 1.7944275 1.6251233 3.8080273 -3.158495 1.8356528 43.870636 1.5446897 5.511834431653034 
Car -1 -1 0 523.3309674250345 178.3829264493897 561.036286189226 215.4504231030327 1.5252668 1.5807757 4.0772934 -3.0006099 1.7896876 32.411476 1.4895226 2.337189278450383 
Car -1 -1 0 249.4922677787635 174.37762016201427 318.58679960496164 208.45039145916743 1.4868225 1.5212526 3.8216856 -15.055479 1.5617707 33.5751 1.561199 1.5556238084573217 
Car -1 -1 0 341.1672336190741 146.87545973397334 515.5425491967414 285.75321023682767 2.0888665 1.8429604 4.670407 -3.0444257 1.698122 13.225811 1.6143742 30.944521463213036 
Car -1 -1 0 792.9154291743088 178.83187473764346 873.7300479680874 207.09364917457987 1.5162292 1.6236668 3.9660745 12.382971 1.8558667 40.051865 -0.06705335 5.224411845439453 
Car -1 -1 0 534.4504716482413 178.59420387693524 568.9685017012661 208.48501681028628 1.5096835 1.578992 3.4416068 -3.071673 1.8322502 38.82495 1.5715332 2.496825514630341 
Car -1 -1 0 40.06380543278647 166.02789212643486 170.75764457690823 214.92770630202824 1.4150684 1.5521493 3.6498175 -15.701513 1.2175336 22.708126 1.5750396 0.49741846682355234 

