Car -1 -1 0 735.5662291318237 182.36502681938654 963.105603558557 345.9298038225699 1.4883503 1.5434048 3.3937478 2.5439267 1.6222546 8.4607315 1.5718621 104.28785351846598 
Car -1 -1 0 208.85960512898507 188.96046942666317 316.0670929641841 242.55478530607468 1.5525867 1.69174 4.095646 -11.491473 2.1390214 24.207058 1.5511377 80.64852644736118 
Car -1 -1 0 401.9207974855725 184.0477529073968 546.1206559310888 238.5585894490715 1.4612437 1.598328 3.7740943 -3.8329394 1.7980549 20.727962 0.099434614 80.97226560888112 
Car -1 -1 0 650.0022408665469 177.8317771954754 709.9648687668034 225.85585490030186 1.4976339 1.574585 3.6427507 2.3395872 1.6810184 24.733185 1.534513 16.84990390352919 
Car -1 -1 0 296.4227567573014 185.2986766839577 441.19915641692893 266.1542800881541 1.4446862 1.6063212 3.661843 -5.2138777 1.7426717 15.377025 0.8409778 83.48013430946276 
Car -1 -1 0 629.1822870257893 178.12193784506837 668.8758974569041 210.80223701831915 1.4964583 1.5796068 3.456603 1.8889387 1.7676597 35.377846 1.5173438 15.944598878986753 
Car -1 -1 0 284.2389830085171 187.07180588253408 360.61389715380994 228.4499636571468 1.4762893 1.5339483 3.7167954 -11.401848 2.082548 28.89738 1.5856354 5.310689451406376 
Car -1 -1 0 489.30214815825167 179.71086859635582 558.2740712627774 211.3755843076929 1.4847491 1.62284 4.1179266 -4.438527 1.8554456 36.88086 0.91554856 4.957545980863368 
Car -1 -1 0 662.168732296402 153.30722621932316 759.9778605831101 241.13093673602341 2.0633564 1.8584248 4.702826 2.5607672 1.6041186 19.323767 1.5482719 18.521742582956975 

