Car -1 -1 0 835.7981573652922 173.3973940521883 915.3224031413281 210.65326424623316 1.4144036 1.6928291 4.152978 10.775314 1.4382179 29.537695 1.5617943 60.0062084509369 
Car -1 -1 0 986.3813401626472 167.90868039737956 1155.384427015803 241.75603415263396 1.6028132 1.6111356 3.8599782 11.030153 1.4954779 17.602976 1.5550612 82.54812037452973 
Car -1 -1 0 798.7297739635434 172.28107505245524 849.5709366759052 203.48027816374827 1.4886057 1.6112666 3.837274 10.752634 1.4612696 36.38668 1.6257542 40.32656188525503 
Car -1 -1 0 482.3073236457409 177.424133457042 551.4843528299608 226.0225003398593 1.4353558 1.6836338 4.1396217 -2.9561992 1.5992112 23.786118 1.5874982 50.31804865068733 
Car -1 -1 0 1052.4091828100372 171.37578246612048 1178.1568481467928 221.58481755510414 1.4921415 1.5337708 3.6518147 16.156496 1.4482108 23.279476 1.584704 10.489584546225268 
Car -1 -1 0 965.2958087217966 172.16979641499879 1065.7806750318912 212.787737256946 1.4903145 1.5950227 3.9292169 15.890555 1.4652102 28.47931 1.5159979 9.411788049901707 
Car -1 -1 0 557.8373937221135 173.5835377278611 580.6761865577886 191.38514143330855 1.4544239 1.6418701 4.1157365 -3.3855944 1.5183876 61.19164 1.587045 5.428645034363157 
Car -1 -1 0 879.6044171860528 168.38971024292283 937.0408390824254 199.34148486773168 1.5864785 1.6093827 3.3964813 15.957758 1.3576546 38.700615 1.5466894 17.263653205916473 
Car -1 -1 0 915.9562153471252 172.86552403779777 991.7953804785932 207.06297089699567 1.5103753 1.5957345 3.9832304 16.0619 1.5109482 33.876286 1.5506687 0.2904427647590637 

