Car -1 -1 0 802.1040664596726 180.76391158095186 991.0565741273789 302.5187933341531 1.4271666 1.5509567 3.3974829 3.9193196 1.5605636 10.426188 1.6308417 111.18223002382439 
Car -1 -1 0 758.6241048864237 177.19172188261163 897.28040184387 261.5597499055505 1.475771 1.6241341 4.3074107 4.334304 1.5789895 15.006504 1.5823087 88.10193709286348 
Car -1 -1 0 224.71322053987282 180.68768487993427 305.9164951925967 212.54637436855376 1.674221 1.6435046 4.1043925 -19.576023 2.1456566 41.21342 1.9880471 23.97286137290338 
Car -1 -1 0 106.35286997695212 186.76470660506527 217.69841219078796 222.5401911905521 1.5466657 1.7750446 4.567088 -21.90299 2.2791593 35.545807 1.9024782 43.57901515288948 
Car -1 -1 0 390.51965943985516 182.94354917120023 459.8819207056772 205.37501167132245 1.4721491 1.676267 4.450534 -12.9653 2.2081015 50.810604 -0.511341 22.453927109125917 
Car -1 -1 0 303.4933355903519 183.54074229096253 373.7061887371224 207.3913725175598 1.3997655 1.6359584 4.124696 -17.397038 2.1209955 46.503082 2.1026764 34.521786068507964 
Car -1 -1 0 560.8445612994501 175.86987025447382 615.4919872321386 198.41924222905868 1.5236077 1.5780039 3.5849013 -1.5184929 1.7428788 50.824974 0.5732377 36.297980956321695 
Car -1 -1 0 694.2070576045822 174.86010650937604 749.3145980008148 214.8681762834668 1.5965058 1.5983095 3.89885 4.7436776 1.6881394 30.974785 1.5260407 12.391493033098179 
Car -1 -1 0 465.48487058817796 181.5263965895671 490.6019459754495 201.0317875380454 1.6059806 1.698338 4.100192 -11.5145855 2.3929076 63.373055 1.5087779 9.70018025360174 
Car -1 -1 0 0.0 189.1956237906923 57.559453731060735 219.19696464111507 1.4763334 1.5142068 3.4498868 -32.532333 2.4122765 39.44152 1.9680308 8.570542763582047 
Car -1 -1 0 608.5757641967718 172.90924956297502 632.7096013909268 191.42797655409188 1.6278989 1.655339 3.8033094 0.97533965 1.6330614 65.431885 1.4409356 3.4329320231130054 
Car -1 -1 0 19.947788284036204 190.11247027082482 98.90824076057683 223.32791611127567 1.4957532 1.61745 4.0496173 -27.400745 2.3951077 35.919342 0.5001333 1.3401079953637058 

