Car -1 -1 0 786.9191695300951 174.4015721401804 952.6607324630255 226.23579796352738 1.5588889 1.7304403 4.5805345 8.078062 1.609435 22.660292 -0.017991219 108.66101946365725 
Car -1 -1 0 918.2581872642686 174.39041015204805 1060.679126302831 216.58191841610954 1.4471271 1.647359 4.1973615 13.488717 1.5041625 25.802498 0.07710097 64.89024984089359 
Car -1 -1 0 412.3832781985646 177.2659686306803 452.7233018436962 204.1565891575344 1.5214806 1.7468294 4.30954 -10.67749 1.8027706 43.778557 1.4817004 16.22114333643695 
Car -1 -1 0 481.3112028160552 176.23546038654206 548.3994122629189 207.89288804584322 1.5056823 1.6269479 4.103515 -4.7809625 1.6894072 36.996223 1.9458112 58.10131191177394 
Car -1 -1 0 743.4843032136731 175.2334114052927 812.6573707672765 201.5975366303921 1.4213537 1.5411565 3.4933171 9.526797 1.5617518 40.889374 0.66628325 48.23341112633544 
Car -1 -1 0 1095.66855590306 171.75186456316214 1230.811950435121 209.07396576055783 1.4255071 1.616513 4.025995 21.756685 1.3834112 28.462873 0.04801652 32.34740039370187 
Car -1 -1 0 584.2792818618482 175.89308551440422 600.8166072129428 190.74831553175935 1.5395107 1.6386776 3.8675702 -1.8054926 1.8741866 77.51497 1.5830394 3.620059391500355 
Car -1 -1 0 973.9002566818432 166.45440885201208 1105.6009626054035 209.96175654626146 1.6686983 1.6935157 4.180126 17.03524 1.4232457 28.734669 0.10468486 4.199017284282673 
Car -1 -1 0 642.5176599159455 171.17697290404828 707.0397797364486 201.44902315491788 1.850698 1.6888784 4.2051725 4.133356 1.7481718 46.283836 0.9004923 2.0226484147706367 
Car -1 -1 0 876.3947158961494 166.92395269319346 947.2937179571636 191.05703731521277 1.5115654 1.6285162 4.022311 19.758629 1.1401392 47.296482 0.93794733 1.2910486623389545 

