Car -1 -1 0 0.0 181.99023053320033 346.4061741642503 317.81766653318675 1.4641914 1.733751 4.475906 -5.849279 1.6266291 10.462462 1.772194 128.3549703307157 
Car -1 -1 0 431.9783589226392 176.11062794012878 558.8872812385072 219.20619520125766 1.5604142 1.7131288 4.4645452 -4.27584 1.6888785 27.376179 0.10527204 93.57217526956114 
Car -1 -1 0 840.8885380081462 174.0275427355032 947.6898490668552 211.8456312929521 1.473314 1.5957265 3.6667185 11.381209 1.5218387 28.998186 0.021257766 85.12442368225163 
Car -1 -1 0 948.2365871868041 173.432926050336 1050.7430110126866 205.1974219489766 1.4801526 1.6618901 4.227955 18.92331 1.5096462 35.218685 0.3708205 38.81775013252492 
Car -1 -1 0 409.52660286540726 177.00531910771008 453.0376185617942 203.45435297506887 1.4854355 1.73968 4.1283784 -10.630061 1.7465032 43.278763 1.530859 16.82361510914182 
Car -1 -1 0 50.656028283733214 184.19040544409074 180.00480745807127 223.37311767704853 1.473115 1.6423961 4.123525 -19.581371 1.9390073 28.673431 0.078131884 93.77305658755536 
Car -1 -1 0 542.5420540941692 168.83994344421157 649.8790922435138 213.22270284888467 1.8032902 1.7543936 4.365619 -0.5095868 1.6401973 30.36399 0.07942017 67.38652890247931 
Car -1 -1 0 354.7721698124527 177.73724525978588 399.6473773984762 201.53869459259178 1.7748525 1.7999678 4.653474 -18.336626 2.1778169 57.16111 1.6355217 5.427456457114598 
Car -1 -1 0 264.0826965931207 177.86759153288628 332.69419112091396 206.61477915795408 1.785844 1.6508167 4.0523643 -20.530827 2.1328855 47.76458 2.0402312 12.195926695964001 
Car -1 -1 0 882.3025979408803 163.66280418855555 954.0695176906298 188.59285933639475 1.5587873 1.6275358 4.064471 20.147953 0.98409444 47.240616 0.948145 1.367860906051723 

