Car -1 -1 0 699.1387748208093 178.83464379130245 813.3903612196286 265.5374794923254 1.4524593 1.5680934 3.6241722 2.7356029 1.5850129 14.165637 1.5894097 95.53735110645243 
Car -1 -1 0 766.0166769037213 175.0981120854262 1006.266774326507 331.62445942900655 1.512149 1.5766126 3.4351733 3.0660307 1.5446965 8.742382 1.5645763 104.8156848979224 
Car -1 -1 0 359.3464050369277 190.0726523312638 478.7747812384788 230.17519543199467 1.4440111 1.641777 4.1327252 -7.2661657 2.1285303 27.738766 0.0611447 101.21090725657895 
Car -1 -1 0 675.7721200743475 169.22812022659528 720.2536133782611 214.89467416790126 1.6771674 1.6269466 3.5668113 3.4424143 1.5440018 28.35801 1.6753082 74.02224091550795 
Car -1 -1 0 420.730437039499 181.4771942204627 518.4250368896965 216.59974850970465 1.6310395 1.7098792 4.359068 -6.7438765 2.0614123 35.00589 0.06994446 53.40959007530855 
Car -1 -1 0 605.030086116219 175.40538336173 642.3871226873088 207.75431826217678 1.5286578 1.6436983 3.6658604 0.7571502 1.6636891 36.291393 1.6554759 22.86099370231726 
Car -1 -1 0 663.7943659503259 176.56684331208334 697.7322798608735 206.51487999321566 1.4488933 1.5908738 3.7292476 3.6348307 1.6505758 37.28752 1.6273508 9.671119895004598 
Car -1 -1 0 472.2583514868845 180.72817632077545 538.5270781129558 206.48982347978634 1.5467613 1.5935448 3.798266 -6.4755917 2.0495903 45.021347 0.14035992 2.064607483106811 
Car -1 -1 0 449.91410745199266 181.0181372643752 526.3925450381919 210.29221891908495 1.5741645 1.6220057 3.947144 -6.728671 2.039456 40.21396 0.049683414 0.5603197498541296 

