Car -1 -1 0 681.4268707882454 182.4718710427458 803.993625628737 263.3482065558006 1.4240124 1.6312226 4.3816795 2.670298 1.6597657 15.460079 1.5244647 121.37789241862623 
Car -1 -1 0 143.6833095227068 190.98469291270615 418.5119271565118 357.0693282508048 1.4610035 1.6527535 4.0416875 -3.635921 1.734763 8.8447075 1.5338914 107.86743089127584 
Car -1 -1 0 382.22385894083914 172.02448148752123 498.117247402383 257.5390337412469 1.7429093 1.6835058 4.260859 -3.782886 1.7260025 16.841 1.5762944 105.45869662433887 
Car -1 -1 0 484.6305622532474 181.3093547350094 539.4765934918893 222.39553226397848 1.4665117 1.6582541 4.0894437 -3.793729 1.8262956 28.650446 1.562257 57.27640984439179 
Car -1 -1 0 667.5678757422043 178.50199214326733 729.943319172023 229.1413025610912 1.4742749 1.5914698 3.8049586 2.803229 1.671977 23.344753 1.582875 24.521453514514977 
Car -1 -1 0 741.4582519275122 175.79928067994783 836.09356138073 212.62407055949058 1.6063054 1.6587762 3.9373038 8.0374975 1.7434967 32.62055 0.08247694 33.78103777422963 
Car -1 -1 0 643.4579810133897 177.7596506951654 672.7746258609301 203.79238818252497 1.5199125 1.5594772 4.0244126 2.9806402 1.8388638 44.898952 1.5723333 7.4052991619348685 
Car -1 -1 0 543.100093719759 178.57476566006125 577.6723769342434 201.16341141126577 1.5068276 1.5776585 3.9064875 -3.5347612 1.9301786 51.295593 1.2653501 1.1640094303140627 
Car -1 -1 0 529.3368323670093 178.39585160670268 569.8133741614648 209.15209172309324 1.5613673 1.595039 3.9889753 -3.2227547 1.879847 39.416634 1.6460612 0.6317395060237276 

