Car -1 -1 0 332.58266160369305 183.58187726571197 509.8087316840271 303.76616516347826 1.4304914 1.610636 4.2788305 -2.6375732 1.6274841 11.109722 1.5710915 99.46282832699474 
Car -1 -1 0 144.05762931255242 170.58690711780903 251.3326211013875 215.98982368957465 1.5445426 1.6404138 3.9412134 -14.998923 1.4674191 26.530987 1.5891162 56.53101249014144 
Car -1 -1 0 748.9332165130935 174.5307743488091 901.7249962814832 267.4620240366013 1.6642506 1.7647787 4.4886127 4.333559 1.7050288 15.275494 1.5381432 122.73222056455359 
Car -1 -1 0 442.0058765749751 178.66691238571428 532.9820500843857 248.49284590116537 1.4784268 1.5800208 3.518905 -2.8214197 1.6322556 17.33238 1.5738908 69.00485573074461 
Car -1 -1 0 259.542547078087 174.41778645328043 348.77913523929703 217.6135488911055 1.4747598 1.6864865 4.2990913 -11.283857 1.5379689 26.978767 1.5245465 46.501799733425656 
Car -1 -1 0 1008.9539115669058 190.61753717238557 1204.582958018744 258.18133002522615 1.5950661 1.6590647 4.006471 12.703877 2.076755 18.563513 -0.08792335 87.49259953543923 
Car -1 -1 0 479.4372870238222 167.04780823033963 548.7674724846204 232.1924842811565 1.8406398 1.624506 3.9196386 -2.862391 1.6765878 22.347542 1.5719415 69.4204521647127 
Car -1 -1 0 521.4395959445261 174.22958415017638 569.9013386502987 215.6617660276033 1.6258367 1.6133531 3.5975187 -2.6194732 1.6869919 30.25635 1.6000606 22.33012410037882 
Car -1 -1 0 667.2818443432402 179.99543767798082 706.0362898458449 208.65856409686614 1.4987115 1.5635922 3.655323 4.2838507 1.9184719 40.535973 1.5056194 23.56598793450176 
Car -1 -1 0 732.4417024507015 179.38628962943488 771.1341603677832 207.7375482274245 1.5197496 1.6082973 3.9769282 8.1518955 1.9149384 41.630188 1.6138674 20.83582088535867 
Car -1 -1 0 241.27391035794093 171.91891498325313 321.09617938903824 206.7275161115348 1.4814334 1.5591707 4.037909 -14.808958 1.4416366 32.77775 1.6423633 4.495595310085465 
Car -1 -1 0 374.64861223894223 174.5789166378141 412.78132951790946 197.3994381403244 1.5157781 1.5609264 3.8844175 -14.959243 1.6404183 50.17962 1.5501955 5.77046057866689 
Car -1 -1 0 948.9497402044638 185.63529350037396 1080.7584510127163 233.07045477111208 1.5163989 1.5839746 3.5814345 13.627702 1.963382 24.379707 -0.034722097 17.890490101380035 
Car -1 -1 0 563.6669263537626 175.00120080537846 584.7031893597091 193.3806527290568 1.5015182 1.5790277 3.7750025 -3.0346038 1.6899607 61.363956 1.4660637 0.6814656340867249 
Car -1 -1 0 428.83839167853154 170.30633599039206 467.8870884659412 194.69635714307893 1.7120284 1.7754989 4.3730254 -11.75026 1.5331979 52.857536 1.598251 7.2091255851137745 
Car -1 -1 0 330.8198905632946 173.02945344161984 377.51672106764806 199.71547885859647 1.5513135 1.5963738 4.0199833 -15.513982 1.5625144 44.017597 1.5224463 3.7803752546562692 
Car -1 -1 0 643.888313628452 177.38665480793497 684.0489934564434 204.39043119059093 1.569588 1.5480219 3.7089517 3.3142328 1.8619266 44.568184 1.378462 0.9120574029215099 

