Car -1 -1 0 257.5919612170579 192.09494489670334 384.1164027022554 233.30620833161862 1.4163389 1.6668329 4.4466295 -11.181068 2.2088995 28.042912 -0.42631888 69.95042209801771 
Car -1 -1 0 423.49909320706246 184.70198657710645 476.08398690254387 213.03150690074725 1.4364396 1.7460797 4.446032 -8.945757 2.1429896 40.757023 1.6311238 49.461377557959324 
Car -1 -1 0 1005.6795451878903 156.00191549399273 1139.480809161059 203.70452518685732 1.5556087 1.5857203 3.4871292 15.553509 1.0060527 24.35697 0.019798074 56.69999378537696 
Car -1 -1 0 55.41328493701782 194.3150512180257 220.91147599266452 245.85433996189713 1.431101 1.6778442 4.324701 -15.635895 2.2165222 24.157337 2.1875944 63.491975510355076 
Car -1 -1 0 455.9469217117253 181.82353442882717 550.8720010000542 221.5177822160448 1.5548636 1.6201382 3.7627735 -4.513841 1.9552519 30.599518 0.49692923 76.5083072372532 
Car -1 -1 0 1069.6120401068076 155.78921217871624 1242.0 208.96540848965273 1.5175414 1.6498762 4.0981607 16.338522 1.0305467 21.546154 0.0643121 36.9889160916962 
Car -1 -1 0 652.6536912900629 174.47327585035544 687.997584839109 203.48279066507166 1.6049165 1.6266375 4.120245 3.5064964 1.7043531 42.229332 1.546819 16.07621847309918 
Car -1 -1 0 167.91653162146926 192.2516218072073 280.3572280515356 234.99116934194458 1.5012231 1.5981045 3.6913345 -15.345619 2.3249664 28.81926 -0.7246434 26.83663824418229 
Car -1 -1 0 246.78248934328863 185.85627396381184 289.9711275270704 214.38780366213436 1.4189198 1.554887 3.8492026 -18.833248 2.171852 39.75635 0.9682511 5.60329513808438 
Car -1 -1 0 13.147718774006453 194.02286219689725 144.45967598127572 241.78502737535908 1.447661 1.5643775 3.4129403 -18.545273 2.244146 25.31938 2.2283638 10.225553421391364 

