Car -1 -1 0 671.3634377373313 180.8434794205449 755.1016654471664 247.76517089977864 1.519798 1.5715644 3.332261 2.5598931 1.74312 18.479004 1.5401483 85.44986316328212 
Car -1 -1 0 764.8479930910592 184.44961882243308 1156.9882845600573 375.0 1.5097479 1.624348 3.786635 2.6326292 1.6441112 6.456503 1.5571045 110.3002466290238 
Car -1 -1 0 210.93290534080535 181.842583408822 433.57922577868817 267.9216473661062 1.457027 1.6067102 3.8498657 -5.639477 1.6572566 14.325554 -0.5977906 139.82444110819998 
Car -1 -1 0 654.8843361505211 178.78798476931996 719.8667028119006 231.89358798092852 1.5604203 1.6067363 3.7274053 2.452799 1.7692971 23.510622 1.5399495 29.192258646183202 
Car -1 -1 0 642.9403515154135 175.93133545602853 691.3078410644428 219.92726976537892 1.6586732 1.6324885 4.1952972 2.2911026 1.7938654 29.597334 1.5666513 37.76709667320858 
Car -1 -1 0 329.6660886547433 179.38455744824745 484.15154678258335 238.56542906885622 1.4807098 1.6133999 3.8606412 -5.6123924 1.6775668 20.085192 -0.524431 77.47478618375206 
Car -1 -1 0 395.56050515751673 172.348900861871 515.3438053917969 223.63722579914705 1.7086419 1.6681882 3.844448 -5.479485 1.6918147 25.804771 -0.59408313 38.62130257849627 
Car -1 -1 0 456.5822234610919 173.80496245354755 538.3639696072306 205.31372537498285 1.619725 1.6700666 4.0316563 -6.0332847 1.673403 38.96284 -0.54977953 10.802113912415848 
Car -1 -1 0 489.94367417070004 177.8057456070429 555.1681703747086 202.94513406000053 1.4951468 1.6021346 3.7464294 -5.444698 1.8177435 45.29673 -0.5920659 5.054030007378249 
Car -1 -1 0 635.7510896524229 179.7178807459104 668.8440525918766 210.04794735986778 1.535984 1.5386463 3.397591 2.2728314 1.9234893 39.02468 1.5556271 2.3689677942630323 
Car -1 -1 0 516.020198063823 180.23551489963535 568.2923498242045 201.37707521971754 1.4895064 1.5735269 3.5899959 -5.004171 2.0569403 53.749977 -0.6538663 2.119175733152714 

