Car -1 -1 0 698.8540263104674 176.8701492473341 799.9875315219376 255.43175996254476 1.5365419 1.6212826 3.7953374 3.010601 1.6375145 16.224361 1.5944225 94.57327664518266 
Car -1 -1 0 665.091350536918 179.01943000592524 723.5093916584307 223.8245779346726 1.4373813 1.5820541 4.1739798 2.9472961 1.6758142 25.813244 1.5663639 51.22992899280542 
Car -1 -1 0 28.597444504060526 166.38925466251897 402.46389959317423 320.6330324150254 1.6787267 1.6923674 4.0495443 -5.0244246 1.608367 9.621978 -0.5417435 71.80016211052157 
Car -1 -1 0 452.96774040355234 176.1930229686316 543.7613803531627 212.67238616753235 1.5700618 1.6137117 3.7201664 -5.006983 1.7268965 32.591724 0.28617674 22.270077827368684 
Car -1 -1 0 656.6120446139156 178.373203828269 702.9434096086087 215.62386933323495 1.4736661 1.5865977 4.168788 2.9743805 1.7286723 31.250328 1.5672183 14.94147778802972 
Car -1 -1 0 287.11195510703766 156.03138890241956 489.69709856737126 245.16867264961832 2.015551 1.8272538 4.6047106 -5.5470967 1.6351621 18.277046 -0.53632593 25.69123383894673 
Car -1 -1 0 425.7919046192674 179.63645395659495 532.073013706547 222.78326506662518 1.5093522 1.5911969 3.6756196 -4.915282 1.7780911 27.142405 -0.39883214 16.356200127116026 
Car -1 -1 0 495.0684484098058 176.9917238801705 568.3431806125927 207.0605640147682 1.5792583 1.6124297 3.6947398 -4.297554 1.8169941 39.891666 -0.47734246 9.11267209847879 
Car -1 -1 0 125.67460098844982 179.58337697263403 397.30330921308774 295.2305953504313 1.5741346 1.6304077 3.7723062 -5.575713 1.6994233 11.726799 -0.5724219 3.588864621970771 

