Car -1 -1 0 695.1215663339291 177.32539524955874 828.1884096049971 278.9086862942885 1.5314306 1.5924739 3.6509848 2.544118 1.6224942 12.866638 1.5675343 90.1297245852044 
Car -1 -1 0 753.5219908975137 183.42620487154846 1021.4382500482146 365.0122768496265 1.5081942 1.5699664 3.3301997 2.7278814 1.6482661 7.8744016 1.54431 110.02366373787532 
Car -1 -1 0 662.5128574791706 168.9845223122047 745.59907829315 243.88338909313632 1.752394 1.6681134 4.274626 2.368327 1.6618605 19.026491 1.5798985 82.53590836557649 
Car -1 -1 0 0.0 174.19311406772118 367.23887251211573 308.7151276610273 1.4583455 1.6299977 4.0653987 -5.481994 1.4792786 9.567667 -0.51571774 128.68699072561918 
Car -1 -1 0 263.0837405597473 159.51924543803682 458.71265236264895 248.55721969207423 1.6925731 1.6425216 3.6495283 -5.2676888 1.4390851 15.422726 -0.5985177 80.74074464467422 
Car -1 -1 0 400.6695937021256 167.3292111752663 520.0362389718266 214.42944926514244 1.7362382 1.7343087 4.282751 -5.857188 1.5325799 28.51984 -0.5978617 31.35157413044762 
Car -1 -1 0 441.7605001469894 174.46719904011363 535.5748495944931 206.40199733238128 1.4447116 1.6289898 4.1199646 -5.7662244 1.5257361 34.5275 -0.50718766 12.919314950884267 
Car -1 -1 0 489.3347647371961 174.74913387643159 559.1809255143584 201.8389078747416 1.5417162 1.6286696 3.8424582 -5.0731897 1.6596692 43.11181 -0.63640386 14.34810713514463 
Car -1 -1 0 650.960047165483 176.7721322767611 698.4844582302998 217.2718343165838 1.492352 1.5141519 3.2316668 2.5246203 1.656186 28.537127 1.5468447 6.757324755618778 

