Car -1 -1 0 430.269253984985 184.91439866682322 497.78098422456065 232.2934589386791 1.4968519 1.5810928 3.6358309 -5.072607 1.9548814 25.566463 1.5944257 56.575378175969604 
Car -1 -1 0 0.0 198.1381326971222 355.27258370951296 375.0 1.5033977 1.7061453 4.3227377 -4.847526 1.8917454 8.875273 1.6286472 129.44604002564785 
Car -1 -1 0 638.9764102396412 178.39132738368224 660.6362168020487 196.71854677587905 1.5257361 1.5507385 3.5498219 3.5426733 2.0241442 63.0721 1.7244577 4.357638866521012 
Car -1 -1 0 815.666800411877 166.97566575439052 910.0491611625611 198.45864266266273 1.4650145 1.6047153 3.9453907 12.028668 1.1914746 34.422142 0.022448355 7.0922745325551615 
Car -1 -1 0 869.5554539372157 165.30609316438458 983.137627829918 202.57752272721203 1.438452 1.5860047 3.900137 12.634621 1.1471483 28.875324 -0.12412226 0.4865918755531311 
Car -1 -1 0 874.4362633811286 167.35493524745283 980.2544147559877 213.85617770790674 1.3721665 1.5321594 3.5871658 10.072777 1.2098991 23.154263 1.4675163 5.5039610878370215 
Car -1 -1 0 1096.421520852648 154.33318009587268 1242.0 210.50521470849114 1.4420335 1.5732081 3.6898632 15.454838 0.96657187 19.442652 -0.073256865 9.040373032864188 
Car -1 -1 0 969.2663005213448 165.75409447381898 1103.8413554067115 222.3295032348214 1.3925059 1.5342275 3.4094155 11.376974 1.2177539 19.489239 1.5367459 0.7953410424058521 
Car -1 -1 0 906.8033915241944 154.5812600309365 996.171657258212 182.21815492420006 1.4999502 1.6370332 4.1752253 18.909681 0.50822496 40.014935 0.017334322 0.2651575803756714 

