Car -1 -1 0 733.2723564156977 190.1557027169021 957.7435228604537 339.1536336345259 1.4487234 1.60081 4.111874 2.8062348 1.727325 9.556542 1.5630734 131.07557853504196 
Car -1 -1 0 558.6712507163732 185.0533758995544 642.0789550998531 262.5338207841204 1.4684017 1.6474094 3.6490679 -0.17828113 1.77107 16.075489 1.5725492 64.19601267911546 
Car -1 -1 0 681.1894264603659 187.01016936739305 787.2129559228392 271.60694447483365 1.4629042 1.6044244 4.164184 2.4849374 1.8037944 15.277267 1.5909761 78.8105683452254 
Car -1 -1 0 123.63542805889853 198.57470306031158 430.4898066282852 375.0 1.4779668 1.6082175 3.6848905 -3.1411073 1.8175398 7.6719236 1.5561149 124.70721481576048 
Car -1 -1 0 446.0480747152902 187.39183325439836 531.2188886530707 238.6527390594062 1.409975 1.6970508 4.196516 -3.7763262 1.9218996 23.241463 1.6611156 95.20555124819415 
Car -1 -1 0 661.8639226979501 185.65024343540355 719.3136082596867 238.791247492643 1.5080445 1.6114044 3.4660718 2.6692193 1.9525216 23.21432 1.7487227 38.29565925215835 
Car -1 -1 0 311.5913015593071 188.8304717887135 385.27158308836374 217.07875413252737 1.4529653 1.5840337 3.7043765 -14.33306 2.361535 39.78117 -0.26668918 27.720110971936 
Car -1 -1 0 561.5364979538133 183.73481939178336 600.3774386166303 211.57217286757566 1.4982274 1.588393 3.6646426 -1.630636 2.1649714 42.27965 1.7279375 9.120051160148519 
Car -1 -1 0 593.3706261913236 179.68173491992297 645.5528684121981 231.84020239736532 1.6925504 1.6963854 4.292982 0.43495843 1.961059 26.181805 1.6308317 9.147699914062652 
Car -1 -1 0 200.34322932654712 194.41746919665368 288.3637569037268 224.07913669146706 1.4761128 1.6252797 3.9588153 -19.624298 2.6759303 38.919685 -0.2214439 19.65695155056724 
Car -1 -1 0 58.75748643266299 195.41776682884813 157.16420279658112 228.19810975794445 1.5636767 1.6190863 3.834921 -25.758152 2.7620692 37.165894 -0.1893434 11.674686627863636 
Car -1 -1 0 650.6181405289659 179.76268798435908 680.9259873537125 207.21607851350618 1.8023528 1.6206758 3.6988287 3.9566 2.3033605 50.34551 1.7848794 2.0161325379756474 
Car -1 -1 0 710.6019102477967 178.17342625291568 728.0670682286913 194.28171367866904 1.5164562 1.6620464 4.058097 10.860937 2.058982 71.46083 1.7170583 2.171112209285869 
Car -1 -1 0 130.2385601425113 192.4555940225032 205.7131546247278 215.9543895488271 1.4650662 1.6450115 4.1602225 -29.955627 2.8400044 49.077915 -0.37901527 3.2151701149409178 
Car -1 -1 0 486.0210982029251 184.8610834436355 540.4404040333208 210.17524340368857 1.592104 1.6147255 3.5631025 -6.519043 2.4406483 49.088387 2.2296758 2.1581706002160304 

