Car -1 -1 0 149.78229577970282 185.63704297720486 318.6614171854528 262.1625789333783 1.4228566 1.6501708 4.202694 -8.196326 1.7478023 16.23115 1.5596832 94.91247867679164 
Car -1 -1 0 713.598668760699 175.94610309649426 766.5467620225547 214.9961479106869 1.4857038 1.5707796 3.3504052 5.2559247 1.618887 29.397968 1.5771475 58.66119112271573 
Car -1 -1 0 373.8993551682529 179.18718936419975 428.06024071722334 209.97110639814707 1.5444245 1.6698239 4.215398 -11.250553 1.9070212 39.19102 1.5851843 19.082292461677845 
Car -1 -1 0 455.68665218378493 178.31072841409673 500.8296672613991 205.3775281270084 1.4749079 1.6541848 4.0634756 -7.6250253 1.810111 42.240555 1.6385264 23.57395165473327 
Car -1 -1 0 429.50776925513975 180.23896752580265 470.2822991721109 203.07121582207287 1.5128272 1.5773435 3.7376251 -11.246622 2.0553987 51.045387 1.7210648 6.407689028615043 
Car -1 -1 0 1132.46352364002 137.7763268159724 1229.8748587284954 168.15846968444052 1.5877469 1.658442 4.0412464 30.802895 -0.25957096 38.94284 -0.057536826 3.475756861506321 
Car -1 -1 0 487.24409678001643 177.54826368685664 516.8532944489937 198.53970678349913 1.4813994 1.499315 3.6142523 -7.947936 1.841995 53.584686 1.6190143 1.1103391427265903 
Car -1 -1 0 608.2940424539673 172.327980727153 629.0538003754782 190.8699645112283 1.585098 1.7174319 4.006923 0.77604425 1.5401299 63.699257 1.5545073 0.8699868326272465 
Car -1 -1 0 540.451000488224 173.90342405164589 566.7659322695893 189.453660334389 1.6194345 1.6770406 3.9356117 -5.9813495 1.7352767 77.53781 1.81013 0.2566507160663605 

