Car -1 -1 0 66.50953237389788 187.55175658603693 216.68500990147362 252.90495049366848 1.4507638 1.6153772 3.833179 -12.028753 1.8749387 18.861597 1.5103638 99.37839575726821 
Car -1 -1 0 683.8539083779489 174.08822688536884 761.8214165718874 249.76541117737636 1.6167784 1.6648927 3.9974532 2.7006779 1.6504121 17.572882 1.7006353 41.8601618152107 
Car -1 -1 0 797.2293902474713 184.0987154664578 897.1246802818765 225.42560305496104 1.3987379 1.5995716 4.0249724 9.028754 1.8530471 27.2922 -0.65427786 73.39952558185354 
Car -1 -1 0 985.5318345387952 183.56891385146 1086.2364699639154 216.2477341356693 1.5397378 1.657434 4.2642217 21.212175 2.0912113 35.954014 -0.1722977 15.432916753867623 
Car -1 -1 0 1105.127289853651 183.07599577117568 1242.0 224.13930837831347 1.4791038 1.6483791 4.2370143 21.393063 1.8769628 27.245378 -0.006628819 32.831407200244044 
Car -1 -1 0 632.9446540778234 181.23029458498084 656.2384787790457 201.02727868096238 1.5268083 1.5597258 3.9759169 2.8512807 2.2395358 59.375404 1.5283067 8.4640875962361 
Car -1 -1 0 647.322156771952 179.56213906411256 696.7142277331583 208.79183801091958 1.5737972 1.6074543 3.8449793 3.5681248 1.9822531 41.86631 1.2983522 5.804882699534882 
Car -1 -1 0 533.6657245608995 179.7325457249691 571.24391592045 201.82017562234014 1.4787302 1.6892093 4.2278757 -4.0588813 1.9949586 51.92226 1.7453648 3.5799663995281636 
Car -1 -1 0 734.3727821947928 175.88313557497938 826.1762071870943 211.6672965942975 1.6471953 1.6763709 4.002478 8.055147 1.7950472 34.29405 0.043381244 9.482279613476196 
Car -1 -1 0 425.6308427667558 183.1025809917331 452.8873357800164 199.89606525716007 1.5164766 1.5959886 4.1695957 -16.438065 2.5378463 69.81158 1.5859181 0.49317002296447754 
Car -1 -1 0 350.66113054039755 182.8405000786087 386.6565856901167 206.17643307054078 1.539275 1.5749147 3.5968091 -16.990814 2.2711568 51.02864 1.4981836 4.550852725040395 

