Car -1 -1 0 140.01046792857295 185.5669046357991 319.94931853891296 242.28475661113515 1.4521078 1.6754775 4.454223 -10.830132 1.8501761 20.910143 -0.4257491 71.76267020910844 
Car -1 -1 0 380.0167500855877 181.7302127727323 503.49488072909645 230.4830382824697 1.4692488 1.6078079 3.8135035 -5.558958 1.7819296 23.863972 0.45020625 86.06093122463389 
Car -1 -1 0 669.5428788763426 175.87512709064467 714.2597156854914 209.96396148491496 1.5293454 1.6070471 3.983633 3.9031758 1.6832132 34.73776 1.5466397 24.000995971029834 
Car -1 -1 0 657.2743590586457 176.34438704858792 691.0282131947935 205.74105485840013 1.5597075 1.5641026 4.0163 3.6028478 1.7666686 40.771904 1.5750005 8.071238454617887 
Car -1 -1 0 0.0 179.1577546766184 177.73297282329045 240.15487428331141 1.6044486 1.669333 4.1794105 -15.340591 1.8083553 21.36351 -0.6919358 48.29431353307446 
Car -1 -1 0 487.0455305668603 178.80211562413933 518.3787050797619 201.1332702333017 1.5123316 1.5542359 3.9164789 -7.64407 1.9565512 51.903538 1.6035962 6.673960216093556 
Car -1 -1 0 385.8636855982328 180.29878740666925 453.09583382170194 215.35200109442832 1.4796451 1.5655621 3.5793047 -8.666065 1.8416882 33.17858 1.7722964 4.236176331444674 
Car -1 -1 0 179.6223758752701 177.9084971217229 225.37292451097767 212.624197757711 1.4503185 1.5327033 3.850482 -18.446875 1.6946766 32.814262 1.1308734 1.2579039045193752 
Car -1 -1 0 0.0 178.49426980201252 131.18740558885443 231.74066612650003 1.5536838 1.596812 3.7321649 -17.748518 1.749603 23.250538 -0.6998362 0.44885894656181335 
Car -1 -1 0 806.2338562571849 141.26628827606643 834.6797129510386 160.33775016594845 1.5895169 1.6828707 3.8156602 18.866009 -1.1560147 64.6782 1.6433427 0.7995404250031517 

