Car -1 -1 0 744.7845202659272 186.6971743430425 888.1167075018898 271.4976792093806 1.3835577 1.5381609 3.3681028 3.885378 1.6878108 14.102003 1.4641213 93.22855942022004 
Car -1 -1 0 289.0795670090282 177.84227805104553 470.6649598773339 300.9708738202082 1.4638107 1.5746706 3.4763894 -3.1126752 1.5482934 10.469967 1.5553108 103.95036835366341 
Car -1 -1 0 718.3759077593153 182.8154488305618 809.8361362213244 247.44818909714903 1.4411995 1.5760164 3.520147 3.8278875 1.7194221 18.392101 1.5703768 49.52862958470295 
Car -1 -1 0 516.3255645954526 173.8393713551907 552.0733621834172 208.0576198761102 1.5582275 1.6290612 4.3278227 -3.624979 1.6093445 35.207916 1.490002 36.06167992061111 
Car -1 -1 0 237.43421246115994 167.56473155282103 310.38024125092744 203.06601038380694 1.5661114 1.6122618 3.542788 -15.562135 1.3327793 33.640965 1.6227777 28.550786768508956 
Car -1 -1 0 659.5416605862167 176.8359277495249 694.1120853645427 204.5609964299828 1.4846162 1.5440842 3.6320252 3.779026 1.720985 40.997143 1.5472591 9.025138841419231 
Car -1 -1 0 540.8919529756691 171.46624027926393 574.6603521205379 197.31158399923882 1.5940101 1.6053863 3.8704596 -3.293107 1.5084199 46.49375 1.6504341 8.516834914455535 
Car -1 -1 0 698.4810946827874 180.78240366725075 771.090579557316 231.93498088355148 1.4825385 1.5905309 3.5292735 3.9510453 1.757945 23.26654 1.5276425 13.225798356424972 
Car -1 -1 0 73.71971911607707 168.40034283514316 203.85957315836782 217.24364002085633 1.476773 1.5816345 4.134815 -15.401711 1.342117 23.89054 1.5803993 3.597025426396277 

