Car -1 -1 0 684.6659713398385 179.81761377634714 807.40041978297 267.9785881552487 1.4616979 1.6317551 3.980019 2.5323095 1.6188018 14.278654 1.5586908 72.80024395672245 
Car -1 -1 0 655.0017518280157 179.420197950787 732.9017925680794 240.85619258031778 1.5042543 1.6073236 3.9569387 2.2445235 1.7053001 20.093182 1.5442787 63.62147212857736 
Car -1 -1 0 336.4660447318065 180.05860134791024 456.5647630279027 225.82129101955843 1.5036517 1.5989109 3.7484105 -7.2951717 1.7627378 24.979979 -0.09151465 47.6391531046697 
Car -1 -1 0 512.4543134826739 178.21088789427057 546.3324107638075 208.60876034318727 1.4502741 1.6417322 3.6980832 -4.073248 1.7393066 37.01517 1.4803345 25.46904941258508 
Car -1 -1 0 120.6034563316301 187.28536688401493 377.9293404224006 270.33539557383864 1.455343 1.6266288 4.1245933 -6.770262 1.7515825 13.888106 -0.053903267 87.34477659121994 
Car -1 -1 0 637.4103522353981 177.28831790734608 699.6340930039106 225.34634161486082 1.5280445 1.6134224 3.6711884 1.981437 1.6944185 25.18132 1.4962895 37.26320721402623 
Car -1 -1 0 231.95107640970065 187.7833046792851 435.9964254520476 258.2905314774661 1.4867654 1.6209435 4.045185 -6.1959753 1.8464996 16.49016 0.04261566 42.5745768956533 
Car -1 -1 0 357.2836549953629 173.51549481019123 466.17910620034104 220.23811440839873 1.7296426 1.6554923 3.8553188 -7.5439796 1.7561165 27.809084 -0.1285093 37.66428595896364 
Car -1 -1 0 620.2656246148206 177.2761499560657 658.6125561060336 210.07834322772388 1.5037977 1.5548323 3.716355 1.4210999 1.732875 35.483242 1.5217285 6.773402553455733 
Car -1 -1 0 634.7334081681158 177.76560571601894 682.1395781852772 216.76163796799133 1.4566667 1.555003 3.5365732 1.9209121 1.6676584 29.20023 1.5343223 3.9756255714037017 
Car -1 -1 0 421.7966035339855 176.52433532733102 503.25291844122046 208.65541391907013 1.5852915 1.6303716 3.9012563 -7.442196 1.7773571 36.789085 -0.07997948 8.333314761637334 
Car -1 -1 0 612.8962478159582 176.37996968183396 644.204007787325 203.97390337900094 1.4946645 1.5747488 3.6507745 1.0508866 1.7060663 41.408344 1.5356251 2.246519228471414 
Car -1 -1 0 393.34776640214847 173.356499072476 485.33648946694416 207.66295001296257 1.5515261 1.6423854 4.0486617 -7.892771 1.5757875 33.75051 -0.13531715 1.091901364348126 

