Car -1 -1 0 441.24881586737143 176.7435258750194 539.3954474685473 249.6649296543576 1.5989574 1.6207331 3.8218808 -2.8449857 1.7064219 17.982555 1.6263162 96.79750833642059 
Car -1 -1 0 701.8445224945323 180.9867625503618 763.9664102149502 229.7419844053244 1.5088321 1.5712317 3.2871313 4.122168 1.8038929 24.528706 1.5778443 61.0498832211986 
Car -1 -1 0 493.8010142483905 172.24419460605813 557.3863658849338 225.9650750568981 1.7553259 1.6469276 3.971034 -2.8922 1.7354004 25.592415 1.6099405 65.37156926236004 
Car -1 -1 0 283.0739692577826 177.89141111457158 346.8850872490896 210.22938649231955 1.4972644 1.6179655 3.8709068 -14.592273 1.761809 35.95215 1.5649562 21.32926900558789 
Car -1 -1 0 332.2986352997317 177.08936939210042 384.1415068173256 204.78601216547756 1.5223163 1.571084 4.12918 -14.683235 1.7831545 42.364357 1.5804579 9.292586176728785 
Car -1 -1 0 759.5396817408088 177.27727465110374 827.4048882043315 200.02192344599226 1.5265156 1.6701576 4.234036 12.612281 1.8360718 49.629498 -0.0147832325 27.387193595739056 
Car -1 -1 0 372.50738790612286 175.11932189214272 416.55241408562176 200.10576488678862 1.5904073 1.5824981 4.007706 -14.345467 1.7485743 48.33755 1.6209629 8.48693838387687 
Car -1 -1 0 543.1586512512815 176.16061561301044 580.6974213529185 207.3969168670894 1.5799878 1.6071476 3.9028769 -2.5181189 1.7673483 38.90035 1.6131377 2.2271879525954206 
Car -1 -1 0 532.506686136888 175.6774469538352 581.0215304218249 213.5973960573792 1.5897667 1.6348469 4.021579 -2.321226 1.7254794 32.619377 1.6397238 2.2267786901284423 
Car -1 -1 0 556.5591758469718 176.43342826223764 582.9551233272393 201.91072694121354 1.4961215 1.5602113 3.6561158 -2.4344301 1.727298 44.74636 1.5360894 1.038266194712678 
Car -1 -1 0 659.4826415754492 172.8547613565208 696.3402206211175 192.87467033920825 1.4891326 1.5441461 3.4801836 5.292774 1.489193 55.564987 2.0839496 1.6866429989786988 
Car -1 -1 0 673.5920925027776 177.74422935041395 710.0974501306998 206.53131086900535 1.4666235 1.6444118 4.002539 4.4501038 1.7478436 39.47039 1.5978355 0.5910353501475277 
Car -1 -1 0 420.7291177960511 174.38675095052398 449.67829953644986 193.6139026234848 1.502111 1.6188428 3.9901161 -14.152351 1.631219 58.736275 1.5091987 0.61761285888936 
Car -1 -1 0 394.87940815531164 173.45415272399825 431.69946055751194 195.08570338851146 1.5459516 1.5737973 3.736299 -14.526002 1.592093 53.57305 1.6150137 0.30387401580810547 

