Car -1 -1 0 69.76325760066302 180.23216677406185 209.63564580639428 236.93565934148472 1.4292883 1.5701755 3.6778133 -13.177183 1.6578381 20.508713 1.5747775 103.73291105681723 
Car -1 -1 0 663.4661126473972 171.6226815825393 729.5631877433422 234.83975742876356 1.6276878 1.6918422 4.1645875 2.3986719 1.5959842 20.71652 1.6441033 62.77884491915694 
Car -1 -1 0 303.9743813934338 176.0136745609829 372.65953647564095 211.64412985040147 1.5222282 1.66882 3.969482 -12.37257 1.6761516 33.163963 1.5695794 37.520143983090115 
Car -1 -1 0 723.2080132093238 180.712934935524 794.6379096722742 216.43927274834684 1.4115043 1.565826 3.8728614 6.5580115 1.775747 31.419186 2.2077346 54.37109946694904 
Car -1 -1 0 547.8383488544054 175.15943938754052 571.5885297175083 194.7672459350941 1.5195214 1.6924934 4.5398903 -4.0201087 1.7144909 58.73658 1.5544094 4.688267375263768 
Car -1 -1 0 1020.6395053297363 181.7932385123747 1128.5575387938788 215.08807172480593 1.4851949 1.6199188 3.9418883 21.5533 1.91172 33.543823 0.037614197 6.7573984470973425 
Car -1 -1 0 1156.0556469974035 184.53071640065826 1242.0 217.35266757055882 1.4543513 1.5854205 3.7112677 27.780392 2.0087512 33.41475 0.027380731 15.773025199149913 
Car -1 -1 0 935.0412071476871 178.74273819542657 1017.088334712132 205.75222438108324 1.520155 1.6260839 4.070473 21.383265 1.873006 42.156933 -0.13384898 4.544741494873241 
Car -1 -1 0 630.2998100900622 176.313513927107 651.4059214859603 193.35378622072048 1.4859962 1.5144454 3.552941 2.8152144 1.8087528 65.48973 1.4986188 2.790083948999971 
Car -1 -1 0 173.15865902364834 174.30810030722267 232.37905793019888 206.08353357150017 1.8590788 1.6519319 3.6327336 -24.855072 1.9518962 44.21998 1.5450972 4.956843609061426 
Car -1 -1 0 383.1369124762928 177.3671362690372 415.4088606330263 196.78876411095118 1.4782348 1.5127113 3.6957264 -16.754148 1.8502736 57.629074 1.5670391 1.2545909699013285 
Car -1 -1 0 12.369982896472933 177.09472933613264 139.29665394291897 213.79217097535079 1.6110089 1.7165827 4.4595456 -24.187675 1.8092451 32.808468 -0.028013987 2.497305451816664 

