Car -1 -1 0 88.1211969474739 203.13034094215922 339.97627543442303 336.64455364083244 1.4559236 1.6126304 3.8252492 -5.5052485 1.9832249 10.65155 1.573698 108.47939882067215 
Car -1 -1 0 742.476540572746 173.71631201967799 982.7116060200993 245.29252610768282 1.4069984 1.6727879 4.435807 5.142077 1.4260595 15.076967 0.016298458 140.79667712063414 
Car -1 -1 0 360.8207089555773 191.57991130858858 461.05535808012434 252.39543042150453 1.4409884 1.6202655 4.202956 -5.5029774 2.0284014 20.516994 1.5903558 82.75437587733968 
Car -1 -1 0 701.5371995439356 176.77624103227956 843.7930484999897 228.68831335032192 1.5040436 1.6232227 3.9313297 4.8810573 1.627959 21.916714 -0.03446552 58.47331854241488 
Car -1 -1 0 664.2651941449304 177.89802120639294 738.9848498262136 207.98560994069243 1.531486 1.603608 3.700656 4.7855926 1.8016342 37.82321 -0.010399461 12.853947488789123 
Car -1 -1 0 680.1896272921708 176.35141246737481 793.3251966217883 218.95878409295463 1.5330158 1.6187841 3.9056883 4.712577 1.6685674 27.03908 -0.06054684 21.7320183142003 
Car -1 -1 0 647.0529717510219 175.88609316850565 714.0912442394888 200.24333085364998 1.4977856 1.6308398 3.9980764 4.4517183 1.6931949 45.553055 -0.067267165 6.2584916367126615 
Car -1 -1 0 697.1175290960705 175.99224162817325 820.9265015660228 222.19819765096665 1.509439 1.6029519 3.861626 5.01364 1.6197276 24.520947 -0.018160162 9.248422356681969 
Car -1 -1 0 687.3163680552981 172.2325815446619 792.135368430206 212.71940863583472 1.626504 1.6628036 4.1309013 5.3346953 1.6015391 29.965128 0.07224329 3.0788855282457916 
Car -1 -1 0 487.7296184124096 182.5823798405133 530.0278076710961 207.84416529604718 1.5007464 1.624371 3.644386 -6.411852 2.1511002 46.29693 1.7520459 0.9304211759056406 
Car -1 -1 0 453.3000678788798 184.80977413214057 542.3718168753794 223.5066031897304 1.5171585 1.5846221 3.588779 -4.6942763 2.0360951 30.16098 -0.21515866 3.0152163573542023 

