Car -1 -1 0 0.0 213.49909864356266 335.5479577551002 375.0 1.4155805 1.55862 3.5994058 -4.518468 1.9709097 8.056586 1.5682265 130.25248798110024 
Car -1 -1 0 274.5430269813797 200.9495680695711 422.09249928460946 305.0277558332451 1.5030745 1.5779598 3.622596 -4.616273 2.0920475 13.273123 1.514799 95.19040269489129 
Car -1 -1 0 731.4325896297595 192.3913595654661 884.7111776408817 249.91221422318736 1.4496902 1.5841963 3.7673814 5.434383 2.0184176 19.951656 -0.14280385 43.60402218272791 
Car -1 -1 0 672.4691977772866 189.27421970436637 805.0396942556748 237.32196754496252 1.5254545 1.6581376 4.1813717 4.405858 2.1173325 24.852955 -0.16196987 51.43840854828703 
Car -1 -1 0 794.4114834198598 196.66740904901656 1075.0577631379053 293.5158784077574 1.4564201 1.6204172 4.074791 5.405984 1.8933003 12.279467 -0.07360867 79.91903204364303 
Car -1 -1 0 772.5810308643163 196.57052694360348 992.2483105460922 273.0180305316127 1.4167029 1.5932949 3.9685514 5.5706887 1.941281 14.971798 -0.09836296 39.46755610076319 
Car -1 -1 0 877.4123615375258 193.77890205177616 1231.2551130968504 324.1472974239038 1.5321503 1.6154528 3.871305 5.857421 1.8431835 9.757757 -0.08404796 50.93917198828721 
Car -1 -1 0 639.5838564035145 185.32545086281237 746.6305340166846 227.9677380916315 1.631805 1.6548321 4.0522795 3.417674 2.1678674 29.697632 -0.25763458 22.632500087958178 
Car -1 -1 0 408.41682871791477 182.0975184810085 468.44379296471504 233.45978488330303 1.8399801 1.6829748 4.2518167 -6.743644 2.2371025 28.81628 1.4963334 49.318628868882335 
Car -1 -1 0 753.0046597582633 192.27741752384912 931.4701445441633 260.471516379376 1.4869499 1.5818617 3.7949727 5.55717 1.9848212 17.420006 -0.15525693 24.90110859526327 
Car -1 -1 0 560.8454894668404 186.64015395694707 583.8799361135941 210.38809908203743 1.5902512 1.6134489 3.809533 -2.6962547 2.630593 52.509277 1.5245863 14.045098615878883 
Car -1 -1 0 624.4367304900188 189.15788274544164 709.0881268465005 222.33552692088924 1.4618037 1.5760797 3.690846 2.6986237 2.2636926 34.248573 -0.26222607 8.932820468853409 
Car -1 -1 0 654.8100434744106 191.0401935122536 763.6130804978175 232.18799819092467 1.4452782 1.5841082 3.7930665 3.7182178 2.156977 27.233418 -0.114338264 9.78675529533415 
Car -1 -1 0 584.4734094008468 187.1728320908054 649.7177609668615 213.99893052390146 1.5503447 1.6015899 3.7092686 0.45009786 2.4547586 44.311016 -0.26789615 4.972406014985082 
Car -1 -1 0 613.9427409792726 187.69857233734052 693.0221308832874 219.3248323938358 1.4966043 1.5882521 3.7704418 2.2671478 2.2924001 37.13698 -0.4563378 2.8358582740319718 
Car -1 -1 0 594.3192569127875 189.30872710232998 668.8020199240887 217.1803745756265 1.4478121 1.5867057 3.8607628 1.2077461 2.3913035 40.14863 -0.23638374 1.1338437230541478 

