Car -1 -1 0 991.1919271204082 166.95778870323997 1242.0 278.0704091145243 1.4431825 1.6644489 4.361724 8.065524 1.3665997 10.276172 0.03336104 100.82539515041435 
Car -1 -1 0 938.1170887981862 171.12061936454828 1169.6217871312901 238.59346700478372 1.4632614 1.6566367 4.2630854 10.10876 1.42567 16.68683 0.10103101 92.47301579104624 
Car -1 -1 0 703.9467964281337 170.20472812977283 903.4621113559947 239.11836402885018 1.536463 1.6955944 4.417469 4.538096 1.4773961 17.327444 0.18539214 154.16284076635665 
Car -1 -1 0 592.9241993943758 171.56089653908478 683.3586934292186 213.5765104990321 1.4417018 1.5443388 3.4705875 1.1063507 1.3973308 26.5885 2.2604449 66.61565359402958 
Car -1 -1 0 256.80748125879273 178.28644520137405 366.9402986520425 224.79430499323564 1.5324628 1.5499831 3.168404 -10.25285 1.7275952 24.958351 0.12006445 67.40144870932544 
Car -1 -1 0 666.5087477393222 169.5012609787324 758.3723786100027 211.32466523985573 1.4125488 1.5899582 3.7721083 3.8150356 1.2993128 26.331028 2.2589536 50.31561017929062 
Car -1 -1 0 932.5153107838828 159.98196080376877 1019.6541453653923 203.93160614145745 1.4634585 1.587184 3.7403164 13.187271 1.0348384 25.878613 -0.7464286 21.831131103360107 
Car -1 -1 0 746.3250028109875 170.28392922647527 831.3207242741175 213.4768133581924 1.4244345 1.621172 3.5987883 6.4428344 1.3396775 25.713486 2.231237 7.907256609590961 
Car -1 -1 0 838.991065629215 162.70916768328797 925.4892973982458 208.31420023887867 1.4611516 1.6069541 3.6554184 9.50452 1.1361185 25.01767 2.2969732 13.555407036850392 

