Car -1 -1 0 732.6215156842482 172.18985880702618 940.7376992670287 299.16766915023726 1.4825257 1.6229573 3.925874 3.0025406 1.4747715 10.420934 1.5269198 108.0177126211128 
Car -1 -1 0 665.8938989590489 176.83799921653073 750.4512133289761 237.11150855434173 1.4561268 1.5928413 4.137066 2.5882194 1.577101 19.809275 1.5286558 79.94450891972673 
Car -1 -1 0 649.233824373592 179.72506970453395 712.2994432928625 225.61139213319325 1.4463475 1.6198627 4.2258487 2.4296546 1.7099998 25.536629 1.5221996 34.350867781130525 
Car -1 -1 0 9.693518846652665 204.160219849052 151.242879276675 256.2812499787493 1.472574 1.6582942 4.292952 -18.263948 2.6601484 25.188877 1.6163898 47.98349524657698 
Car -1 -1 0 143.00015784973974 196.92329909169533 238.48703022332487 237.29774944734066 1.5077792 1.6212292 3.9286175 -18.09834 2.622745 31.3946 1.6609412 16.06992775180886 
Car -1 -1 0 234.60463978360715 193.22587732943458 297.8938560414595 225.90003960648397 1.5224129 1.6248372 3.82101 -17.983591 2.6493282 37.97495 1.5347942 23.939177388864564 
Car -1 -1 0 633.3395490876301 178.357951518644 668.7957293445783 209.3757891533272 1.4427999 1.569402 3.7113793 2.0299258 1.7321899 36.079617 1.5735465 12.55571508372868 
Car -1 -1 0 300.17552934873515 191.14623297473034 349.54624599455684 216.81597551622883 1.4801543 1.6038938 4.007949 -18.266453 2.7090435 46.468246 1.5690911 5.640412365942337 
Car -1 -1 0 610.0634168462568 178.48589625823053 633.1243766103333 201.0812294015604 1.5001708 1.5305173 3.6127353 0.8155285 1.9094281 50.62046 1.5632293 6.3471431031730425 
Car -1 -1 0 210.9508893288234 184.25775738047375 265.45210616051685 211.34290541948442 1.5397983 1.6155237 3.7390342 -22.853539 2.2740502 44.54418 1.5125453 4.197918951832625 
Car -1 -1 0 131.47721035103902 185.2482651118066 203.11560365547692 217.05989092676583 1.5242511 1.6094936 3.9387186 -23.298168 2.2147634 38.174164 1.4954747 1.5073813131827956 
Car -1 -1 0 326.1133511099009 181.7265339157816 379.44621012620263 218.38714034365864 1.9265006 1.6482406 4.095436 -14.507975 2.4558265 40.98114 1.5491786 13.899225490594597 
Car -1 -1 0 667.6641963031545 167.49000987255522 697.6889906556829 185.24878708162714 1.5236759 1.6322641 3.8282712 6.443224 1.0634534 63.938587 1.3854479 0.2695136070251465 

