Car -1 -1 0 258.8248092332697 183.35755325717844 471.779018995442 330.1964624231218 1.4222423 1.5351655 3.427119 -2.779101 1.5778375 8.962086 1.5536448 74.07230728903514 
Car -1 -1 0 815.1114001845704 191.8877275531166 1078.162956559235 333.15938013676777 1.4208032 1.6461112 3.9011464 4.209702 1.7304022 9.762487 1.5414126 69.30330045747243 
Car -1 -1 0 416.2996621596682 168.3927437868026 534.0391202786467 257.7434774792475 1.6567976 1.6503391 3.9967034 -2.708181 1.5740741 15.403345 1.6033332 92.4543148911212 
Car -1 -1 0 487.7198538896293 178.03077065551577 559.9658877534237 230.09509150317083 1.4235604 1.6298108 4.3210864 -2.5467618 1.5994749 22.340366 1.5936477 47.897289748257776 
Car -1 -1 0 865.0693320001348 183.16245030835248 974.973219257143 219.17281161390946 1.4097832 1.5950367 3.861329 12.744232 1.8480633 29.732899 -0.07740957 57.22642922634322 
Car -1 -1 0 962.4910353026049 181.95855910387704 1147.5478791584655 247.8705292680175 1.7225145 1.7019539 4.1201253 12.268635 1.9869494 20.03388 -0.035046823 97.17365658179388 
Car -1 -1 0 292.3691694311517 172.91967264264713 357.459231032299 201.68487545953698 1.4321837 1.7219728 4.259117 -14.923424 1.4358432 38.071487 1.5798445 39.09861028185611 
Car -1 -1 0 196.72629614904517 171.44487789360144 294.1959231328851 210.13218676864574 1.4488473 1.7466236 4.5275764 -14.632348 1.3960752 29.30236 1.5510004 54.094615707495805 
Car -1 -1 0 698.7422755272839 172.64338391508812 766.9600184121692 224.22771239060344 1.7377657 1.7497548 4.442364 4.427997 1.7306703 26.528395 1.5709683 71.0675056936025 
Car -1 -1 0 650.9673596908046 178.44848472343608 688.8346173736621 200.77800212079654 1.5142726 1.566247 3.6848602 4.2993875 1.9320918 51.90572 1.311122 8.780872682369878 
Car -1 -1 0 513.1287809017739 176.77988191162316 565.1782888369952 216.82154441113732 1.4742072 1.5831125 3.5343795 -2.739699 1.6402488 28.717215 1.6138189 15.238783980129393 
Car -1 -1 0 527.4285928992952 169.5972229319073 564.1968887456659 210.8241745647703 1.8105984 1.6117125 3.850046 -2.9466429 1.6675676 33.66803 1.4963073 8.65872440123485 
Car -1 -1 0 344.23690967166203 172.11131030743553 395.10301282218524 197.8871152739333 1.5053663 1.5889113 4.220622 -14.647298 1.4619913 44.276653 1.6063122 2.170220061127673 
Car -1 -1 0 917.4013299812054 176.51553921778356 1034.5704149054936 220.18838926128754 1.56658 1.589867 3.6141737 13.655956 1.7083733 26.991526 -0.08765609 3.5926910604508384 
Car -1 -1 0 551.4212732371959 174.58463470630574 582.8365047110204 202.61829903773213 1.5389881 1.5362214 3.6764016 -2.4119396 1.6434257 41.690887 1.5883785 1.774789391741578 

