Car -1 -1 0 725.31805040298 188.41018389265398 925.4960059635964 324.9588896448919 1.4594545 1.595175 4.146674 2.7821727 1.7254219 10.260572 1.5678048 122.70150673851553 
Car -1 -1 0 555.2381453932296 184.13207868225652 641.7325983801487 262.1332667203323 1.4323865 1.6530918 3.696101 -0.20387518 1.7057456 15.637103 1.5751085 66.34648967454886 
Car -1 -1 0 675.5016083132576 185.30836803284797 777.0020630425618 263.7865566414864 1.4422297 1.6248057 4.142218 2.441396 1.7543155 16.0004 1.5820754 69.88832445726436 
Car -1 -1 0 285.06808228605775 193.95554943590707 470.5813387344033 324.7129061441631 1.4829516 1.6015972 3.693941 -3.1791184 1.8485935 10.64298 1.5546887 123.58511466477307 
Car -1 -1 0 466.65639922042755 185.8220364358926 542.0217381807463 231.9843370480887 1.4381948 1.69667 4.2066092 -3.6697478 1.9425513 25.883116 1.6734111 83.77328765231059 
Car -1 -1 0 659.4032259327082 185.30283155916928 716.4632417197467 236.2898398663034 1.4978654 1.6007545 3.426559 2.6594462 1.9423332 23.927074 1.7625394 19.010093079729863 
Car -1 -1 0 313.69463070190983 188.48858167338466 387.2987184249978 215.83101255494995 1.4285588 1.5897112 3.7774992 -14.451254 2.3322434 40.430508 -0.27298978 24.890584556234217 
Car -1 -1 0 587.9895091350919 179.32506896215583 640.963155903107 230.42693072499122 1.662478 1.6671795 4.1509156 0.25205487 1.9159919 26.139843 1.6390947 9.702019758078487 
Car -1 -1 0 61.655128170361806 196.58049445192427 163.3339157905128 229.26544923117802 1.5919745 1.663625 4.08354 -26.041872 2.8760507 37.918034 -0.1520879 5.12821011797653 
Car -1 -1 0 207.82636083889693 195.0870444282641 291.9896354081573 224.59745908678397 1.4912803 1.6122831 3.8916745 -19.690548 2.7523184 39.652367 -0.25601366 12.609241376155186 
Car -1 -1 0 563.5069665605009 183.7216485675933 601.8135289866646 209.98115888277556 1.4886498 1.5999541 3.6742582 -1.6137362 2.1878452 44.470455 1.7523234 2.4407949532501934 
Car -1 -1 0 705.4097369122588 177.8327937274335 724.3148784971812 193.3453320608031 1.4816458 1.5347922 3.7780063 10.494553 1.9923338 72.081924 1.6255248 1.439624501887238 
Car -1 -1 0 133.09605553156328 192.40579809157865 204.09005499978034 215.1089125270523 1.4382503 1.6086166 3.9346178 -30.266348 2.8224852 49.639984 -0.3586651 2.0166866997102395 
Car -1 -1 0 585.2873583178567 175.34219213844676 636.9604802431112 227.05683809813078 1.6837854 1.6987026 4.217079 0.095992625 1.780169 25.823538 1.592244 0.3075019662786011 

