Car -1 -1 0 136.59571387478633 179.04049310339354 309.71214335335145 232.1081403755388 1.4922729 1.7136009 4.594238 -11.875717 1.7001579 22.474354 -0.45050573 100.68229857650351 
Car -1 -1 0 496.6064249810456 177.47931795685864 578.0586344065025 213.726922521857 1.4059613 1.6796613 4.207541 -2.9943526 1.6181121 30.829931 1.9612988 82.54925182154557 
Car -1 -1 0 921.5515425003523 174.75211564328504 1092.3662366701906 225.3762787926103 1.5161362 1.6877159 4.400877 12.301657 1.5775917 22.516953 0.000245267 65.69872743388062 
Car -1 -1 0 793.7379349687302 174.2163474120821 866.5654119775652 201.5703838416241 1.4113142 1.5394244 3.4689593 11.902823 1.4879401 38.98491 0.5839371 52.99489359338161 
Car -1 -1 0 914.5208415939655 174.83816132413907 1052.9767407562479 217.56498625740247 1.4686766 1.6195446 4.091551 13.291784 1.5421298 25.79891 0.050645966 11.155977309414185 
Car -1 -1 0 587.4065705096042 177.03610132562306 614.7248306364805 199.42893429302623 1.4625752 1.5842025 3.746377 -0.62001157 1.7624016 49.79008 1.4772357 7.4575205666320326 
Car -1 -1 0 457.81294922388196 178.13037303055435 488.42053719413786 197.35907331503492 1.487927 1.6869924 4.05446 -11.11215 1.9342022 58.989563 1.5838752 4.0712463328582755 
Car -1 -1 0 556.1646987687428 177.3746182587144 575.7589284304584 192.33928951690518 1.5549113 1.568758 3.7639015 -4.6940794 2.056365 78.092125 1.6613681 0.9420302796059862 
Car -1 -1 0 651.4354933758551 169.79508941118303 719.3910965649964 201.4203772552881 1.8989407 1.7041099 4.339151 4.73405 1.7152681 45.54959 0.89377975 0.3191775381565094 

