Car -1 -1 0 431.20026771068166 194.82447730269303 543.0241122973896 285.3901157768653 1.5170376 1.6125841 3.7564707 -2.383358 2.0281987 14.895594 1.5876713 122.74076599247998 
Car -1 -1 0 747.9355090414814 193.56256709018498 937.4185386309018 339.2587739219081 1.4808114 1.5556175 3.4256525 2.8653765 1.8059473 9.579601 1.6199031 111.42637960739586 
Car -1 -1 0 695.8119938062388 187.98534684092536 765.4503702608138 247.00896908237408 1.5126934 1.558805 3.2892513 3.4452152 1.9882329 21.01093 1.5979192 100.74127850467725 
Car -1 -1 0 487.5603576095997 190.81201582214285 557.9780848341834 253.71638814431236 1.5003333 1.54949 3.5801845 -2.3217425 2.0435588 20.030542 1.5633658 43.55015320404346 
Car -1 -1 0 674.5137822504263 184.44071997166733 730.9025784930498 231.243224035557 1.5912462 1.6066984 3.6885996 3.4536207 2.0595489 27.30658 1.5560389 40.240791045468825 
Car -1 -1 0 516.2249142590827 189.2088446638465 571.534509324193 237.7918640850911 1.4780332 1.534461 3.6239808 -2.2068784 2.0860767 25.002148 1.5858394 16.264142575160005 
Car -1 -1 0 658.7444525740974 182.7584353533841 697.5928302870292 214.54073791571315 1.5907393 1.624289 3.9540534 3.6904352 2.1585467 39.36306 1.5391881 5.537082888396773 
Car -1 -1 0 1047.3979372524 209.16486027289196 1242.0 286.12137011714634 1.554858 1.6235995 3.934329 12.393323 2.4292793 16.425388 -0.071549065 14.40734776366883 
Car -1 -1 0 545.8470292945631 188.54842977103354 587.1394237179979 228.56968928497884 1.4749718 1.5356059 3.6398296 -1.7296646 2.1641731 29.856121 1.5583661 4.154202070331235 
Car -1 -1 0 674.2946007616899 183.7396537421898 721.4284654908932 221.30750394618653 1.5638862 1.6328915 3.859809 3.9887543 2.0926328 33.104614 1.5550756 1.8309945631589333 

