Car -1 -1 0 774.6542342560496 187.69779594141403 930.6963289140149 292.99898550631985 1.5063493 1.5797377 3.4244862 4.034408 1.7993872 12.525261 1.5793488 94.47655673704959 
Car -1 -1 0 877.7604112092874 201.29539171001196 1242.0 375.0 1.4101511 1.5346634 3.4123445 4.09577 1.7604945 7.1653757 1.5488706 92.47564278012565 
Car -1 -1 0 437.7513630584751 185.99259864400392 526.1523251977723 256.5811315085277 1.4204946 1.5315499 3.4358358 -2.8825278 1.7597946 16.899458 1.5492404 43.17961550685061 
Car -1 -1 0 481.6165630051836 175.02345999973727 551.9018506251292 231.76111339396172 1.6607696 1.646882 4.058317 -2.902574 1.7370753 23.327724 1.5979207 62.90407274220361 
Car -1 -1 0 721.3865680852521 187.46541173725092 839.7453905853068 256.50942775419884 1.4271652 1.6270654 4.051253 4.083004 1.8320394 17.897486 1.472095 33.543123415917165 
Car -1 -1 0 853.3849052123292 185.615760491693 974.9482028657644 229.10797955609465 1.6031883 1.6634617 4.0405455 11.799458 2.1167467 28.093206 -0.055694953 40.97518021335361 
Car -1 -1 0 670.7447227213414 176.47906347313568 722.8089004271565 215.61777677508385 1.7275437 1.6869774 4.1845098 4.0845594 1.911144 34.395073 1.496594 50.88808613424122 
Car -1 -1 0 225.92605607423107 174.28171702410134 303.9718425484066 212.04209939512074 1.5507679 1.5739232 3.594161 -14.998453 1.6169243 31.602598 1.6170136 31.15164159369861 
Car -1 -1 0 516.8381021479512 180.9152208798862 565.2750672594768 220.91479182451764 1.5139127 1.589459 4.1975737 -2.8032587 1.875591 30.265572 1.5816386 18.081561110218676 
Car -1 -1 0 803.4866452879274 181.309804687308 892.2423920243933 210.52166853433368 1.4693067 1.6326966 4.096361 12.425373 1.9225774 37.75274 -0.053684443 14.912083686180098 
Car -1 -1 0 136.55449805387477 175.22115935498303 243.88181271377627 223.11189697073044 1.6014421 1.6283303 3.8354368 -15.11408 1.6938943 26.249641 1.587311 20.727017116648064 
Car -1 -1 0 646.1270472043291 181.99983875784514 672.8694704325045 200.7864868125295 1.4630319 1.4935774 3.474682 4.109132 2.2442183 59.80063 1.4214468 6.572864031876223 
Car -1 -1 0 264.7920231547841 141.44110501301267 499.92652644722597 319.28565960773597 2.1207385 1.856684 4.685451 -3.092615 1.7461499 11.000897 1.634143 43.43694676110239 
Car -1 -1 0 535.9943226737504 175.55046077090125 566.2266571837606 209.42290096910205 1.847571 1.6120421 3.8440397 -3.330952 2.0104508 41.626305 1.523085 1.937622165995253 

