Car -1 -1 0 354.18884880689205 170.39072335652168 519.3013236028381 288.915567429383 1.6337429 1.6592609 4.184078 -2.6513462 1.5997891 12.0586605 1.5969331 143.18983921032532 
Car -1 -1 0 9.409107297035483 169.92461505092515 153.93964384962433 230.26457560480603 1.547673 1.5358251 3.31037 -14.610518 1.4725364 20.192387 1.6121347 85.28162233219581 
Car -1 -1 0 469.20122913312997 180.71208954537565 554.781327512331 244.16489012752083 1.4391197 1.6182123 4.2579527 -2.448694 1.6697656 19.036585 1.5866876 59.90164880464831 
Car -1 -1 0 712.3572316675244 176.34906912353375 795.9641238358066 232.2032406478493 1.5942369 1.7348481 4.372835 4.4974303 1.7166384 23.069588 1.555327 98.17575515542889 
Car -1 -1 0 264.1240424977724 175.65447897723598 336.298500001291 208.7340578661591 1.4771855 1.6878477 3.9719787 -14.719834 1.619107 34.562813 1.5914935 51.02419924971301 
Car -1 -1 0 145.25604977909376 174.1844136331737 262.01707700873135 218.58020490471716 1.4500833 1.720013 4.5341425 -14.434798 1.5022068 25.986462 1.5525899 82.16299887243126 
Car -1 -1 0 1039.623694637637 183.84507931066975 1242.0 256.29073676444506 1.5495172 1.6377314 3.8802683 12.290429 1.8149807 16.561249 -0.024317807 75.48941255922242 
Car -1 -1 0 501.5238989508752 178.355304352261 562.9017162706285 226.71942998212361 1.5476489 1.6304106 3.7337441 -2.6465116 1.7558905 25.416485 1.6081246 35.69755805489427 
Car -1 -1 0 900.4858710344582 186.3110645883204 1034.9556471000094 229.9667767458111 1.5012729 1.6516058 4.1145396 13.000985 2.009701 26.325233 -0.053957522 81.04513760679798 
Car -1 -1 0 521.0867357630677 171.99043351463428 567.5717699950095 217.77010416846565 1.7961378 1.6485804 4.079708 -2.6786969 1.7622561 30.361523 1.5552462 17.371746985513877 
Car -1 -1 0 667.1212466297412 179.16137847781619 697.9552395398701 203.28746163479875 1.5278537 1.5827621 3.6359496 4.8675523 1.9679742 48.50304 1.5352781 8.388569524738449 
Car -1 -1 0 327.0501429359163 176.38758506427982 378.802528696563 204.15169944220244 1.4684037 1.5933317 4.195484 -14.44685 1.6788037 40.832844 1.5283344 5.434547028288532 
Car -1 -1 0 548.8311014117364 176.20035352119453 585.0226601588711 207.20967969415497 1.543257 1.5609326 3.7033024 -2.2111056 1.7291164 38.194893 1.6088437 4.204631038794543 
Car -1 -1 0 479.55660272506634 170.84074649759899 503.16839942327306 188.6785309543297 1.6805708 1.7752497 4.3439946 -11.461775 1.4908936 70.18972 1.5245727 1.995262945730459 
Car -1 -1 0 963.1670997432703 183.59412073088149 1100.4006554416637 234.38286045692917 1.5511916 1.596666 3.7043586 13.75421 1.9184191 23.583935 -0.1622118 0.3065530061721802 
Car -1 -1 0 659.7199563603943 178.3113168825917 685.1352796012795 199.97497699744997 1.5120707 1.5875654 3.606136 4.593372 1.9272602 53.083923 1.5799873 0.2839348614215851 

