Car -1 -1 0 468.2093445656351 181.07209989514897 526.464604873516 227.49089434018836 1.4500546 1.6114204 4.046589 -3.8566153 1.7620518 25.33134 1.5200067 64.32173854380791 
Car -1 -1 0 353.47065723050144 181.17544753500584 488.5883191822773 280.069278801998 1.5035733 1.6257141 3.875216 -3.2835464 1.679384 13.27308 1.5272515 122.10592469168665 
Car -1 -1 0 606.8763270701377 178.95072697140077 632.7924742584164 202.0125888576273 1.5633976 1.6298513 3.9229906 0.7055462 2.0193841 51.967773 1.5239279 9.53669068525201 
Car -1 -1 0 711.8394986270916 187.54017169202416 847.9259303304995 237.2704363215155 1.4129932 1.5754266 3.7313907 5.123416 1.878782 21.964457 -0.07203463 26.971003903175756 
Car -1 -1 0 781.3931600039531 182.69304413145287 1005.2504818591301 265.908206214999 1.5945153 1.6448382 3.9619806 5.7169337 1.8084737 14.856637 -0.0057623875 38.7124445010774 
Car -1 -1 0 826.6544662767882 199.48806562102524 1091.3391074975552 295.6754010865615 1.415384 1.5606756 3.5926614 5.5982914 1.8820989 11.850211 -0.0073178913 64.26676434040608 
Car -1 -1 0 698.1838429935351 177.57352215415378 830.3651896797733 227.78425675950908 1.6422125 1.6786447 4.1333156 5.238146 1.8102684 24.735922 -0.057695113 44.21176713242691 
Car -1 -1 0 672.6148830546659 180.4704114213291 765.1149543377818 216.0295700881797 1.510813 1.6050779 3.7970185 4.8016005 1.8581892 31.981047 -0.06682411 6.882654285779597 
Car -1 -1 0 753.4175027794869 186.71602893489003 940.0502244303132 253.82317904245465 1.4802418 1.6027858 3.912433 5.5662937 1.8282969 17.204596 -0.057326797 5.305166521824271 

