Car -1 -1 0 751.8795946514472 182.27485833351108 959.8094566090874 308.35639197323184 1.4191713 1.5571394 3.5099962 3.2332368 1.5757403 10.1911 1.507955 122.98196353301357 
Car -1 -1 0 638.6754484744506 173.1904987756663 729.9032099695713 234.74005891035637 1.5329442 1.6267368 3.7803094 1.9588182 1.5431902 19.981295 1.4235485 81.8988196475011 
Car -1 -1 0 42.58849690645738 174.052141287755 385.3343722006053 299.53251965616073 1.507232 1.6331602 3.9770658 -5.3638926 1.5268826 10.265407 -0.42820013 121.21796819345225 
Car -1 -1 0 615.3207967526064 171.55140984011203 677.0169874352803 219.28347004282327 1.5213958 1.6226654 3.83532 1.1887134 1.4798774 24.978844 1.4839733 56.34172239750367 
Car -1 -1 0 237.09036273343463 163.2285712424427 432.13893371095156 248.2416674449775 1.6523819 1.6321852 3.7069645 -5.9465017 1.4652944 15.725035 -0.58206314 91.09902235134119 
Car -1 -1 0 602.1591739290399 171.2328871151824 657.4877539699653 209.5200012959995 1.5172397 1.5821085 3.7444434 0.7939142 1.4529982 30.579597 1.3840499 30.035603085667226 
Car -1 -1 0 308.84077737187323 169.02031796522616 468.3201600530576 234.97040844728144 1.5702703 1.6145943 3.6813838 -5.74078 1.4789903 18.867413 -0.58328664 17.1554954791778 
Car -1 -1 0 542.2031951320752 164.06406945783553 580.998461141186 194.26592915220363 1.7052302 1.6856301 4.223565 -2.9074712 1.2089409 42.98306 1.3523517 12.803813548141921 
Car -1 -1 0 344.03625623547737 169.05871172327505 476.9636686439772 219.63853140404836 1.5403647 1.6215826 3.929641 -6.525058 1.4247824 23.885038 -0.7265148 8.681603217311245 
Car -1 -1 0 377.46982196943793 171.27769801531397 477.8274015046821 208.01992200197094 1.4815803 1.5947118 3.839181 -7.508116 1.4180179 30.041582 -0.07910537 0.9054059971863744 
Car -1 -1 0 439.5414562558232 167.59061379523328 457.5718767221427 183.45462671524186 1.447794 1.5034642 3.7835736 -15.165044 0.96744233 67.871 1.3107849 0.27534133195877075 

