Car -1 -1 0 563.5188395328584 181.94238972032355 672.9483771427416 275.9621653872693 1.3958993 1.6274588 3.4036279 0.21721902 1.378558 12.212488 1.5550725 80.29018397736017 
Car -1 -1 0 579.2354994877958 172.94682806678213 638.244338224606 226.69650070071393 1.5130348 1.6157026 3.6545284 0.13633075 1.2269338 21.766813 1.5248518 28.733258282142003 
Car -1 -1 0 294.7059213881623 182.86941758721 361.71380381385495 215.9852634554095 1.434108 1.586915 3.468945 -12.45759 1.4236722 32.39342 1.6212418 31.84951006281367 
Car -1 -1 0 555.0167149840111 173.95833926097444 592.1974639683422 197.30445851122266 1.4191976 1.5897832 4.065942 -1.8525894 0.86284906 45.147808 1.3291249 22.84284204260971 
Car -1 -1 0 402.39610364063395 176.19442073458475 446.10542062642605 200.9971750598721 1.5183623 1.6099797 3.8508637 -11.31264 1.0949836 45.26041 1.6364039 11.119289344940722 
Car -1 -1 0 789.8032775176825 163.4412534497739 882.3286670957219 196.8216717680869 1.5251263 1.6120536 3.8359556 11.028311 0.62645787 33.398403 -0.15470323 8.903236001011697 
Car -1 -1 0 474.37263263526125 169.8070710136398 532.9787265091014 202.7349735406 1.6807476 1.6152599 3.8371458 -5.344246 1.0017024 38.135536 0.9801409 21.321850962512872 
Car -1 -1 0 608.4268829928977 163.79558191890956 662.5209872214058 184.66193807385298 1.5089669 1.6190431 3.884965 2.4378946 0.112200886 51.961605 -0.009403152 6.834626743404913 
Car -1 -1 0 827.0082197085316 163.972373324792 911.3132353595296 192.1854528142061 1.5184792 1.629248 4.078955 14.711311 0.48843598 39.081417 0.105306044 0.9982545845732571 

