Car -1 -1 0 995.860731023655 179.7832803883682 1163.4670282606924 283.35620097164355 1.4625642 1.6148429 4.2383876 8.050244 1.6068848 12.760147 1.9328403 132.00711580466924 
Car -1 -1 0 952.5541758341692 174.15328641079495 1030.6861505107427 230.0546503253609 1.5418038 1.5819538 3.5152037 11.497455 1.5847142 21.90973 1.9055444 58.79129287424223 
Car -1 -1 0 631.2150765596825 185.0851003989349 765.2892539689594 238.8586880891506 1.4130685 1.5492225 3.4816713 2.4806595 1.779133 20.521847 -0.17955205 103.27300852365381 
Car -1 -1 0 762.1121030244734 176.6278023759569 833.668499680359 204.23454387526303 1.5514226 1.6110626 3.6845722 10.911852 1.7761757 41.90597 -0.14664592 45.883586233115416 
Car -1 -1 0 660.5147888366162 182.76244846691426 791.6382139520362 231.81554762486064 1.4665623 1.5997481 3.8609884 3.7320032 1.8033186 23.295372 -0.2349982 26.809140233281237 
Car -1 -1 0 935.5828220571656 173.1858317848153 992.7384930947935 219.83108383166405 1.6008115 1.5952276 4.0505323 13.168248 1.6142157 26.969984 1.946678 21.498929054150466 
Car -1 -1 0 914.641984285399 173.2014280010816 945.8214758232044 198.45902256426436 1.4857788 1.5710678 3.983586 19.79503 1.5083063 44.64444 1.9403574 8.864950490167024 
Car -1 -1 0 692.5037086330684 180.84727262207866 809.143417766354 220.57787511206683 1.4916854 1.6482332 4.239189 5.567358 1.8214104 28.650799 -0.1405278 3.369296692609791 
Car -1 -1 0 902.7606875009408 169.06613694751383 931.9950376084352 189.34176027813962 1.5410764 1.5927801 3.8007746 24.225616 1.2531744 56.882645 1.8305616 0.5490256786974915 

