Car -1 -1 0 325.2552923628067 183.83489877285137 439.46660141837765 251.23568938011238 1.4532423 1.6740831 4.0858746 -5.594982 1.7628508 18.285854 1.5523345 89.25285365501004 
Car -1 -1 0 0.0 198.50845912210335 296.64845143523377 375.0 1.5285501 1.6001393 3.8339791 -5.3558702 1.8999524 8.512253 1.5920044 136.97776482168874 
Car -1 -1 0 829.5667900559728 162.00099837021847 1191.6062287410903 291.1378891219598 1.5416366 1.6280593 3.9059973 5.113005 1.4120734 9.522999 -0.049297348 79.36901256088798 
Car -1 -1 0 673.1738218046282 163.35469523093528 792.6356675881106 203.14649489908058 1.5269932 1.7138987 4.465952 4.813549 1.1624613 28.598602 0.023825755 71.54056964277164 
Car -1 -1 0 392.44228137677817 180.07973502384195 469.99494749147294 229.54742301008164 1.4615259 1.5847516 3.8110535 -5.7778583 1.71891 23.789055 1.5796535 39.480418988197094 
Car -1 -1 0 457.79089638004064 174.00470740640253 508.16564869976514 207.3199068100851 1.4616933 1.5539287 3.7399545 -5.8460684 1.5184516 33.689133 1.61231 29.105844677999382 
Car -1 -1 0 753.8228830699965 167.03027549617153 993.2961235124396 251.77400532684047 1.5377648 1.6340787 4.048211 5.004643 1.4320871 14.004908 -0.04730553 47.18755788011724 
Car -1 -1 0 704.3078350797044 172.94427318335505 891.3176138574263 239.51936156792277 1.4532555 1.5901812 3.8808303 4.2736564 1.4554628 16.698019 -0.07867714 28.41222779562583 
Car -1 -1 0 640.5899637819159 166.48429369773794 687.1752542588708 193.85207352060152 1.499875 1.6415188 3.9200954 3.078052 1.1507868 41.631813 1.360076 1.8630430264856341 

