Car -1 -1 0 669.877958946104 176.80274253772504 746.8624635794205 235.3843223948274 1.4983518 1.6091536 3.7239764 2.721029 1.6213071 20.587711 1.548532 59.3315086496477 
Car -1 -1 0 702.4184990068068 180.39193137792068 882.5792422491443 297.6557096500423 1.4548343 1.627251 4.2945156 2.6272535 1.5966957 11.405178 1.5364583 116.8081942824703 
Car -1 -1 0 581.8037552100675 166.72777858255418 646.333798533963 230.6064551218783 1.6441109 1.661582 3.9995573 0.13534822 1.486434 20.57878 1.5805961 40.97706362556665 
Car -1 -1 0 29.025503392841884 173.06066882468699 183.12293956656134 228.7450028039742 1.4147022 1.630127 4.043989 -14.012026 1.4211298 20.393753 1.5383782 52.615129559478895 
Car -1 -1 0 651.695079839631 175.83531819362966 696.4510521955881 210.23384731742334 1.4525101 1.5175936 3.3554535 2.8543303 1.5938611 32.48792 1.5082915 20.55217975617936 
Car -1 -1 0 659.2954975557628 176.23746639086488 717.2434092637204 219.29022678223404 1.466588 1.5698977 3.5818505 2.84232 1.6003685 26.698092 1.5160948 18.144210296934386 
Car -1 -1 0 637.6834806669096 175.3454098601993 665.8905334826056 199.91501542675172 1.4751368 1.5376375 3.805066 2.6324744 1.6392251 45.614502 1.5646288 3.9732390723571727 
Car -1 -1 0 422.61093928717645 174.35651636854524 452.2381454047078 193.01853483322066 1.4809078 1.7142545 4.172162 -14.208029 1.6097618 59.73986 1.5041578 8.399951077263191 
Car -1 -1 0 378.7760891745245 173.28787870463515 418.6556482233124 198.09788423981968 1.5834997 1.5781662 4.1396823 -14.032719 1.613755 48.220154 1.5378458 2.787633788699666 

