Car -1 -1 0 243.66501069369502 193.92573254669017 377.6428077585481 238.33378333279362 1.4527452 1.6769624 4.4808426 -11.07366 2.286671 26.876328 -0.41986954 66.21434093086489 
Car -1 -1 0 419.4692667739954 186.34349754133703 472.06637005466473 216.09729493353788 1.4555187 1.744457 4.44239 -8.906023 2.2376196 39.584793 1.6039644 26.960032787553747 
Car -1 -1 0 23.766094331648972 197.02239116479151 199.7738795234632 251.5085043197745 1.4117054 1.6710166 4.286336 -15.649614 2.2538233 22.908283 2.1852903 64.90073507967212 
Car -1 -1 0 1027.4750414480563 158.87081270561714 1165.2214940142646 207.86484826223196 1.5156412 1.562183 3.3900797 15.55061 1.0830681 23.152933 -0.030252725 54.00221093159845 
Car -1 -1 0 448.0833420856798 185.4853604778198 545.1814409174727 225.77259091879446 1.5029011 1.601981 3.6995842 -4.6251416 2.0466187 29.482004 0.48947185 73.76266301239782 
Car -1 -1 0 653.2595704929138 176.9802761180656 691.2616987166235 206.38902649918933 1.5632411 1.6160533 3.770683 3.4992442 1.8077323 40.82393 1.5130148 21.309129679383354 
Car -1 -1 0 1081.6270527102545 157.67374769765476 1242.0 214.4508948597174 1.5278819 1.6368139 3.9919052 15.877693 1.1193788 20.359886 0.063385874 44.82649488881851 
Car -1 -1 0 147.05329755872242 191.53384729575734 262.69817368242616 238.372561318617 1.5799237 1.607746 3.6041567 -15.40399 2.3392367 27.5455 -0.70982385 35.70461822989985 
Car -1 -1 0 0.0 196.830804368688 115.08029969130402 247.5259086040626 1.434669 1.5549442 3.462204 -18.684517 2.2910411 23.954378 2.2863464 23.980697992028077 
Car -1 -1 0 247.32557309176494 186.3957998950546 285.44573783305975 216.35899073255817 1.445416 1.5696136 3.9834836 -18.436558 2.2153406 38.882572 1.1996229 1.4869481557638964 
Car -1 -1 0 642.0922001227368 178.8385000960997 673.7317552931419 203.39092731728002 1.4962804 1.5545857 3.514916 3.0902185 1.8983709 46.66729 1.4940495 0.28737497329711914 

