Car -1 -1 0 823.493342334402 177.90148391368 1242.0 375.0 1.5630672 1.6110482 4.031131 3.238252 1.6219825 6.381833 1.6025296 124.37934635352492 
Car -1 -1 0 723.4046012968654 184.1935376840994 881.6093042077721 298.13912135573514 1.469434 1.584431 3.7442758 2.8857396 1.6807725 11.563688 1.585837 120.76448684069207 
Car -1 -1 0 696.031752232 182.49659702113615 799.0613139479874 253.39757015314177 1.4482963 1.563457 3.5344055 3.1369045 1.7002785 17.043533 1.5094007 79.82838085644197 
Car -1 -1 0 122.65816308785107 180.8259261722152 467.7566114341835 297.52652705981484 1.5564314 1.6858552 4.377084 -4.434472 1.6850612 10.697249 -0.04709235 93.07292471393795 
Car -1 -1 0 672.6938061701229 181.53784533460959 738.5965482569773 235.71922042890435 1.4534696 1.55082 3.5242295 2.8081584 1.735883 21.694649 1.5823966 53.263870197013794 
Car -1 -1 0 296.23757027764844 184.03708017904387 486.73285853671865 258.7476503184324 1.5204409 1.5900189 3.6720417 -4.6466346 1.7765421 15.723685 -0.002768198 39.535842788365265 
Car -1 -1 0 658.3440764907858 175.80652821182917 707.2095489696043 215.8251218788204 1.652784 1.6147255 3.4539165 3.1734428 1.7902926 31.832779 1.5117791 32.22987160636125 
Car -1 -1 0 500.92100632727676 171.57143805664333 570.268867826971 201.20348046279665 1.798605 1.7143598 4.1146336 -4.5365305 1.7207558 44.655483 0.0011790125 19.226977267670897 
Car -1 -1 0 355.6000561410748 172.75821597670696 519.6152316611418 248.95129601000363 1.8171928 1.6690972 3.685973 -4.265245 1.8149083 18.211765 0.093633346 38.88651920466551 
Car -1 -1 0 645.5580560492538 178.77972053883423 682.14161393966 206.0713601519404 1.4565594 1.5552472 3.7181716 3.058104 1.8110118 41.248867 1.4981917 1.720843402082619 

