Car -1 -1 0 679.3382716506723 179.1570475630218 775.2216204817577 251.5083864413608 1.5170075 1.591037 3.6305814 2.7023425 1.6841412 17.291025 1.5364758 86.06183408507302 
Car -1 -1 0 734.0260957784387 186.86303751096972 1033.139152389131 373.05875187712724 1.4590012 1.6234441 4.2386293 2.6534343 1.6584854 8.125825 1.5327657 113.32142702918279 
Car -1 -1 0 666.7375474656445 178.52770286194746 733.8577866035682 228.5626604855403 1.4577357 1.6042562 3.8030477 2.85261 1.6566824 23.378925 1.5449759 37.92175027873613 
Car -1 -1 0 579.6500692917172 168.6869814043738 645.9138960547607 233.82229963326253 1.6147431 1.6429198 3.6945188 0.08504641 1.5114402 19.736935 1.5736393 47.86591025687275 
Car -1 -1 0 355.53283860565733 176.28136619473707 406.1496505175059 201.5035307974609 1.4708004 1.5998788 4.1937385 -14.128619 1.6937624 44.797974 1.630113 10.969722688683873 
Car -1 -1 0 408.4322092172537 175.90419497127368 441.7320053581632 196.22721161017634 1.5124214 1.702606 4.0054884 -14.357009 1.7591658 56.33728 1.5357779 15.048534364544771 
Car -1 -1 0 637.5073460235957 176.8947180624315 673.0961935745004 203.6896862222756 1.4778764 1.547627 3.7849097 2.6389315 1.7258797 42.334892 1.4875023 6.8769924242182965 
Car -1 -1 0 655.5966219090118 178.5390838159489 707.9420265599655 217.9775229010685 1.462081 1.5299312 3.398559 2.8433428 1.7044121 29.00508 1.4970049 14.739246619118319 
Car -1 -1 0 315.5597016606817 176.950966890962 371.5432663271723 206.8341303863458 1.4872923 1.5526046 3.847405 -14.068993 1.7160573 38.36398 1.5725114 9.58675023592174 

