Car -1 -1 0 601.5295901082065 175.50302997484158 675.9519466695978 200.235905400576 1.4541984 1.6850132 4.412663 1.7996192 1.6185484 43.70781 0.099545844 67.71690260867034 
Car -1 -1 0 692.8847241375336 172.0435778486936 766.8756304600591 197.4324656193355 1.5103452 1.667959 4.2146263 7.2551613 1.4621342 43.7671 0.004736294 48.71371189235906 
Car -1 -1 0 198.31885857943146 185.5008072702837 291.0725069664041 213.53925598845294 1.4814775 1.6607068 4.268981 -20.09964 2.1962404 39.864426 -0.039941706 53.04374303768561 
Car -1 -1 0 585.9437414247124 172.96123667828564 630.0829997975726 193.2896027228788 1.4236699 1.577695 3.6122108 -0.077456325 1.431764 52.50759 2.109404 8.4716495372146 
Car -1 -1 0 778.9253574707692 167.47792039091098 857.0559089640369 194.26638841019133 1.5807836 1.6734641 4.2120953 12.5266285 1.2635417 43.50389 -0.042789325 43.72810523003168 
Car -1 -1 0 926.0090076910811 165.493956761907 1006.1781493655417 191.3365380834898 1.5027469 1.6225939 3.9490027 21.113495 1.07476 42.8262 0.029281288 10.092287434748119 
Car -1 -1 0 669.1017564962731 171.05384782956548 712.8214647623587 192.47498089252085 1.480506 1.5596545 3.8308954 5.8904233 1.3560895 51.89729 2.1528661 5.941366995899259 
Car -1 -1 0 749.7520714463767 165.39947231064795 791.1441095018085 187.95180599116017 1.5665705 1.6022422 3.951414 11.675764 1.0487505 52.208344 2.1603518 3.4186368398627813 
Car -1 -1 0 545.0376036518821 171.63530176982303 594.2968961163916 193.9214403671484 1.5642304 1.6928713 4.1680546 -2.8744075 1.4786916 52.88118 2.0591784 5.140720527159344 

