Car -1 -1 0 320.76720466505276 180.68687780837425 406.3856187057502 207.10674890549976 1.5246954 1.7226464 4.5484457 -14.661103 2.003813 43.17261 -0.04469541 52.2565827137088 
Car -1 -1 0 674.7151276235471 172.6147591375283 744.0578181808775 196.25074570282308 1.5203989 1.6801702 4.293559 6.504548 1.5050093 47.292233 -0.018141601 49.9455348534296 
Car -1 -1 0 588.1109434452432 174.55373681839737 656.0206028627468 197.99350793912373 1.4971063 1.6873348 4.3656178 0.8465926 1.6105672 47.19484 0.058283806 42.95258118039715 
Car -1 -1 0 732.114105761961 166.51754836814797 753.5676629499342 186.91164654532315 1.5205493 1.5772201 3.8119738 10.315647 1.048114 55.81582 1.7573735 5.5564704099903715 
Car -1 -1 0 539.3981945088977 173.28932192437577 582.9814955235967 193.5883771564361 1.5187733 1.5846306 3.7665927 -3.7229714 1.5538465 56.103043 2.08017 8.926822141553911 
Car -1 -1 0 750.9516375286022 168.9716637212541 816.4085715956843 193.11259401527883 1.5463 1.6346676 3.8550527 11.334351 1.2976243 47.10785 -0.03862811 17.934129996413397 
Car -1 -1 0 887.8276727566678 167.22307152445504 955.650740109271 190.8556430592279 1.5050225 1.5848686 3.7143717 20.2089 1.1464208 46.789566 -0.025200427 3.8983441846283453 
Car -1 -1 0 1136.8801993714223 161.94868523304135 1212.2523961041231 185.0024229905805 1.4800035 1.5907612 3.7233198 36.899406 0.779904 47.171448 -0.029628223 6.746819710103488 
Car -1 -1 0 574.6478248497776 172.49673817486894 618.5915396177505 192.70603127862043 1.5106182 1.6487387 3.8079925 -0.96718186 1.4839131 55.991516 2.108556 2.6007583870007207 

