Car -1 -1 0 383.3414189324143 180.88144233999637 458.3133893307771 230.68492983146808 1.4871025 1.6591623 4.075569 -6.2467084 1.7805297 24.294743 1.5167124 95.93760280347372 
Car -1 -1 0 204.345336063411 187.74462511823376 390.2517816480798 284.13167881912796 1.4741845 1.7221678 4.464134 -5.758058 1.8088679 13.973143 1.5564057 110.92891289985353 
Car -1 -1 0 702.6386970398466 168.14159023767965 909.1430132167028 244.11312709009835 1.5220909 1.6393908 3.994241 4.0532966 1.4276776 15.3846245 0.055186223 59.97115528248585 
Car -1 -1 0 792.0521464892794 163.74399922803246 1102.043163111974 282.56266470516147 1.5950489 1.6316938 3.851226 4.850075 1.4727541 10.665861 -0.08683523 35.706605334824935 
Car -1 -1 0 859.6767894860383 157.13662922970778 1242.0 332.4493808772511 1.6712532 1.6483119 3.7956107 4.9123845 1.5214198 7.8541393 -0.08139771 83.33826045569617 
Car -1 -1 0 467.30940215823296 176.32974792720157 504.3268737885746 205.91921671885706 1.5301206 1.6098499 4.2129617 -6.800481 1.7330866 39.976498 1.5007102 12.034006791876974 
Car -1 -1 0 676.8939850021436 170.50928600152028 775.5404808269772 209.47301573600387 1.5005921 1.5746539 3.5783756 4.636224 1.4102911 28.872662 -0.17352302 14.98114785877582 
Car -1 -1 0 705.7244914611083 159.07692395374818 889.6098326570584 235.92517692940203 1.7824512 1.7033261 4.106823 4.49117 1.4628997 17.696926 0.054010272 21.80923378914032 
Car -1 -1 0 664.5545845160461 168.4712653778245 749.8075059772619 205.90556339169626 1.5840383 1.5906544 3.4837184 4.192442 1.398582 31.332165 -0.0027887549 15.670787285086384 
Car -1 -1 0 432.91920751076884 180.55398533028335 489.90079612103233 218.72344130730255 1.4796615 1.5713698 3.4475265 -6.1817875 1.8231447 30.432552 1.6111139 10.194574446827414 
Car -1 -1 0 630.1980087679548 170.94142761576512 710.070702829476 200.0690114282439 1.5142488 1.6450473 4.161733 3.2386267 1.4148202 38.539894 0.10167442 3.191105676753657 

