Car -1 -1 0 78.98971588380763 198.15816122292185 350.54628625495764 331.56881224732643 1.46826 1.7308589 4.5216804 -5.6308413 1.9361491 11.071823 1.5602484 119.5199467601192 
Car -1 -1 0 355.5177631641421 190.50583190412465 441.33692929571185 247.25052622810534 1.4241898 1.6091539 3.8774054 -6.122394 1.9944308 21.326145 1.5113537 76.43914648672073 
Car -1 -1 0 724.011597816014 176.17119854955448 1000.2595629265671 275.4967015399691 1.5541964 1.6691716 4.1920567 4.137725 1.6157885 12.377764 0.08990638 89.48345048343509 
Car -1 -1 0 411.40731514662156 188.4030680175952 479.40651292944943 233.14837293244938 1.4744216 1.6095238 4.1108956 -6.1071453 2.106471 27.268772 1.5775139 32.4045005201132 
Car -1 -1 0 861.9725882131719 177.3146224881997 1242.0 343.7457125024873 1.535113 1.630998 3.972477 4.9327817 1.5876248 7.598714 -0.04060513 48.276111582213154 
Car -1 -1 0 691.2631979473001 180.21091970296465 806.8666333867908 224.25115009269444 1.4893289 1.593502 3.754818 4.979224 1.7653487 25.92688 -0.19419496 23.42867966476346 
Car -1 -1 0 459.8796474814474 185.29097752474857 500.3543170076477 217.6908156788768 1.497363 1.6026741 3.8130484 -6.546609 2.1652846 36.79737 1.508867 10.698954110338208 
Car -1 -1 0 672.1102316230381 177.83637382940614 769.8110068895046 219.70725823590158 1.5855501 1.5970912 3.5462868 4.3462744 1.7882915 28.450117 -0.06411974 21.941467969227993 
Car -1 -1 0 726.0008203591676 166.7266476106882 948.6358519455324 260.18818070014476 1.7946236 1.69421 4.0583763 4.5261297 1.6769677 14.8013735 0.04956349 16.35600775336475 
Car -1 -1 0 476.452423987806 182.39338709551637 510.44822418967726 210.50693631823685 1.5363808 1.6313031 3.9711967 -6.84712 2.129782 42.848125 1.5042815 2.924379312085187 
Car -1 -1 0 631.8722670885766 175.78511455106292 692.7910139037525 200.13750122034 1.5667655 1.6456522 3.929841 3.4377735 1.7633256 47.50953 0.027594872 6.448372990602591 
Car -1 -1 0 638.9215700064814 180.2260468771945 718.9375303313687 211.32670931250595 1.4834094 1.6014814 3.8044934 3.378996 1.8556149 35.61538 0.0070775393 6.321241834449105 

