Car -1 -1 0 935.7922259273013 170.86033757447254 1163.3943611251875 237.18830377553732 1.4480712 1.650525 4.218581 10.057949 1.4045455 16.750385 0.083241984 131.33225368427904 
Car -1 -1 0 586.1337067716222 173.5149430462797 818.5933313421623 257.32981549801036 1.4864111 1.6506078 4.1560373 1.7151366 1.4999909 13.818437 0.08887357 98.09285558730527 
Car -1 -1 0 738.023203905087 167.37746806753105 923.4044034869908 238.65976373829744 1.5924728 1.6581479 4.0088305 5.1341515 1.470125 17.206123 0.13254736 81.88853019820449 
Car -1 -1 0 591.9704803689639 171.39933156514425 682.7225790972607 214.71930569539208 1.4867172 1.569394 3.5026958 1.0802203 1.4367937 26.619995 2.2466652 64.35295040714776 
Car -1 -1 0 256.46183300123016 178.9956998474262 366.24110513916924 224.91628133218634 1.5108792 1.5420434 3.152561 -10.258811 1.731091 24.931152 0.110228546 66.08029856174029 
Car -1 -1 0 1101.4132285815854 159.05574956190702 1169.3117668379489 204.87430987269803 1.4862378 1.5571767 3.4839582 18.34974 1.0386574 25.303146 2.0923293 22.094402354945743 
Car -1 -1 0 666.2957219187986 171.2269024713143 757.090305809515 215.24605040843045 1.4785683 1.5781593 3.5983896 3.7513244 1.4239153 26.118542 2.2739797 15.24936642203874 
Car -1 -1 0 934.7015293612785 160.25167893642296 1022.1836072651539 203.85679379840025 1.45193 1.5748265 3.703091 13.255501 1.0323074 25.850101 -0.73397887 20.70296511716499 
Car -1 -1 0 837.7464930869497 164.42945374079216 923.1368991554679 210.3014705304134 1.4661617 1.5922556 3.597679 9.411341 1.1968962 24.938478 2.2918963 8.628808177330889 

