Car -1 -1 0 433.0851425488882 189.29184345440925 523.9748940064827 260.56877724854616 1.5102274 1.6691303 4.0206537 -3.1874466 1.9724386 18.256956 1.5442553 111.44791965907126 
Car -1 -1 0 241.96157589424578 199.4131581859275 465.38907990094145 353.0586616474808 1.4211274 1.6449202 4.133236 -3.044662 1.848325 9.503218 1.5243964 114.50018927348304 
Car -1 -1 0 752.3209856706014 198.64359454352683 976.2189765282143 371.71049150201264 1.5088077 1.4666593 2.7394614 2.6520505 1.8482995 8.102345 1.5338085 79.27213570101415 
Car -1 -1 0 964.1151286709257 214.24865100784587 1190.3980448374853 302.84161039714274 1.4974303 1.6118597 3.7958112 9.580231 2.4541306 15.149197 0.4321742 69.10927341700047 
Car -1 -1 0 917.107877183822 209.81678243455562 1089.0689248709618 277.997508961901 1.4252498 1.5737916 3.6912844 9.887554 2.4445248 18.336123 0.48831916 27.076617025491572 
Car -1 -1 0 477.79834264411886 188.4679243532073 544.6036760347072 240.96499573223582 1.4997989 1.5932684 3.8062463 -3.1402993 2.0537174 23.6767 1.5932472 17.93266944659247 
Car -1 -1 0 500.87995424069726 187.69739645680468 551.2266312388621 231.15917516931563 1.5089755 1.639195 3.9587426 -3.2195837 2.1348934 28.422802 1.54077 7.06998558731917 
Car -1 -1 0 863.2554869428081 194.36500119957256 914.398009436815 222.40039213097867 1.4433786 1.5616391 3.8316836 16.203686 2.754331 42.041954 1.5906725 1.6459345004717216 
Car -1 -1 0 537.0617761563911 187.97057601576734 586.5721247082982 215.49843374221837 1.4754393 1.5261722 3.7969005 -2.7908325 2.4184163 42.964516 1.9247048 1.3589793327161008 
Car -1 -1 0 758.4685365834639 181.49139903581354 782.5015717075037 197.4308065231105 1.646918 1.662305 3.4988778 17.431755 2.6055048 78.285324 1.5169327 0.266722708940506 

