Car -1 -1 0 1015.4281917500322 149.54838257318497 1242.0 234.14955761830035 1.4540235 1.6353226 4.3127255 10.199768 1.0534744 14.569614 1.5861853 59.34968130092188 
Car -1 -1 0 166.700550289179 201.7018278782096 272.01426226577024 256.21156631553447 1.4489098 1.6494952 3.9478106 -12.50865 2.466892 23.407444 1.4580135 39.37492504778244 
Car -1 -1 0 543.2221079009298 181.45301744230107 606.5582496896922 231.35588522232587 1.435035 1.6119388 4.077369 -1.0448788 1.74064 23.555725 1.6367933 48.58324664329091 
Car -1 -1 0 833.0873901392447 160.704161878273 894.1397715702324 195.31570353827854 1.6353354 1.6222461 3.6918314 12.587695 1.0612764 35.96799 1.5311941 20.420480293957965 
Car -1 -1 0 749.3471676679151 162.59604450156527 817.5785948866087 208.00778517963028 1.7573578 1.6895663 4.0758095 7.135297 1.3603921 29.99664 1.5251293 43.294833947352025 
Car -1 -1 0 581.458357354338 176.75416777928868 613.7862504365158 205.16280149118543 1.5236378 1.6388288 3.8376307 -0.7233752 1.7570639 41.21199 1.4995474 7.0462274479964 
Car -1 -1 0 730.6226240279907 168.88181315366973 814.8316600531543 202.1866666299033 1.5555278 1.6280478 3.8378172 7.8011208 1.3700037 34.774227 0.1402488 0.9884089147768268 
Car -1 -1 0 700.0170065788997 170.02327577889494 735.7790005879432 197.14930327114115 1.647147 1.6106001 3.5947142 6.808485 1.4752595 45.636654 1.537151 0.9872528289322162 
Car -1 -1 0 52.453358613466015 194.72297448589612 101.41029816442517 213.1809131994697 1.4509103 1.6047246 4.182283 -47.17999 3.4566965 64.01311 1.4633085 1.4743913043513 
Car -1 -1 0 811.0246606250713 164.18538798037272 885.5663580737935 192.69957041695932 1.5652418 1.603145 3.6429353 13.333445 1.0893916 40.421234 -0.0065799598 0.25600674748420715 

