Car -1 -1 0 682.3778261044768 179.16897200382752 761.8334497957677 244.0723271458781 1.5480475 1.6255914 3.7252567 2.9308538 1.7347281 19.452473 1.5892843 86.47812960930759 
Car -1 -1 0 775.2791112026982 188.6998422628339 1174.9147703384676 375.0 1.4445935 1.6135981 4.108332 2.7782025 1.6350704 6.611177 1.5808305 93.218461289953 
Car -1 -1 0 21.611579792375075 184.74105048687062 408.9321935449166 316.97745577713715 1.4504074 1.6537697 4.3273168 -5.124878 1.641846 9.91997 -0.45921755 159.06584021171284 
Car -1 -1 0 656.7232441280942 179.9147143566125 707.5455596837282 220.6651284743643 1.4824646 1.57967 4.181132 2.8513298 1.7875441 29.07641 1.5588756 37.33102438593227 
Car -1 -1 0 185.6220802827524 169.87152905233177 448.49291301501023 280.4135504360255 1.6742256 1.683125 4.043626 -5.0930777 1.6290542 12.764706 -0.6003427 57.11284538407746 
Car -1 -1 0 461.50114175939336 179.81089401713794 547.3402403983287 212.26062965332252 1.5249605 1.6187035 3.9019608 -5.210216 1.8835013 35.83664 0.29991293 21.374654906728694 
Car -1 -1 0 339.35856742952086 163.18468015709567 508.85470764781 236.08622233324743 1.9797125 1.8173313 4.573676 -5.49473 1.7171326 21.590876 -0.5684389 25.450830005985754 
Car -1 -1 0 648.2737560790749 180.7050756817652 688.5638885086366 214.64584125925353 1.4827757 1.5795128 4.058496 2.7573266 1.8802259 34.494537 1.5668317 3.17544540049997 
Car -1 -1 0 462.09505379093434 180.78775498914885 554.6863602004414 218.5543181966526 1.5044379 1.5807753 3.6378057 -4.31336 1.857717 30.729794 -0.3733058 7.531461113929073 
Car -1 -1 0 343.46367107153003 178.34127750331334 448.6275550723254 256.36630573704196 1.5613651 1.6322354 3.5537202 -5.0169406 1.702937 16.664452 1.0756972 0.3494582772254944 
Car -1 -1 0 499.1713001101549 179.0689953500625 568.6258931434263 207.04831106374235 1.5782107 1.6171935 3.789923 -4.50346 1.9629091 43.040813 -0.50247854 0.3101566731929779 

