Car -1 -1 0 19.38711533602877 190.13945680854818 365.18256265238745 320.44020306163856 1.4148475 1.5993133 3.8813252 -5.5854583 1.6961083 10.0163355 -0.5730968 81.33651018350173 
Car -1 -1 0 387.3749151086049 180.56332698998906 525.4262002970712 232.64582820034806 1.5959662 1.6945586 4.258836 -5.1552258 1.8760967 24.429007 -0.5171057 26.690392964013164 
Car -1 -1 0 339.345407065514 182.86728691020468 497.59108923610364 245.30960244727697 1.4134724 1.5654202 3.6309109 -4.879637 1.6965791 18.647617 -0.68255174 91.37409563178653 
Car -1 -1 0 612.061261027128 180.2532380512832 643.9012104965313 204.8934023503499 1.5367486 1.5892447 3.8045835 1.1904389 2.051129 48.176003 1.450498 9.968259412674916 
Car -1 -1 0 645.9637233968825 173.37381384804522 708.2320029818583 230.07248832041796 1.9016118 1.7160065 4.4058213 2.3844304 1.922293 26.473808 1.5336313 30.7485958975436 
Car -1 -1 0 463.190676182097 175.79185504150558 535.1918712307972 203.59814988494608 1.5993392 1.6555125 3.9860597 -6.661079 1.7845987 43.69138 -0.5999249 7.5229827481482845 
Car -1 -1 0 340.97251921472633 180.24337852165866 500.6428080400758 238.24898764458013 1.4839445 1.6324406 4.1645494 -5.3904867 1.7175264 20.87928 -0.6665097 7.147007284555667 
Car -1 -1 0 603.1666934195088 180.42044470552372 628.8823231933824 202.20235087670312 1.505622 1.5733699 3.71874 0.44404987 2.0827637 53.120865 1.4920242 4.249551576321907 
Car -1 -1 0 667.2171699191666 190.02880703362078 740.3518242660402 253.23068256430855 1.4325895 1.5505192 3.5118759 2.403268 1.9292153 19.091213 1.5930264 2.4890778249173056 
Car -1 -1 0 420.5064327354578 180.0261877946606 521.0574939104349 218.92186808443773 1.4943614 1.6042433 3.7877998 -5.7404985 1.8076469 29.91474 -0.49264964 3.3107159719893517 
Car -1 -1 0 441.62009011075776 182.0302480690748 531.4339415521978 216.94866432491114 1.4746742 1.600084 3.7192562 -5.6059713 1.9148829 32.974014 -0.538103 3.76361657051075 
Car -1 -1 0 638.8690156768129 183.0594678514224 680.3492983490809 213.00341858232724 1.4642979 1.5327361 3.3944554 2.6105251 2.0311022 38.287636 1.4336591 0.6022765867226304 

