Car -1 -1 0 670.5545231773746 175.49243933187304 765.1122525709677 247.41604835307368 1.5473835 1.6542933 3.5303602 2.5038998 1.6177211 17.445019 1.5393496 55.10629507607353 
Car -1 -1 0 778.862025595307 180.75147938955038 1143.1857817336038 375.0 1.4912153 1.6032474 3.68854 2.7601247 1.5841177 6.6295347 1.5886747 87.31554661493642 
Car -1 -1 0 327.4754743901902 180.45204700285018 389.02403580375034 222.14002378386846 1.6644242 1.6165051 3.7100887 -10.858905 2.015276 31.410702 1.5001721 23.508876805068425 
Car -1 -1 0 504.9671527019112 178.07444231260996 580.580734871905 208.14356248580296 1.4418108 1.5724378 3.7028642 -3.4354331 1.720983 36.886543 0.6043237 16.625884363438445 
Car -1 -1 0 650.0561129629709 176.40531430955286 683.3435990434504 203.9038546108716 1.55131 1.5833902 3.5356085 3.3622503 1.7716007 42.963062 1.5356512 11.338286909171332 
Car -1 -1 0 395.65079722616275 181.11379573139587 533.1056476964027 245.5473473348522 1.4562788 1.641225 4.166032 -3.9061313 1.6971056 18.94131 0.83666754 85.66972139355119 
Car -1 -1 0 121.30951633721284 184.5890334882963 269.4728864897552 248.72023072209683 1.4915881 1.6278485 3.7923229 -10.971548 1.8394728 19.442282 1.6396791 21.770199509690986 
Car -1 -1 0 38.24222466203544 186.64431083548604 351.63516433793535 375.0 1.4487116 1.6542156 4.3352656 -4.4285436 1.629596 7.357774 0.7738094 95.56469315427945 
Car -1 -1 0 479.4609930014994 180.2531100993145 567.1927547800166 216.92174462747644 1.4477566 1.6016208 3.9283319 -3.7724926 1.7872664 31.185757 0.74706453 5.46859767666969 
Car -1 -1 0 445.6433904304799 180.37205619440434 544.698203004439 225.32528988801667 1.4439269 1.577935 3.6710725 -4.111706 1.7301722 25.631935 0.76480293 0.5458542638121282 

