Car -1 -1 0 449.6101645651156 179.38655574769402 529.9444760474837 248.73878951356653 1.6703768 1.629368 3.812125 -3.1572301 1.8658031 19.663017 1.5503218 97.89222003551536 
Car -1 -1 0 804.2534545939116 158.97752271650668 1242.0 364.8910472656237 1.6483344 1.6756372 4.1083302 4.1304235 1.5372534 6.796363 -0.09071676 112.80509492700601 
Car -1 -1 0 738.6592695724984 181.96132338191816 944.1777952570867 259.89883752270873 1.5031419 1.59957 3.7387311 4.6784434 1.7017308 14.919767 0.0074389563 69.40944009344274 
Car -1 -1 0 510.74383565996965 172.69560004961755 555.9852197282751 221.93143160158547 1.9218009 1.5871227 3.8924904 -3.120235 1.915618 30.131908 1.5417926 45.52582005056706 
Car -1 -1 0 702.0797946123372 169.17325048563865 868.8109515656014 244.0400215776332 1.7421212 1.6437885 3.6592531 4.2232122 1.6564715 17.681057 -0.03818884 66.32475925938884 
Car -1 -1 0 683.3939751880597 174.7386748929615 778.2751088953704 212.37649154139666 1.541959 1.5942862 3.7235794 5.071042 1.6237099 30.47051 -0.016329937 10.52790418935722 
Car -1 -1 0 537.5899861209886 177.73635654738987 573.3638491975138 209.5554073156586 1.6204958 1.6064203 4.004615 -2.901989 1.9005477 39.375793 1.5825884 6.152576932149392 
Car -1 -1 0 720.1959310328368 167.78395810853343 874.7548513868039 231.92577702279507 1.7367985 1.664958 3.9240415 5.2471323 1.5995145 20.454308 -0.04343515 4.719733164856369 
Car -1 -1 0 643.7706955424433 178.86817713796307 681.7804410662567 205.3669421881446 1.5134808 1.57248 3.838163 3.2070484 1.897994 44.126034 1.4401927 0.7340910766122671 

