Car -1 -1 0 754.7472522752211 181.47244620434242 972.950406563554 316.210948076623 1.4501197 1.5787814 3.559757 3.1944475 1.5889816 9.811568 1.5252452 104.32939065798827 
Car -1 -1 0 701.2272947193002 181.89229390964294 811.7129388196787 266.3330396277775 1.4451972 1.5664693 3.571023 2.8217318 1.6498456 14.536006 1.5914732 63.984623263349405 
Car -1 -1 0 676.3677894416804 170.36916789316828 740.2081994385906 224.5846657313762 1.7207334 1.6380458 3.528769 3.2996998 1.6418678 24.680443 1.5516765 57.32305078240372 
Car -1 -1 0 688.2575949335834 178.56537224597068 776.2780095697951 243.37868394053936 1.5326138 1.6195128 3.8350134 3.1734138 1.7010353 19.34029 1.5459857 33.176110985439855 
Car -1 -1 0 656.6729223014993 173.83859253060544 705.6389276674435 208.60684472386185 1.5345451 1.6392248 4.26375 3.3180883 1.5841177 34.148933 1.5075316 24.75389578052216 
Car -1 -1 0 5.015019074926208 184.18358284547293 396.791850799755 326.73996884586523 1.5110619 1.6003028 3.763923 -4.654192 1.65956 8.619295 -0.020188887 69.451893019851 
Car -1 -1 0 475.4515705634718 169.19940330420013 558.7261696707614 205.26978536624608 1.8219154 1.7134643 4.110871 -4.733549 1.6373215 37.337204 -0.017380755 25.693772640476613 
Car -1 -1 0 188.40848437126533 162.49014842789995 470.61060156033017 292.1826297199268 1.8073654 1.6653328 3.6786575 -4.167715 1.662937 11.064458 0.098361745 55.18277511296096 
Car -1 -1 0 649.1370050182685 174.63782566885308 673.6439927862378 197.91892231125394 1.4452304 1.5260586 3.5405078 3.3366818 1.565595 46.877342 1.6249182 0.9423935200184262 

