Car -1 -1 0 88.07023769098618 189.65818421961697 180.8473697190765 252.35782055929448 1.5310653 1.5736831 3.4833345 -13.410575 2.0542223 20.553213 1.1797926 68.65634481056773 
Car -1 -1 0 204.10300487222665 189.71020346024085 413.96762761360594 264.79268095807026 1.407866 1.5736449 3.6866717 -6.109111 1.7775667 14.887808 0.08326636 116.60539710142189 
Car -1 -1 0 0.0 194.6504710522598 59.39047466497828 240.22078356858557 1.4548695 1.6756904 4.077014 -22.426622 2.3473775 27.343431 1.134836 44.94026739684718 
Car -1 -1 0 21.944793132728577 192.33521788321522 91.35882573733836 231.31937077685697 1.5263479 1.6101205 3.7875235 -24.701715 2.4557352 32.36461 1.1591129 15.761652784143042 
Car -1 -1 0 118.44044179745579 181.6256303385583 190.5083784701185 238.57905250317953 1.7923486 1.6194918 3.9294047 -15.967911 2.1279907 25.485321 1.1483878 14.564954575277989 
Car -1 -1 0 172.62799791715355 188.49178880873686 219.44393783971358 218.77701316915525 1.4714626 1.5412636 3.7240896 -22.370218 2.363484 39.146637 1.2364812 4.030808776866571 
Car -1 -1 0 755.5039177273743 177.66235007758138 819.0372053282434 199.98696010974902 1.4624659 1.6048175 3.9537647 12.264099 1.8071984 49.8943 0.6508303 6.1348545165563 
Car -1 -1 0 70.59161660409117 191.27734873707294 122.83711568627308 224.36907320945238 1.5156729 1.600346 3.9554005 -26.608929 2.5286682 37.54533 1.1144783 0.7716566761350078 
Car -1 -1 0 667.7475685613999 183.11209083257768 686.2428494806701 198.66626549296572 1.4988979 1.5918314 3.897216 6.967093 2.584465 74.3007 1.7434844 0.2502366304397583 

