Car -1 -1 0 812.5432047624587 175.35538190988723 954.1358367710377 258.4086875376644 1.4690104 1.5959644 3.7700698 5.424787 1.526926 14.7918415 1.6092116 102.27073043358953 
Car -1 -1 0 439.0803588583359 182.18513521453377 482.4343365211048 206.32178706226904 1.4682684 1.7497306 4.3801994 -9.805287 2.1160846 47.856987 1.6272235 30.890655581981054 
Car -1 -1 0 314.69759363103566 187.76210260709925 415.65049599357786 220.27289032781098 1.4312158 1.6744444 4.4785223 -11.862106 2.1913278 35.066246 -0.44672167 46.08701547667253 
Car -1 -1 0 172.25548056935807 191.20675773824343 280.7667600129418 230.01123155218372 1.4499971 1.5674621 3.8048902 -16.305054 2.286327 30.871128 2.178927 61.85819870765716 
Car -1 -1 0 503.6434213301009 178.820714429922 578.0943950860333 209.99138806879526 1.5020982 1.5858729 3.5756576 -3.537923 1.8215792 37.012596 0.5598771 73.7755634436599 
Car -1 -1 0 6.556397160534377 192.27828261747734 166.50505050101032 241.00759444807096 1.4641985 1.6945174 4.3584614 -18.575447 2.2233229 25.868374 2.0240488 71.21215014363666 
Car -1 -1 0 637.6228299674891 173.486486203718 662.4353448492393 198.45859395218227 1.6412963 1.6333575 4.0474377 2.776819 1.686578 49.592686 1.6248586 11.81980705513204 
Car -1 -1 0 244.5448816296863 186.38421564956658 330.6540676452569 222.14780496505793 1.6193843 1.6203222 3.5791957 -15.954875 2.3251734 35.83648 -0.73587286 14.950451023324442 
Car -1 -1 0 129.18835987412587 192.17029368586225 231.39238661369833 229.96672582949896 1.490927 1.549045 3.6216838 -19.133291 2.40502 32.264442 2.2768693 5.445899182924135 
Car -1 -1 0 490.9391973230377 181.34569477473295 515.4137194709818 198.85184649153 1.512687 1.5777743 3.7862322 -9.717342 2.313425 66.12241 1.6011475 1.007207909326149 

