Car -1 -1 0 378.05359815205765 180.0977830229459 468.9446288034022 213.6170588709621 1.52084 1.6206021 3.8888829 -8.710981 1.8709505 33.99552 -0.035208642 41.564363224411736 
Car -1 -1 0 0.0 189.3072933355781 287.92117297113225 294.742883227492 1.5526724 1.6802363 4.334647 -7.7972507 1.8415598 11.785072 -0.020193627 107.12697493408814 
Car -1 -1 0 213.4695790184987 183.2617447540106 390.03904468027383 245.14424907623277 1.5724452 1.6551068 4.07919 -8.239364 1.8671011 19.53169 0.033761237 72.45479811198665 
Car -1 -1 0 569.4072503932795 175.0824427564873 601.6808875021311 206.25778999398418 1.5613728 1.6291766 3.8737261 -1.2737083 1.6859642 38.379314 1.5391302 26.314854855756945 
Car -1 -1 0 287.5093186647634 186.35020000407079 419.3792468439175 235.92111007994592 1.4499748 1.5566416 3.5387213 -7.901811 1.8858495 22.43924 0.048754264 40.54597106537418 
Car -1 -1 0 502.29323768453133 179.30370522285375 544.5072827095564 212.6487593887996 1.409664 1.6784992 3.9819977 -3.9195628 1.725698 33.322323 1.5175155 30.24166404884802 
Car -1 -1 0 73.5798528694065 190.0565741811012 313.8944322220034 271.98995201074007 1.4907546 1.5995986 3.8764338 -8.143033 1.8531674 14.344371 0.02945117 32.537836758459086 
Car -1 -1 0 154.2520678737938 190.9518488123417 341.79886699532 257.3790220265664 1.4602962 1.5692341 3.699232 -8.523893 1.9132149 17.194609 0.04260166 13.04799865050313 
Car -1 -1 0 327.98900953980854 170.65291850964218 381.8483911154164 195.5136587181173 1.4627383 1.7053998 4.356082 -15.677617 1.3332324 44.65144 1.5951062 0.7798346989286591 
Car -1 -1 0 677.5661637739653 169.41029079588972 706.4302486103048 186.154361321198 1.4932494 1.5546082 3.7790875 7.5470715 1.1861364 66.35262 1.3733293 0.26924455165863037 

