Car -1 -1 0 841.2099997108579 173.59383489944838 1090.8118998998193 317.96713584819344 1.5508745 1.6003854 4.1022296 4.5128713 1.563144 9.869225 1.6330037 107.57630503799726 
Car -1 -1 0 723.2853397445973 178.55913519286983 787.9378848887093 224.81971077897782 1.5059787 1.5998118 3.9033022 5.162632 1.7266273 25.939915 1.5890119 35.5656246260539 
Car -1 -1 0 551.509869179515 178.78942359424178 610.373465173988 203.56521563685592 1.5159749 1.5788237 3.5542386 -1.861862 1.9128048 46.59025 0.5954276 51.584343108632275 
Car -1 -1 0 375.2271013604349 188.0212818547839 452.22934060174265 213.4693582538254 1.4806383 1.6803687 4.4703007 -12.434084 2.4821098 45.868523 -0.47755355 49.161207568396335 
Car -1 -1 0 35.11639287732357 195.32593316232476 168.9256558938885 238.66309749957222 1.555649 1.7673397 4.479966 -21.497713 2.5899072 30.802193 1.9078417 48.41453578917016 
Car -1 -1 0 182.8913327327692 190.9777449888254 281.0959746494825 224.52308715070149 1.4829065 1.6319965 4.3002605 -19.077648 2.461408 36.664204 2.0175726 28.08082917898361 
Car -1 -1 0 276.6988169432682 189.49680643862234 354.7547286761948 216.60764976432662 1.3869554 1.5782394 4.0208507 -16.891068 2.3967226 41.65097 2.119684 40.82740881841975 
Car -1 -1 0 462.40359549660496 183.73650725803572 494.091355358536 203.95435446751515 1.5171615 1.7391553 4.4189286 -10.643272 2.4366722 58.748726 1.5797712 18.683034494792167 
Car -1 -1 0 617.8772679262414 176.5196743090152 642.9291734134188 196.11707151987378 1.5669758 1.636988 4.020852 1.7155505 1.8851122 60.545162 1.4810721 1.9826547379314463 
Car -1 -1 0 134.89184136420957 184.9407349498465 225.27471413158165 219.83229223321703 1.6891882 1.6011657 3.840926 -22.79131 2.3673615 38.422455 2.0988917 0.3389620780944824 

