Car -1 -1 0 666.7171085930529 182.6533989042899 750.9518342206459 243.41248487835978 1.4358263 1.6248085 3.9993737 2.5997343 1.7313201 19.731052 1.5364456 97.22731205858972 
Car -1 -1 0 651.4711361894954 179.08883049283583 697.3427943360147 218.2428132790625 1.5484223 1.6164769 3.7346573 2.7270808 1.8324857 31.002245 1.5655408 31.448466753270836 
Car -1 -1 0 299.16099974803717 189.25117471713907 463.25854001020707 256.8231751468024 1.4218651 1.5577943 3.5215697 -5.5308313 1.8585478 17.592995 -0.585984 94.15120372312296 
Car -1 -1 0 346.61995910124944 183.2027867530398 485.9223530985906 245.07456404666866 1.589756 1.60666 3.5812435 -5.5039077 1.9069072 20.581924 -0.47269428 28.283882394154965 
Car -1 -1 0 384.9733815213263 185.75088988231352 505.3446340626587 237.55404311944943 1.5162265 1.5772108 3.5355382 -5.3096128 1.9593006 23.319363 -0.44213957 16.98184071147418 
Car -1 -1 0 663.0824065729364 181.25968640415613 718.4625828287964 227.87382313634274 1.5052965 1.557694 3.353647 2.8164055 1.8230472 25.591595 1.5616257 14.268979068586521 
Car -1 -1 0 469.0131333692287 181.87443995228963 550.3247562171044 211.7794420417701 1.5020394 1.6437552 4.0442476 -5.389016 2.0127642 39.080948 -0.560838 36.05928016065531 
Car -1 -1 0 642.6766877307458 179.49146273000397 674.9240515315274 207.18737045860638 1.5565978 1.6008756 3.5855215 2.9108615 1.9709773 43.233635 1.5456994 7.954969654655369 
Car -1 -1 0 492.94383568373803 180.80711529703035 558.1581322111481 206.90730899167687 1.5301001 1.6106699 3.6923685 -5.2130737 2.04161 44.832405 -0.4855006 12.069920425585613 
Car -1 -1 0 633.5037717074097 176.68960121478946 657.7368561739413 200.94776636367078 1.7294528 1.5992777 3.885496 2.6664448 2.0268793 54.00373 1.5654641 0.2636180520057678 

