Car -1 -1 0 652.7476588193542 178.04480212326789 699.163970909617 217.5419255069941 1.5361083 1.6171757 3.6516743 2.7357295 1.7677112 30.367638 1.5707005 43.4831339308009 
Car -1 -1 0 25.425828516891436 196.74064942979933 405.7045238033821 375.0 1.4590979 1.7052417 4.4007573 -3.6518106 1.7887623 7.752241 1.5643274 123.37862934325412 
Car -1 -1 0 685.4343456067953 173.0539744763439 769.1629089013808 241.3852549158824 1.6406362 1.664245 4.170568 3.0501425 1.6466069 19.440056 1.5934527 57.956695067827624 
Car -1 -1 0 305.7036402376201 184.04245640538736 469.969510811806 292.8472205982091 1.5472363 1.6956527 4.298757 -3.709374 1.7804854 12.874225 1.5483184 76.19655968469989 
Car -1 -1 0 411.4577107325545 188.40676957418373 506.80419981331545 257.52279999292864 1.4410771 1.5491253 3.846187 -3.5912213 1.8669807 17.834545 1.5724231 32.870303962510256 
Car -1 -1 0 461.05570181194145 184.18164570945805 529.9685786847651 237.1101016230569 1.504422 1.6321324 4.033668 -3.6018853 1.9035571 23.39948 1.5615907 13.840091582766197 
Car -1 -1 0 628.1448601837669 177.06188974476487 652.4279583334131 195.19028532291418 1.5069269 1.6428757 4.1231837 2.652752 1.887151 63.079727 1.4942933 3.6082492229150507 
Car -1 -1 0 533.9631496516417 181.27760633771283 563.6175358136348 209.46573223252764 1.4995441 1.58932 4.0493584 -3.4682157 2.0102892 41.68358 1.5160325 1.4657152598694543 
Car -1 -1 0 491.33472366368386 183.49538889766816 548.8740638429532 226.106881545663 1.5123255 1.6102558 3.9631264 -3.472771 1.9644114 28.634983 1.619823 0.8265926965203402 

