Car -1 -1 0 745.3200239510403 180.3876585540023 990.4358660716066 331.0446114421185 1.4929075 1.6378298 4.3405204 3.0522406 1.6153942 9.54966 1.556765 138.90941027015415 
Car -1 -1 0 674.7498721707842 178.22259883092306 757.072046087551 241.36898129604248 1.5066447 1.5788186 3.505609 2.7456164 1.6634399 19.295534 1.5380763 78.9716262023938 
Car -1 -1 0 255.72635509434826 190.919569414041 447.4250481110982 275.35310338947676 1.4331496 1.5363846 3.3525639 -5.1410203 1.8350837 14.485608 -0.586571 131.95588194931705 
Car -1 -1 0 651.0212541160092 178.6037259470439 713.9951967800637 226.54070251050055 1.45976 1.608362 4.284211 2.4000545 1.6734555 24.653862 1.5438713 47.377054421599645 
Car -1 -1 0 457.2375843580781 182.55716679282358 537.3183257993944 212.3753628201438 1.4297435 1.5911238 3.770645 -5.790942 1.9536203 37.311554 -0.5340802 37.516417338817774 
Car -1 -1 0 320.5060594980191 188.217476159658 489.78033450658523 257.87926649560814 1.4761987 1.5953388 3.6882586 -4.98198 1.8904396 17.748592 -0.60600674 29.23183743599775 
Car -1 -1 0 625.6964980722312 175.61448985276448 656.5552853967605 202.57681261366642 1.535203 1.6345725 3.7119298 1.8564323 1.7081423 43.33455 1.5552516 13.581917337553223 
Car -1 -1 0 376.89469728740875 187.2349606944165 507.0542554086857 238.01245306219147 1.4458507 1.5938201 3.7560184 -5.348102 1.940107 23.141165 -0.5468206 15.185338345653427 
Car -1 -1 0 488.84028338915994 180.2120772056983 550.66560824126 204.32510914529078 1.4755845 1.5868071 3.6434517 -5.80702 1.9685347 46.735806 -0.52806556 8.189568842522782 

