Car -1 -1 0 750.8575032728913 183.854164597022 1108.0390123314776 375.0 1.4347262 1.6075438 4.105424 2.6364949 1.5742674 7.082081 1.5474781 121.23652073805899 
Car -1 -1 0 680.7170380700302 175.58096585926182 769.8555459763579 244.6642705023954 1.5547142 1.619691 3.8645623 2.8207612 1.63131 18.328959 1.5638942 73.25014313249068 
Car -1 -1 0 718.4260943717367 180.3294129753112 851.6547897697501 280.02517656521917 1.4740086 1.5627046 3.5551338 2.9309232 1.6245303 12.732927 1.5945975 94.78861271379911 
Car -1 -1 0 655.9005297651431 174.87405693917273 704.9584463187044 214.68113393052485 1.5659344 1.5838934 3.330925 2.9165864 1.6554049 30.257132 1.5240982 54.25203425565655 
Car -1 -1 0 405.9335824270197 177.929123597433 522.565449787904 221.70153620174085 1.465271 1.6090232 3.845849 -5.2641573 1.6626189 26.308084 -0.59948456 95.95383119398788 
Car -1 -1 0 0.0 179.9842889443062 301.3865706909716 360.53446633853207 1.5730636 1.6326225 3.8558173 -5.476836 1.6660933 7.909646 -0.40117583 82.79238157848079 
Car -1 -1 0 76.02581851635858 180.4654350540458 384.9178792301075 303.1911793856469 1.5393772 1.6085763 3.7905817 -5.3879833 1.6678364 10.705262 -0.39538535 63.19610483140692 
Car -1 -1 0 477.96630257985885 171.62826546261917 556.0313031207506 204.94539988933855 1.6688249 1.647494 3.706543 -4.8356533 1.6074288 37.795902 -0.5360377 18.378407226321986 
Car -1 -1 0 459.0602995778965 174.99627767223734 545.419906370665 210.9882605975232 1.5187514 1.5832281 3.4709954 -4.7771673 1.6190207 32.202553 -0.537996 29.376485953933013 
Car -1 -1 0 649.2320335260366 173.17397496317008 679.3003399516731 201.95297056013482 1.5603501 1.6297826 3.7183137 3.1049054 1.5794134 41.07558 1.6420579 6.328654444700292 
Car -1 -1 0 655.0041933233813 173.78042465279594 692.4693334826162 208.6030324939284 1.602329 1.6033691 3.9550705 3.0886266 1.6502349 35.309326 1.6024796 0.838041050738922 

