Car -1 -1 0 715.3042919209287 165.2910525894725 886.7902344963728 305.32839439581835 1.7615542 1.612839 3.7375567 2.6827552 1.6664186 10.94592 1.57178 126.20933598653548 
Car -1 -1 0 910.5960344238529 175.50612446074084 1056.4427054093305 252.31774430794357 1.6562157 1.6525053 4.024352 8.991242 1.7289785 17.747593 1.6171716 89.30568265012698 
Car -1 -1 0 357.2629620964303 177.84834307796737 494.540209571981 218.21082843779607 1.4123764 1.6958382 4.6343126 -6.641362 1.6021616 26.45286 -0.051301286 123.54853694176269 
Car -1 -1 0 406.8992404241151 177.80374726836956 512.7723962380466 214.052082415294 1.511097 1.6541548 4.2300215 -6.401164 1.7304806 31.14378 -0.0043980703 31.449016972608163 
Car -1 -1 0 593.5046232382971 174.28900420317007 619.7343587697694 201.69399978520295 1.7001331 1.6351153 3.8046415 -0.15873295 1.7971634 46.875374 1.5837803 10.393099358195048 
Car -1 -1 0 684.4604979958307 161.2113901912456 794.3644789414341 264.9526898695882 2.0313003 1.8111433 4.614665 2.7848978 1.8033328 16.462301 1.6017759 60.02296775209971 
Car -1 -1 0 1074.4451009965624 184.76644363717892 1206.5310926333318 226.08611971155915 1.4811192 1.6040432 3.8632317 19.986406 1.9455703 27.2516 -0.04086055 6.193159219883945 
Car -1 -1 0 517.2763653629759 177.52320279926636 542.705442766415 200.87149817794275 1.4872062 1.6207833 3.7456582 -5.3330483 1.8146904 48.67025 1.4835453 2.1507490989482525 
Car -1 -1 0 637.8043224604206 177.88124654721634 657.5592075206426 195.23314232552252 1.4526514 1.5721134 3.918232 3.3287377 1.9088731 63.51223 1.5812635 0.5330457733201586 

