Car -1 -1 0 52.072623183637006 192.8273049064227 420.59870899360095 375.0 1.4788141 1.60342 3.6327713 -3.0002725 1.7151408 6.704956 1.5503824 104.42532953470563 
Car -1 -1 0 772.1720989206526 175.339794018586 1168.6492179668478 375.0 1.5310608 1.6173301 3.759018 2.6543508 1.5593963 6.341886 1.5750132 92.48696282332469 
Car -1 -1 0 713.9135174960446 176.81610699926222 880.364548947078 296.4156976590757 1.4583089 1.5337373 3.4247587 2.5671906 1.5261302 10.6313715 1.5613539 74.03751466943156 
Car -1 -1 0 655.5392551535531 173.8130955133829 719.5890638264606 228.82521446742166 1.5725031 1.581628 3.3266916 2.3437033 1.6044465 22.357388 1.5569979 56.58866904661529 
Car -1 -1 0 675.104025726214 176.7350161863329 768.8047754399074 248.49528522860484 1.4714291 1.5627642 3.5393076 2.4988036 1.5712447 16.772606 1.5512402 52.28564442340653 
Car -1 -1 0 253.2712173899765 178.79325449002823 437.3239231233308 249.73881671011696 1.7086277 1.6917326 4.1203756 -6.65455 1.8689209 18.50631 -0.059622813 53.80102869349908 
Car -1 -1 0 0.0 173.6541300874348 285.95831940775815 318.52133461459164 1.7478695 1.6877899 4.0320725 -6.7084465 1.759534 9.617183 -0.028819634 63.477529299252545 
Car -1 -1 0 643.5581100096268 174.9217844476526 696.6161526773237 219.0941810887801 1.530127 1.4941485 3.077622 2.1881366 1.6112936 26.732662 1.4968027 11.849896524845851 
Car -1 -1 0 351.28002882236575 183.07999485028213 480.4950931793411 226.89754468408105 1.4646173 1.6240821 4.1203685 -6.8185687 1.8418534 25.604073 0.09987131 12.839845888449378 
Car -1 -1 0 146.046787402822 181.86474096362213 380.9536474339415 260.5051528042425 1.5528343 1.6590554 4.19103 -7.2133646 1.7555547 15.342249 -0.029344602 8.320222022574933 

