Car -1 -1 0 633.5230605387511 175.278629580036 676.6095910729669 209.48046066126287 1.5280493 1.614951 3.9539762 2.1206455 1.6508875 34.538696 1.518677 34.57784844888905 
Car -1 -1 0 428.2977200838589 183.71031457365495 518.7328570190407 218.97205565694443 1.4426191 1.5728874 3.6439412 -6.052394 1.9526469 32.223885 -0.59623826 45.26498756876597 
Car -1 -1 0 908.0545049368968 161.30658845211926 1048.8251625087262 212.86236696997022 1.4507785 1.5939727 3.8868968 11.114732 1.1258345 21.74865 -0.36918703 16.873119706580482 
Car -1 -1 0 415.2219159280933 184.18217892536046 527.9890825762814 229.22501315569187 1.4771519 1.5881345 3.6866407 -4.970434 1.9124322 26.101767 -0.53508717 13.968630354900633 
Car -1 -1 0 630.543050155037 175.05255909556402 656.5722513838323 200.5378789600901 1.5420262 1.5858886 3.651001 2.1443253 1.687333 45.832794 1.6098238 3.741068571326189 
Car -1 -1 0 502.15905787797686 179.6818761606423 559.3738587792265 200.8652229226909 1.4950075 1.6183369 3.9260662 -5.857253 2.0201874 53.768166 -0.56169385 4.9675628603145 
Car -1 -1 0 515.2018538873634 179.30253245058609 562.5828397758072 198.44518734599225 1.5064772 1.5863472 3.5472484 -5.814534 2.0519683 59.445396 -0.5385735 3.9591407361011175 
Car -1 -1 0 444.4353847992144 181.08253522120748 529.3960036727335 214.38539742557433 1.5323694 1.6160045 3.8354077 -6.027013 1.9542893 35.474747 -0.42178386 1.377170853745781 
Car -1 -1 0 454.5736941958851 181.85691807450831 530.1575073620713 211.63284659212906 1.5046053 1.6092618 3.8551233 -6.2637815 2.000122 38.464188 -0.24548595 1.5435346364974976 

