Car -1 -1 0 608.7254745128732 181.38265907295565 702.787798199105 267.8855409278496 1.4476728 1.6255789 3.5091686 0.92915076 1.637444 14.2437105 1.646795 53.528177273491764 
Car -1 -1 0 749.5163849262241 181.58515724584163 902.9682881807972 313.4477421296543 1.4798052 1.6122761 4.156452 2.9410522 1.634021 10.565115 1.7288284 77.71336182115509 
Car -1 -1 0 488.1844856997919 178.04093430534166 576.6645004320832 243.8080613327251 1.5483531 1.6308029 3.7838073 -1.9476222 1.7008612 19.255566 1.663663 96.66401494875838 
Car -1 -1 0 816.3316074322544 186.58940340484048 1164.862328222995 375.0 1.4811962 1.5603496 3.3826036 2.780785 1.6310091 6.082959 1.7169726 97.94441783216227 
Car -1 -1 0 86.96960514967837 194.03816243893579 237.5027328788193 245.7236441844086 1.4800577 1.5988737 3.7360575 -14.039931 2.1861768 22.848795 -0.22849946 81.9344730967161 
Car -1 -1 0 656.2312466272788 172.135231505121 732.8358069390125 232.91594466737908 1.7166381 1.6761532 4.1603622 2.7557666 1.6963377 22.612411 1.8654819 65.30304829119456 
Car -1 -1 0 799.4067980606552 167.32110487890353 844.0942153927301 199.88740798558317 1.5958424 1.6625516 3.8674273 10.931744 1.3247144 37.386063 1.7069371 42.82407886775887 
Car -1 -1 0 738.0318412959703 173.374357154276 772.7114564871878 195.05779665004215 1.5684733 1.6519821 3.9890356 10.929735 1.609108 54.317516 1.5284369 6.543508418560564 
Car -1 -1 0 560.0551427233031 179.98638970965754 585.6229104436853 197.93363793184704 1.4821652 1.5506301 3.9398003 -3.1873937 2.1279502 63.275383 1.7022716 0.6931449092026022 

