Car -1 -1 0 89.11169434433873 193.49936216912462 355.6374534728636 322.5672716891326 1.4559982 1.6797361 4.2426767 -5.4999504 1.8312802 10.970789 1.600054 136.80252413941997 
Car -1 -1 0 768.505523231024 181.33297396574278 1056.0620904690336 271.44702452815136 1.4070891 1.6381667 4.2203264 5.0087376 1.561896 12.302072 -0.025001137 152.99205116025234 
Car -1 -1 0 681.0585750722954 176.64983309639453 786.6519627451829 218.75233153457242 1.5879425 1.6328142 3.824345 4.8104773 1.7411427 28.246374 -0.030851597 29.704298249982287 
Car -1 -1 0 739.0985887138331 181.103616742553 961.3870014127133 255.3760199160863 1.4287384 1.6072975 4.0579953 4.8647404 1.6092482 14.929278 -0.027278466 37.311199149138936 
Car -1 -1 0 692.7884068415714 179.4277696154792 850.3407511851309 238.309546856914 1.5389924 1.6256645 3.9778695 4.46463 1.7322547 20.153858 -0.12724015 27.101679326909984 
Car -1 -1 0 715.9817923994294 179.5110899250448 891.0205541373688 244.08214763982608 1.4521513 1.5765173 3.7552207 4.589587 1.620988 17.36007 -0.08207526 30.42888354742731 
Car -1 -1 0 464.11997829925457 181.49655114573815 500.47630466822443 213.43684871739583 1.4949098 1.5817237 3.5383883 -6.410923 1.9555244 36.611603 1.4636984 13.855816724902922 
Car -1 -1 0 673.8362261845036 178.48070478552827 770.1748271555665 214.57446475583944 1.494458 1.5970131 3.8389044 4.807952 1.7446076 31.125042 -0.08186467 6.075044851401284 
Car -1 -1 0 652.5584844799088 176.6099961079098 689.5571454163875 207.26064840524705 1.4648864 1.5458583 3.5275192 3.0821905 1.6651013 36.69027 1.5604992 3.884213166365717 
Car -1 -1 0 521.7482270674881 181.9461632982269 547.5844010747139 203.07997615381635 1.4929893 1.5609192 3.7688887 -5.620998 2.2032359 54.47917 1.5704151 1.2193615481109266 
Car -1 -1 0 623.2061738114528 175.199974812267 665.1693652837203 190.1019777635634 1.4661409 1.6061594 3.9531903 3.5045564 1.7095691 73.19332 0.51813203 5.849227178031063 
Car -1 -1 0 509.04979027473513 182.86976177455034 540.1618079009288 207.14929059882803 1.5195018 1.5779488 3.9522781 -5.8072443 2.2290964 49.00864 1.3177378 2.0201167374876006 

