Car -1 -1 0 227.412531621369 187.354101892526 446.4510221336753 319.5648216482954 1.4315037 1.7008554 4.264077 -3.6200163 1.6849629 10.449581 1.5328405 115.86666999403849 
Car -1 -1 0 572.280411509467 173.83807508269624 665.3195998980214 257.4356219161539 1.472604 1.6453266 3.5980544 0.18064857 1.494926 14.559772 1.58066 69.66305285100655 
Car -1 -1 0 777.9732059907718 156.4631056706873 874.7074069950569 212.5135493875634 1.5291722 1.6287184 3.8137536 6.3703556 1.0819945 21.621456 1.5328307 97.96105029824116 
Car -1 -1 0 507.9245249248335 173.6406612301756 565.5108202763976 214.00766639138757 1.5920117 1.7728847 4.514587 -3.0262349 1.6281543 30.848377 1.6254182 35.00729708101288 
Car -1 -1 0 669.9445417112687 167.09055861291782 708.4795807974218 196.54358735553816 1.4795554 1.6697879 4.0957212 4.17401 1.1900321 38.30962 1.5901093 15.646632211444723 
Car -1 -1 0 1051.8555200006742 126.97464403501797 1147.027077387524 161.07674919874674 1.4645455 1.638276 4.0937843 23.296915 -0.59725904 34.508488 1.5242336 10.93933457812974 
Car -1 -1 0 944.3975349914705 140.1548124080609 1159.7376860076222 237.6035033620234 1.7731225 1.6974981 4.0030575 8.995241 1.1781461 14.673552 -0.389265 60.713888720025345 
Car -1 -1 0 1116.0908651392224 122.27821936729632 1218.1693054643395 156.8786086179965 1.4603444 1.681068 4.038635 26.42033 -0.80616236 34.37291 1.5481071 14.035026621113708 
Car -1 -1 0 879.6471556468291 160.5275505462913 985.938638644994 208.550696924912 1.3948495 1.5985167 3.913702 10.124137 1.0368233 22.920307 1.5630482 10.468628739257616 
Car -1 -1 0 0.0 198.00780362056702 87.31151033402253 251.3253744668926 1.5020955 1.6070089 3.8491583 -18.920805 2.379322 23.520473 0.51156706 5.9781041755140345 
Car -1 -1 0 555.0137778764645 176.90638116172005 603.8863942429023 202.82289639209418 1.4838793 1.5425563 3.7322683 -1.7862474 1.7421305 43.963154 1.9653702 1.3184498838204615 
Car -1 -1 0 1078.2185416075004 122.57151754328723 1242.0 170.7856165578022 1.5170871 1.6504366 4.189957 17.977564 -0.07026309 23.644299 -0.019700276 0.9185010363188842 
Car -1 -1 0 648.2433235563905 169.3422017295941 675.7326998924914 194.8883688382797 1.5625627 1.5890465 3.8146136 3.385537 1.347759 46.120064 1.6865774 0.2562776207923889 

