Car -1 -1 0 711.7304436191948 190.1706511844748 814.717008060726 288.16670017774106 1.5079134 1.6423962 3.5744543 2.772531 1.8806382 13.649008 1.7056853 92.8639050335108 
Car -1 -1 0 457.3412888205212 189.13949093424455 551.4625062496351 259.3141938737905 1.4778478 1.6385118 3.760887 -2.5035012 1.9274049 18.001343 1.6173579 89.34745431657954 
Car -1 -1 0 582.4837354890503 187.98547790354203 662.7991176299114 261.68150679933444 1.4384472 1.662143 3.7118618 0.3863552 1.8301153 16.77119 1.6348624 51.97159409481512 
Car -1 -1 0 690.7542266341761 189.6105612743864 764.1030553775247 258.4856378787377 1.4070969 1.598757 4.0895605 2.962389 1.8738744 17.94442 1.7512143 28.984832056407452 
Car -1 -1 0 220.79850278668553 196.36026830899098 324.80471601440394 235.22039237370277 1.4871829 1.5983821 3.695829 -14.028669 2.511137 30.241512 -0.22376561 51.46221359123299 
Car -1 -1 0 68.0321975398975 203.4050062221585 184.70505318988933 245.28055520307745 1.5248959 1.5853893 3.6093993 -19.497404 2.8153086 29.261675 -0.25005174 28.381278411195964 
Car -1 -1 0 768.6158032832969 180.00786315582445 798.366623512441 205.9669360235074 1.5008917 1.5532316 3.6702282 10.741797 1.9635859 44.727123 1.7410743 9.886651030016807 
Car -1 -1 0 619.0636603350197 181.18183320317033 684.9351485938182 236.97312731531815 1.7179656 1.6809456 4.2073855 1.5633414 2.0336158 25.116467 1.7790852 37.80075476010998 
Car -1 -1 0 562.882210837164 186.08328758512874 611.3653162750878 219.2506862531259 1.5235183 1.6480532 3.907999 -1.0874982 2.2376823 36.875244 1.7641869 13.473575213407766 
Car -1 -1 0 604.215707510374 174.61575336750724 653.6451768299677 199.72258581726152 1.7122803 1.6698855 4.2600837 1.438058 1.8442223 51.7816 2.110743 9.598609437032417 
Car -1 -1 0 4.351820683296538 201.20094068189965 101.92630556499519 232.8572912375936 1.5440704 1.6388421 3.928537 -30.286522 3.1515226 39.40638 -0.39314935 15.315712457098961 

