Car -1 -1 0 720.3291569017111 185.08241644432732 882.7461647981005 289.7021461061758 1.4295554 1.6358019 4.386763 3.098861 1.6798939 12.572288 1.5639414 85.4054006894576 
Car -1 -1 0 681.752583132509 182.85566583622602 765.5910090603945 243.3147995561556 1.473096 1.5848964 3.4974644 3.0585437 1.7746567 19.964045 1.513738 62.41465709764641 
Car -1 -1 0 2.861353262743118 194.70949863672078 151.10255709260565 251.87111748962164 1.5011626 1.6458039 4.199078 -16.531433 2.2527597 22.692057 1.543544 49.078734668457585 
Car -1 -1 0 791.6714331915728 185.58404916674644 1155.214511458341 375.0 1.4663614 1.635319 4.200878 3.119698 1.6316915 7.2469597 1.6006789 68.91928917439164 
Car -1 -1 0 128.64142003904678 189.88442634172802 220.6078687594401 233.43687314260703 1.4947958 1.5428493 3.5986428 -16.78273 2.1998558 28.035906 1.5205762 28.03614621383125 
Car -1 -1 0 266.21701198796404 187.81279193687075 324.6381824295027 218.91067541420878 1.4750104 1.5906162 3.8103685 -16.482021 2.3039398 38.03883 1.5178361 11.509660752136087 
Car -1 -1 0 659.0778097178124 182.67335666815268 710.9972546385134 221.30035586824536 1.4292079 1.5852777 3.8756244 3.0346014 1.8596869 29.664713 1.5315909 20.102241614408577 
Car -1 -1 0 199.13595250263512 189.46387975230235 272.1989559934901 226.14425585183963 1.496759 1.6119306 3.6732054 -17.018484 2.3003092 33.02605 1.5125661 17.864664928536566 
Car -1 -1 0 599.215601302927 178.8848243173629 618.4567621958951 197.5999587036795 1.5648842 1.6406568 3.6932335 -0.059209585 2.1099977 63.370613 1.5721318 6.3034051026552635 
Car -1 -1 0 359.00878763678395 184.26378117274922 396.9243546676935 207.6128633648037 1.587597 1.6138699 3.8106108 -16.914696 2.4537632 52.855625 1.552865 2.4313581466296994 
Car -1 -1 0 669.9296192571352 182.77211977809912 731.8405350554092 231.14190894112184 1.5151134 1.5893116 3.6417804 3.1131825 1.8869432 25.204315 1.5378036 0.3427475690841675 

