Car -1 -1 0 386.3821170771158 193.35124459061674 493.98291777820253 267.7245980548371 1.4571551 1.6982691 4.599802 -3.9918149 2.0272617 17.743525 1.5396897 89.61674315518067 
Car -1 -1 0 19.99971437294943 207.2533607114418 176.37068622385786 278.7098563723563 1.5213807 1.581008 3.6326513 -13.236022 2.5123727 18.955645 1.5521659 44.33800331083565 
Car -1 -1 0 173.70777515536244 202.8692244084433 282.40470096234066 251.23702135185061 1.442106 1.7323351 4.4049325 -13.837508 2.6362703 26.487099 1.5506244 44.01899811984753 
Car -1 -1 0 905.5332280562722 176.35361592781067 1092.7593838341452 259.23086440759437 1.4666703 1.6480091 4.277547 8.080927 1.5478456 14.833084 -0.6121365 89.26074907956472 
Car -1 -1 0 1004.0708203544057 179.27377291347082 1242.0 280.38737832853417 1.4021089 1.5962588 3.96844 8.498663 1.5211552 11.793389 -0.4533795 63.76959290967025 
Car -1 -1 0 273.52464366788547 202.57230764143824 321.90945204488486 231.5209784722041 1.4617811 1.5323479 3.5218196 -18.082998 3.2657058 41.98121 1.4904777 13.356345745310035 
Car -1 -1 0 846.7281662244275 180.3669164708472 1000.9225783772112 245.6358882041231 1.4055197 1.6026258 4.0793214 7.8044434 1.6098275 17.7905 -0.61488694 60.81951559219125 
Car -1 -1 0 729.3957504346743 175.80830165491494 848.9816135583128 218.97585683242406 1.679036 1.7186546 4.4068017 7.276965 1.8042512 29.403852 -0.14946607 55.32813106024497 
Car -1 -1 0 528.2951156791355 184.4072051300628 567.3555636200116 221.99681686482114 1.5440533 1.6623309 3.5384433 -2.7555168 2.0948896 32.5799 1.502595 19.84619872553956 
Car -1 -1 0 808.9543149841437 179.71045998309677 894.0845459557602 236.02683638912043 1.4298502 1.6163774 3.939558 7.1013627 1.6489553 20.945633 2.0876434 20.961542366038636 
Car -1 -1 0 770.8657479012832 180.55628344563127 884.1938004262771 228.8287572636128 1.4194188 1.5818967 3.797862 7.150921 1.6895748 23.54356 -0.6360091 7.426194458521974 
Car -1 -1 0 639.1382833167419 180.64651442846855 666.0734771951862 202.5399718759592 1.6600089 1.6260552 3.6967373 3.4264035 2.30692 57.985596 1.4802252 5.49212539672782 
Car -1 -1 0 298.2399319038903 202.50277643982193 374.5478966078458 244.36337878888742 1.4284788 1.5495894 3.9706411 -11.046604 2.7209175 29.45369 1.5893091 3.5767769120476554 
Car -1 -1 0 1092.8231349175364 157.2486521337202 1203.5015031243763 194.18761196766894 1.4707906 1.6000928 3.92414 22.804012 0.8494357 30.744398 1.4979645 2.0141877254738874 

