Car -1 -1 0 614.023490771873 166.52003444307837 748.4754151810475 213.8679651825059 1.5346038 1.6921525 4.369269 2.3914692 1.3293122 24.401924 0.079079494 95.67908280860117 
Car -1 -1 0 920.9501958055471 155.3521580966554 1070.0800774203474 202.72601043893815 1.5247092 1.6549535 4.1223965 12.824549 0.96141905 24.121172 -0.034832925 111.32822591450997 
Car -1 -1 0 774.6224698739763 163.06894317061776 915.98727178525 207.5265530404212 1.4539965 1.6557271 4.245459 7.9001102 1.1339738 24.42859 0.0012567753 95.17145972897517 
Car -1 -1 0 1074.5807562641253 155.17624345169577 1235.7506099104714 200.8402114933687 1.4532205 1.6249009 4.0742083 17.897366 0.8906394 23.790737 0.007820649 38.23770651639067 
Car -1 -1 0 244.46735038882076 182.91412056921337 347.7218222052769 218.3096095411238 1.4345437 1.5803931 3.687587 -13.22039 1.8721871 30.553505 0.024659146 31.101261397179087 
Car -1 -1 0 530.5957928732216 168.7999606260834 601.6637147896281 201.85643956496367 1.4389936 1.5124316 3.4175546 -1.9520206 1.2625155 33.25074 2.15893 56.156709370791454 
Car -1 -1 0 588.1298117955383 165.9665194259745 664.6369400704855 199.5103690594205 1.4478595 1.6563777 4.077186 0.8440673 1.1505737 33.307655 2.139362 22.72920708475782 
Car -1 -1 0 726.5748495607618 156.3384081126168 814.1687653009169 191.86394012377608 1.5137098 1.6214932 4.0365133 7.2995076 0.80999565 32.600193 -0.6404882 7.245002642417901 
Car -1 -1 0 911.1419924082594 155.1251495141871 950.1011048907814 187.5420876176865 1.4413419 1.5986545 4.162298 15.257528 0.6530706 34.3078 1.9896269 2.241162161180574 
Car -1 -1 0 779.1692450045501 150.28505695874344 814.2605339965783 169.79495622807607 1.5987103 1.6110077 4.094136 16.008934 -0.27140898 61.902832 1.4755161 1.94944889261981 
Car -1 -1 0 721.9644620878297 156.81561237584847 797.3184768083809 193.05891330190966 1.5326734 1.6267405 4.027834 6.830351 0.8544345 32.58026 2.2659829 0.3492964112686269 

