Car -1 -1 0 714.8301761573512 174.92516698243782 844.3502967131996 277.2580287372762 1.6546923 1.6377348 3.991804 3.0631902 1.7000085 13.76787 1.6001648 116.96650499852312 
Car -1 -1 0 665.5686125948818 180.00803190163515 723.5178221414117 228.91099614826877 1.522249 1.6320868 3.7780128 2.85897 1.7882563 24.923195 1.5916984 67.6354051171919 
Car -1 -1 0 1.082425173322418 185.32300174825858 397.09419478415595 375.0 1.5820006 1.696323 4.2462025 -3.6340337 1.7470465 7.4171653 1.5583818 106.23009307890298 
Car -1 -1 0 311.1693629485616 191.36395411287796 461.0387780008045 299.0415008533311 1.4402888 1.5757086 3.7675085 -3.590837 1.8037575 12.241127 1.5112888 56.70781110750246 
Car -1 -1 0 455.13822127504415 185.82362398051106 529.0442965117048 239.00175225583854 1.4860824 1.6345067 4.0341983 -3.6732497 1.9395225 23.191223 1.5932869 28.601599745032896 
Car -1 -1 0 407.8146969916311 188.20110164984732 506.80500868663694 259.95940063206524 1.4697146 1.645715 4.1573668 -3.6060472 1.892298 17.771221 1.5486863 34.27185579938019 
Car -1 -1 0 519.9185337842308 183.84286688272977 558.4919518423208 215.3766702809798 1.4331775 1.5601931 3.8270507 -3.4631782 2.0112624 36.042625 1.5690248 19.18553218335926 
Car -1 -1 0 249.25864963074804 149.82735738206586 366.0232232651835 203.6235987457973 1.4609697 1.6004779 4.098343 -8.913103 0.8356243 21.687477 1.6291292 2.629461751087413 
Car -1 -1 0 633.6847548494794 177.8009683911536 657.696425548256 197.42753026564554 1.4784434 1.643141 4.0568113 2.8419652 1.8861423 57.423218 1.5544627 3.4218200387294346 

