Car -1 -1 0 677.2377803073084 181.71461150126643 785.4291023945797 263.317036764113 1.4717922 1.6248693 4.07194 2.4625998 1.6871026 15.494792 1.5678228 85.2471132940772 
Car -1 -1 0 650.1659519599988 180.81671488075014 721.728356192877 238.95948040621641 1.4992098 1.6145712 3.9146545 2.1391532 1.753993 21.11591 1.5532761 59.68570741057532 
Car -1 -1 0 514.6095613271923 179.79315209704876 547.2645879056685 208.95889590459163 1.4602549 1.6368139 3.7697735 -4.204824 1.8539292 38.99218 1.4936457 24.049365773135193 
Car -1 -1 0 147.12939285150918 185.1633041424289 389.00330951076245 266.93554534316814 1.5483027 1.6593484 4.206261 -6.900468 1.8194323 14.923308 -0.06746763 85.3552321718823 
Car -1 -1 0 0.0 195.3277787436547 321.6258930877435 330.66438994915546 1.4204469 1.6494434 4.335577 -6.087199 1.736136 9.036684 -0.12998699 112.85861394192831 
Car -1 -1 0 341.85953523402947 181.64181493618256 456.9007275838067 226.3477388053196 1.5239906 1.6017816 3.7590795 -7.491793 1.8527833 25.99345 -0.110130936 52.0868522576839 
Car -1 -1 0 633.052598785445 178.08027390282865 692.8789015573651 224.2868124998632 1.5314305 1.5937009 3.695164 1.8701358 1.73546 26.257301 1.4819859 35.95857187971308 
Car -1 -1 0 254.7685102392439 189.51625822726842 444.23314765604755 255.39050708043482 1.4662681 1.6191971 4.0546036 -6.274452 1.896996 17.617874 0.113633946 34.710969403119975 
Car -1 -1 0 359.5099401702853 175.70197529630542 467.2485887755966 219.51801654574194 1.6808112 1.6493547 3.9667702 -7.772463 1.7989851 28.878088 -0.12282237 32.7539464283776 
Car -1 -1 0 627.7772772708787 179.38106992152893 669.3513127898266 217.23675603603118 1.4638233 1.5343055 3.6045082 1.5877721 1.7545285 30.329905 1.5655618 3.474420213914717 
Car -1 -1 0 462.86402350573195 180.37294839392092 504.32338495040545 210.26900413342327 1.4644411 1.587016 3.4511833 -6.5741105 1.8778223 37.94121 1.5678285 2.9193393616932175 
Car -1 -1 0 613.1697663842313 177.9270789605819 653.759731396425 210.42278635357 1.5338447 1.579909 4.034501 1.1643605 1.8071302 36.788216 1.4794942 1.6550080385131625 
Car -1 -1 0 608.0866606303175 176.58107670769036 640.5051300870952 203.6546315404672 1.5025673 1.6195138 3.7929177 0.8269126 1.7322174 42.518932 1.5132647 0.274362713098526 

