Car -1 -1 0 658.5733300882277 174.69498265580904 733.5053046998644 230.275362408506 1.4700112 1.6063509 3.5429811 2.4281087 1.528225 21.00948 1.5251254 79.04645242607927 
Car -1 -1 0 628.4534597096473 173.0654020880337 677.2238720223521 210.93519706082435 1.5322328 1.5885135 3.6851118 1.8066865 1.5419071 31.117556 1.4871049 38.70296285170799 
Car -1 -1 0 313.86571445905327 180.1188348378091 457.50557116767277 225.50835439019775 1.4213396 1.6387881 4.2560973 -7.298159 1.6705096 23.819426 -0.051547203 59.82414906457391 
Car -1 -1 0 91.88188233655988 178.53349801936798 358.82445406294147 269.6504670028767 1.5382185 1.6389538 3.9801855 -6.8370504 1.64828 13.134535 -0.014359437 117.21524716569841 
Car -1 -1 0 206.36934803159588 181.44589184170457 420.06612104966626 253.04803618400828 1.469035 1.6182756 4.0323725 -6.3872275 1.6680049 15.858492 -0.020744879 51.293890264314406 
Car -1 -1 0 385.0619508070985 171.83329536768946 487.7867510067331 210.46955000115895 1.6120167 1.6497593 3.9963312 -7.383669 1.5694298 30.996044 0.03352718 15.419158357252652 
Car -1 -1 0 430.58003259303706 169.85954963444877 507.5764089492092 201.5861539644745 1.7411051 1.6860464 3.9525325 -7.8575287 1.5767742 40.55611 0.0596194 6.3258644571781 
Car -1 -1 0 599.3414503217138 173.28420506507814 616.5194692726761 188.8716946091881 1.5350171 1.5747126 3.7100794 -0.18652594 1.5796982 73.04955 1.5237842 1.2280957449680305 
Car -1 -1 0 622.8862952297959 173.63659524850272 663.3855268904421 205.06924406783938 1.5068743 1.5769806 3.61173 1.6524183 1.548546 36.55202 1.4820966 1.499473535119474 

