Car -1 -1 0 720.6648539384948 175.39770709349753 798.1356333114 229.72868444474966 1.4525516 1.5704807 3.3116302 4.293766 1.5327944 21.103544 1.568227 62.00807637354627 
Car -1 -1 0 392.13017299858325 174.5716851429764 521.9397945946305 265.9678358945478 1.5855713 1.6254947 4.0088654 -2.916233 1.6252577 14.632491 1.6150047 112.61561142165685 
Car -1 -1 0 241.10346285866862 178.20152063299352 317.973603665078 213.6261831291152 1.4723178 1.6141584 3.8043857 -14.765889 1.7274978 32.50126 1.6068511 31.347526459043873 
Car -1 -1 0 470.9308381044169 166.65674709847255 544.8897398681974 230.04386312028433 1.766637 1.6476874 3.9052973 -3.0108206 1.5939157 22.076694 1.5885992 82.10445213606717 
Car -1 -1 0 697.8250970504696 174.54304253788214 764.2189895292474 218.41948651853582 1.4363384 1.575974 3.8124387 4.2414255 1.5010523 25.707218 1.5285728 15.07308614988268 
Car -1 -1 0 676.8790805309276 171.92247445554747 721.2246843945478 203.23499645563396 1.4812212 1.658458 4.1737494 4.4297247 1.4371557 36.229233 1.5580211 14.442347770467528 
Car -1 -1 0 510.246901871109 167.01851366322038 568.3049126831879 213.35900243252954 1.7300838 1.6647154 4.2775807 -2.7534251 1.5122206 29.126234 1.6356244 16.880351224862213 
Car -1 -1 0 300.9265556073335 175.94326950555 368.8432752267814 205.9853010522661 1.5136847 1.5843616 4.1310186 -14.742447 1.6897715 38.9637 1.7270722 13.513031226700898 
Car -1 -1 0 533.1772115666 173.27259877799457 579.6540217170776 206.70847883891395 1.5453911 1.5961032 3.62622 -2.5445762 1.566966 35.29285 1.6918765 7.227742597035599 
Car -1 -1 0 407.42683732288964 172.57073024581925 438.28577541238224 192.7750994489985 1.4847238 1.6030815 4.0363874 -14.212393 1.4639074 55.097065 1.492568 5.247874137786361 
Car -1 -1 0 351.1623522074068 173.58652563497571 401.4463482809909 200.50574237426537 1.5949218 1.5984634 4.1449366 -14.469854 1.6427307 44.978508 1.626123 7.835235257857516 
Car -1 -1 0 378.1093030604362 172.74375097052302 418.00982046973127 196.10686216168173 1.5569367 1.5954431 3.9174943 -14.616276 1.5495894 50.048096 1.5777348 4.180244582770223 
Car -1 -1 0 767.33585208867 170.12881387386318 837.3623918546913 193.36157536258045 1.461029 1.6290803 4.0468245 12.303255 1.2896512 46.193542 -0.0019571122 2.502632766749745 
Car -1 -1 0 662.3293422504815 167.59953625977482 696.3597136521187 190.98317846386277 1.6305192 1.6157517 3.6631124 5.093458 1.2641301 52.308456 1.9120836 1.5449679344542915 
Car -1 -1 0 686.0066838316075 173.55122110466175 735.9850126614899 210.7676073400909 1.4711225 1.583707 3.600378 4.210535 1.502234 30.392944 1.5662459 0.2788131833076477 

