Car -1 -1 0 808.1890743774048 188.03428759962722 1024.5256275391714 320.7513822239829 1.4912968 1.5825778 3.4594092 4.094915 1.7431959 10.2387495 1.5649152 109.67912388960934 
Car -1 -1 0 410.3120255103928 184.4043653004304 516.1736423266809 266.08858611307477 1.4003046 1.5317309 3.4857736 -2.8377767 1.6627767 14.632238 1.5421702 69.38904436520522 
Car -1 -1 0 754.9405248631767 186.28376837382467 867.7869515848112 266.4297527753075 1.4257991 1.6120391 3.7785325 4.1640344 1.7492104 15.4317665 1.6453745 34.761155511055186 
Car -1 -1 0 468.55980834979414 173.51968010145316 548.2998990345266 237.69091736107148 1.6843622 1.6344538 4.001357 -2.835502 1.7056141 21.008121 1.6046482 82.54521150906326 
Car -1 -1 0 91.4835028278992 172.72532834577973 219.4421330043902 221.2612943839692 1.4815174 1.6495113 4.242333 -15.012631 1.4775897 24.154486 1.5597031 37.87766989367898 
Car -1 -1 0 680.4340862272392 174.62376760172523 732.8513467434738 214.6670049799239 1.6526563 1.7075329 4.205393 4.2405863 1.7365304 32.080902 1.5563493 54.83600364619291 
Car -1 -1 0 509.6739631346506 178.60848828763255 564.9895469634196 219.73049993367536 1.4424444 1.602862 4.113906 -2.7225478 1.6821591 27.974712 1.6039563 24.605903135423617 
Car -1 -1 0 885.9961693694275 179.80882615721708 1015.5372154291075 225.72549180719986 1.5609736 1.6294963 3.8768816 12.117739 1.8182907 25.754974 -0.06595984 30.87912915387311 
Car -1 -1 0 817.9001123894492 179.14350802648357 908.8776592906246 214.0573163844721 1.6542532 1.664559 3.884375 12.45533 1.9725133 35.52652 -0.07986241 24.935461330956954 
Car -1 -1 0 523.3888582697987 178.19702286253795 567.5691445849692 211.50626555257452 1.4728068 1.5722384 3.386125 -2.987894 1.7390213 34.206726 1.6404933 8.475136258790087 
Car -1 -1 0 534.5962066347607 171.8345675853648 568.3546717343579 207.11979060243021 1.8295712 1.6340772 3.864152 -3.1232781 1.7767125 39.366196 1.5433087 6.745006923123227 
Car -1 -1 0 647.5137099579713 178.1973564392643 674.7190991559703 198.12671872888106 1.507309 1.5827034 3.8825889 4.0839 1.9490325 57.6465 1.4857662 1.61147322871574 
Car -1 -1 0 157.35925188725054 127.66821513935768 473.81195265949253 364.2862533389075 2.092833 1.8165877 4.5665956 -3.0501733 1.693175 8.696737 1.6072683 12.52786543476936 

