Car -1 -1 0 362.8249666755745 178.40417559083204 563.8396876334274 260.509337901237 1.4842904 1.7192783 4.3643208 -2.9817512 1.6224103 15.655449 2.1419513 137.613987967631 
Car -1 -1 0 704.1755816978292 178.8017262931497 864.95274572706 227.57802118581208 1.4310155 1.6955079 4.5670805 5.385794 1.6251885 22.491959 -0.09648768 117.27450384291062 
Car -1 -1 0 627.7356852992858 174.46219265274473 752.0010655866673 216.5337447982242 1.5020604 1.6928318 4.4512167 2.931924 1.5640292 26.819569 0.062444836 64.86321857216791 
Car -1 -1 0 964.0885688969656 171.50751732823323 1123.4626227139745 217.0003203061236 1.5550239 1.7271705 4.574201 15.377668 1.5089986 25.75306 0.100928694 62.46604775319779 
Car -1 -1 0 410.16274910148127 177.30779101419105 455.1105111154458 203.5467512028615 1.4811268 1.6951704 4.053922 -10.590931 1.7618618 43.449585 1.5756052 11.859237991754114 
Car -1 -1 0 1091.420905570558 169.50273360869102 1223.3823427483874 208.23572223326792 1.4820551 1.6291989 3.9253852 21.558638 1.3538241 28.501429 0.040270638 45.96438675403181 
Car -1 -1 0 922.3188374917934 171.43610520459552 1049.270628049361 211.2202913023863 1.54934 1.674138 4.215912 15.041878 1.4941219 28.998814 0.029810397 22.06763544516827 
Car -1 -1 0 313.94710621860446 180.73630727546276 372.6061167104413 203.9648573065606 1.5331771 1.730124 4.3246293 -18.934288 2.121172 51.509827 1.840338 26.424727887351988 
Car -1 -1 0 569.6233122760714 178.1563636372215 585.6130550597162 191.91190809740306 1.4560198 1.6554055 4.040036 -3.5653 2.0595303 80.04964 1.4974663 1.8533841403175746 

