Car -1 -1 0 704.2771032156343 178.48899220203327 878.9837272251501 284.7271054764436 1.4746697 1.6397809 4.264575 2.8891528 1.5889153 12.438291 1.4916927 118.5339869248199 
Car -1 -1 0 659.8848340160894 178.14908747949121 754.2836574814452 247.3946297255037 1.4872931 1.5964267 3.7915955 2.276424 1.6316811 17.734722 1.5105928 74.39721793387359 
Car -1 -1 0 299.980174360284 177.2553547144336 461.72316504199347 228.43267546635698 1.4616778 1.6868378 4.465231 -6.826815 1.6024357 21.939243 -0.13487874 91.07211383050603 
Car -1 -1 0 0.0 184.72905255358086 308.7277716789951 307.8444612258359 1.4053483 1.6047151 4.0338316 -6.198437 1.5708501 9.226191 -0.013661987 118.71844166121649 
Car -1 -1 0 629.1274214386867 178.39688090413458 680.2985709409446 220.41967065042206 1.5160899 1.603914 3.9065766 1.718468 1.7506487 28.54477 1.5240085 32.994467473538464 
Car -1 -1 0 63.72926121611576 180.51199632359564 365.28627616482254 272.37241830327815 1.4203231 1.6250567 4.19952 -6.512381 1.5603538 12.253369 -0.061646834 53.678761271053354 
Car -1 -1 0 617.3179441249528 176.35879048023955 658.5956587886491 210.39635891052603 1.5072066 1.6002061 3.8127546 1.2968383 1.6832856 34.300663 1.5134592 18.595534861548092 
Car -1 -1 0 382.10463942863373 177.6556506186471 487.7315285000401 214.90381143093038 1.5113076 1.622764 4.039264 -7.2830153 1.718698 30.32783 0.01245982 5.8830596003545885 
Car -1 -1 0 349.43293968868534 174.09614869258942 468.18672026722356 216.18505037519256 1.5634675 1.6449436 4.1590796 -7.6591816 1.6129807 27.810108 -0.06270014 8.95568822934902 
Car -1 -1 0 407.46788919482833 174.17222461430802 486.58811454803475 203.35860803107502 1.5280378 1.6275413 4.004778 -8.705502 1.6009812 38.897392 -0.11003442 7.30767666825957 
Car -1 -1 0 519.8318355043052 175.05347926612737 538.62724535294 192.79595428477435 1.4755415 1.5270519 3.76739 -6.9771476 1.6719537 62.463737 1.4358914 1.6153020034739756 

