Car -1 -1 0 462.4269155385264 181.07194545767356 510.9558479952376 218.3362867103101 1.4601572 1.6132572 3.9986262 -5.246056 1.8388352 31.209803 1.5192099 39.70519799369617 
Car -1 -1 0 284.60043741862853 186.82010373900832 425.50775381641495 267.9456346157981 1.4553051 1.6373838 4.060462 -5.330731 1.7980558 15.6755085 1.5683918 110.77222295497795 
Car -1 -1 0 387.4152749246286 184.97729921865735 475.3208483055323 241.73171949041293 1.4737002 1.5550439 3.7231994 -5.182645 1.8656733 21.436516 1.6125121 57.18734167090419 
Car -1 -1 0 745.0006107706491 182.86424421700946 899.6997217148289 239.3308408117857 1.4318192 1.5810785 3.7531657 5.7814803 1.7212939 19.774101 -0.16685426 53.98438648956134 
Car -1 -1 0 711.8812866512704 176.91430794528947 833.7757532316155 230.93083129532332 1.5962723 1.5787944 3.3661003 5.026576 1.7279928 22.437872 -0.11010248 29.9948057633515 
Car -1 -1 0 484.21026783499815 179.21702845098426 525.0934214539759 209.88201391565593 1.4589835 1.57729 3.835794 -5.3329005 1.8027331 37.054077 1.5609906 15.32602110157804 
Car -1 -1 0 838.5974569478768 161.7852552640478 1242.0 336.1096770834231 1.826258 1.7257408 4.2701263 5.119467 1.7102995 8.643801 0.1064455 39.3857368771351 
Car -1 -1 0 671.1318101918617 180.35013694572365 771.361470637484 217.22947669395558 1.45452 1.598402 3.8412905 4.543684 1.771905 29.680328 -0.03686796 17.617993370311222 
Car -1 -1 0 664.1971322998021 174.29896638744353 740.3450551407105 200.9147553815018 1.4900298 1.6644722 4.1991863 5.2717066 1.5747575 41.400444 0.036380883 14.160900433022737 
Car -1 -1 0 653.4983070174499 174.7485691542094 717.3315699199882 197.66051135222497 1.5000268 1.633901 4.027367 5.055438 1.6295623 48.36577 -0.075901315 7.150680379998713 
Car -1 -1 0 786.246619996518 171.70053677209606 1072.6933877352246 277.43072590083426 1.5883923 1.622339 3.9341588 5.02281 1.5710636 11.724932 0.03795016 6.160250453538195 

