Car -1 -1 0 361.15914130554825 198.23381481652993 456.80365540104356 264.47579215094424 1.5000789 1.6013037 3.8575792 -5.366558 2.2636793 19.76786 1.5552704 70.06771645311208 
Car -1 -1 0 258.8587670386724 206.54315493984345 396.8624694210964 295.63714961146087 1.4161644 1.5329393 3.5398738 -5.538861 2.1831179 14.627686 1.531693 90.37706274470571 
Car -1 -1 0 417.7016602819509 193.29004762896454 483.3269887395097 243.5668909580976 1.508733 1.5552622 3.5816815 -5.413245 2.26609 24.931368 1.547162 50.52555595647986 
Car -1 -1 0 485.55266787290185 188.77242513966985 525.3155373446131 220.74284092264818 1.5094253 1.593528 3.9200284 -5.4301443 2.391429 38.00513 1.5533183 13.052514506818667 
Car -1 -1 0 642.8959524171568 176.09296683188552 715.6856791731836 201.46048664756663 1.4617249 1.6295018 4.0868473 4.2119727 1.6659219 43.753967 0.52899134 36.11220574395744 
Car -1 -1 0 598.2969158939649 181.33078398309374 624.2191940633027 204.0790980851056 1.535723 1.5714474 3.7362437 0.090252034 2.1700516 52.069176 1.4915793 5.5415846874725805 
Car -1 -1 0 452.48736245577487 192.27939257138488 513.6456688348711 234.3813515573348 1.5260159 1.6165271 4.2655873 -5.2286425 2.4010444 30.329704 1.6234882 7.046218189765856 
Car -1 -1 0 841.8074616218242 180.42625183267586 1231.1408259112268 316.4678238013521 1.4918147 1.611781 3.8562877 5.047991 1.5939934 8.87239 -0.030294465 4.297164924910081 
Car -1 -1 0 380.5861168448241 183.44767685884986 420.38825055635647 206.48895216576008 1.501295 1.6453176 4.0419908 -14.691893 2.2782621 50.89638 1.5682946 6.196719005248117 

