Car -1 -1 0 682.0781077999585 177.59068027825137 753.2650267035966 230.78867853404446 1.740631 1.6871743 4.3196087 3.8235743 1.9271946 26.210575 1.5077655 63.524348723962824 
Car -1 -1 0 197.03943610141758 184.68202745561632 381.9135185595183 259.5677317008582 1.4371492 1.571624 3.6335402 -6.9476833 1.7170682 15.681656 0.37317455 126.9651335634737 
Car -1 -1 0 15.407377697086465 173.4679428821799 105.45457659690784 218.33450666302588 1.3743559 1.5545117 3.772275 -18.288374 1.3966805 24.197586 1.1591736 24.2639117907638 
Car -1 -1 0 665.0117703205232 182.69860239483882 713.7222161322123 219.60852475299185 1.4823089 1.5803821 4.0994024 3.4890556 1.9494402 32.16101 1.5354667 19.629874354965136 
Car -1 -1 0 319.77032113604355 184.05047236077974 405.90884344698344 230.25463009025293 1.4206843 1.5842829 3.6048894 -8.41621 1.8359659 24.920298 1.6237245 37.31479164894349 
Car -1 -1 0 457.7603451940293 180.76331144517363 501.26815942257036 208.2814182959136 1.5250382 1.6357824 4.0407624 -7.7355094 2.0218005 43.24757 1.6373007 22.73766533314535 
Car -1 -1 0 371.51038546891834 181.36312905674617 438.7738054755222 222.82027846444865 1.5248601 1.6188208 3.8653128 -8.20257 1.8928785 29.27025 1.5751326 16.52780383773579 
Car -1 -1 0 656.8811648284642 182.03985299060804 700.6243643692984 213.34219839032212 1.5202951 1.5927384 3.5907328 3.5940924 2.0280957 38.01486 1.4602157 6.812518396975166 
Car -1 -1 0 487.9024912293459 179.8774113188717 525.7364721355748 204.75017026633572 1.5702171 1.5970144 4.0757246 -6.9049053 2.0662603 48.850983 1.673801 1.2633730923690658 

