Car -1 -1 0 709.6401115296071 178.72503885113272 836.3826712730491 280.3478452306225 1.5644839 1.58907 3.237977 2.785566 1.6829758 12.929573 1.5885365 91.35135191442433 
Car -1 -1 0 177.3831658246369 157.37973576981233 438.13723763234424 270.50746111927015 1.7563214 1.7113624 4.101784 -5.3818216 1.5160816 13.047841 -0.584991 148.86714172365012 
Car -1 -1 0 316.34254091783623 180.3987489468612 492.1149770991302 241.0549124600306 1.4013336 1.6236408 4.140236 -5.3310027 1.6180128 18.919958 -0.57112765 40.701430660659625 
Car -1 -1 0 426.2573257431734 176.07905550882575 542.7735000641395 218.6555969653699 1.4946151 1.6421124 4.0846686 -4.7200933 1.6260946 27.516273 -0.65882325 44.86775906540994 
Car -1 -1 0 446.2859810753136 175.15752226013723 546.2017578094712 209.9263855821567 1.5098529 1.6582639 4.247164 -5.205165 1.6212186 33.21854 -0.44651216 6.392773998203193 
Car -1 -1 0 263.5771710599972 175.22796219217327 451.0104734205299 253.12775239180078 1.5053296 1.579427 3.5560308 -5.44524 1.562543 15.717117 -0.6164034 11.813636789188593 
Car -1 -1 0 407.5797776503293 174.14195018263683 514.8095770051633 214.698292139094 1.5375172 1.6234671 3.943201 -5.9839745 1.5930158 29.280312 -0.6245038 3.181057673658261 
Car -1 -1 0 644.2922668615779 168.24632004197917 686.95468142598 209.71578457542665 1.8991845 1.6402205 4.1779327 2.6705856 1.6881655 35.155724 1.5425017 1.377050677810719 
Car -1 -1 0 480.8621037219975 175.28412916383897 555.030113339343 202.41018064323947 1.4951146 1.6367884 3.9427233 -5.2920833 1.6418548 41.825417 -0.56261444 0.5733331728327411 

