Car -1 -1 0 0.0 184.3134591132807 309.78487481001343 340.386910382615 1.4567482 1.7177417 4.481023 -5.9758644 1.6437137 9.425692 1.7262604 115.84951238043224 
Car -1 -1 0 808.061920403504 173.31894772574236 912.5233963079684 211.83881627936398 1.5097166 1.6015763 3.6574187 10.054963 1.5289879 29.10274 0.0017375195 105.30279799481089 
Car -1 -1 0 386.0992323664641 176.8329939802857 512.3198695551166 219.55532566240785 1.5573901 1.7051952 4.3932915 -6.0644464 1.7150636 27.544918 0.090247855 100.94532126684892 
Car -1 -1 0 906.342421379028 173.2464184868723 1000.8355372277762 205.32894748196122 1.5287722 1.6709495 4.1813965 17.175793 1.5493283 36.11009 0.46659434 32.76418181080537 
Car -1 -1 0 6.991270608869912 184.4947288017653 138.51721894879657 224.11635784476758 1.5007864 1.6503551 4.1313486 -21.39732 1.9815592 28.8457 0.0634408 54.85549701513409 
Car -1 -1 0 499.05683830232437 169.47331673141383 608.3233023926498 213.64112504791973 1.8042086 1.7553895 4.386971 -2.3109562 1.6661111 30.526838 0.08122894 66.19412014084168 
Car -1 -1 0 351.2728276467627 176.96809097537476 403.3425886347074 201.6820021497471 1.8307242 1.862158 4.766677 -18.204233 2.1689112 56.798897 1.7540168 6.626327494700501 
Car -1 -1 0 261.1015360707894 179.44541645951992 333.30786003193316 207.7031926926299 1.7397033 1.682478 4.299764 -20.61196 2.1972623 47.790344 2.0442872 4.366366993916559 
Car -1 -1 0 875.6135030959069 165.96727814985422 947.548515446683 189.6595042803562 1.4867175 1.6226338 4.0857987 19.779663 1.0545666 47.386147 0.9066178 0.49021639995724836 

