Car -1 -1 0 478.13113807842973 189.24810812975886 566.0493080963083 263.13749714548663 1.5313039 1.6058489 3.75067 -2.0317297 1.9763508 17.691118 1.5977553 104.90641910314608 
Car -1 -1 0 736.5795592002971 188.00353403245114 870.314222534909 296.46189448192115 1.5040541 1.5554644 3.3826885 3.1252453 1.7973311 12.22985 1.6357654 111.25557534676236 
Car -1 -1 0 700.3611152104115 184.31472205360288 763.6709152103475 235.4139972720406 1.4971842 1.5604323 3.5243227 3.9474456 1.9022081 23.719229 1.5943527 96.79876746714493 
Car -1 -1 0 108.7558005707197 196.63541090332834 471.04046729871413 375.0 1.5234392 1.6646194 4.0414796 -2.7773993 1.8350189 7.3739185 1.6489277 97.0104758833089 
Car -1 -1 0 520.3782244907164 187.91786479208292 578.6875085330503 240.89078513680917 1.4682548 1.5633576 3.6558723 -1.8288349 1.9840358 22.873055 1.5653956 26.678492493090122 
Car -1 -1 0 684.3252973251465 183.38407308807993 736.0036720970913 223.52888396775413 1.5114998 1.5664816 3.6303978 4.1128907 1.975455 29.959316 1.5492321 21.457902893214264 
Car -1 -1 0 1073.6588537006562 210.77254461365928 1242.0 284.75082051190293 1.4933437 1.6083815 3.8696818 12.8954735 2.3894842 16.230146 0.009313089 43.09341219445578 
Car -1 -1 0 543.0279011001516 185.71061961887798 591.2305339333564 229.08074590942144 1.4936337 1.553048 3.6852932 -1.5747175 2.022399 27.814016 1.5955366 20.70476098883682 
Car -1 -1 0 664.8451281677329 180.2003934632722 705.719989632121 208.52281114839514 1.5317307 1.5790513 3.7354565 4.3558173 1.9789884 41.980373 1.4526298 3.367493361200263 
Car -1 -1 0 1002.0533305686556 201.67280195666828 1180.911873095157 268.4832417645168 1.581242 1.6084625 3.7705793 12.603877 2.3799777 18.977648 -0.11786092 15.895566432056386 
Car -1 -1 0 570.6486569999419 185.43814817204986 608.9570617531007 221.61768910501954 1.4845055 1.5649092 3.8460307 -0.85001457 2.0919838 32.89265 1.5909073 0.2967710793018341 
Car -1 -1 0 1016.7347255689826 176.80474297626148 1116.8204179740587 212.5548241303154 1.5618827 1.6463823 4.380174 21.583931 1.7620454 34.290253 1.4625993 0.29549914598464966 

