Car -1 -1 0 619.6624334474621 182.20291847926387 727.5252955654619 282.02120320485443 1.4554744 1.6357294 3.5611153 1.1946216 1.6448117 12.742083 1.6993972 67.7239108545336 
Car -1 -1 0 32.9334589086436 189.3411801391207 450.07996111099004 375.0 1.535781 1.5893118 3.7278125 -2.6337395 1.7207135 6.203816 1.6043141 116.40954688107621 
Car -1 -1 0 689.4886047332418 172.01794350711126 792.4841296441465 236.2386560693111 1.6566446 1.6869342 4.165079 3.8976173 1.6350775 20.843594 2.0755515 74.48489179912895 
Car -1 -1 0 809.3276493448762 169.93421814714802 865.4290727748753 205.06169158109168 1.4991852 1.6600077 3.8074713 10.268957 1.3745733 32.766174 1.6630177 46.49950395349087 
Car -1 -1 0 624.0905680086044 179.17337836424122 659.5802106212318 205.89513313994937 1.5285773 1.703657 4.2368727 2.0411506 1.9383297 44.556686 1.7331944 4.370119735246032 
Car -1 -1 0 1095.9161375893473 149.49140184996315 1242.0 211.18117562669394 1.7227063 1.6501913 3.9166396 17.010736 1.0702983 22.138504 1.6102446 11.750211735286245 
Car -1 -1 0 663.4936365559942 179.07467781559654 684.7029227247936 197.97345420767067 1.4937956 1.5964353 3.945565 5.434242 2.0327363 60.450367 1.7043688 2.0629448394437038 
Car -1 -1 0 880.1025981131953 169.2502042364722 934.3341381341626 202.19402749322126 1.462348 1.5642104 3.5214243 13.909785 1.3023784 33.88722 1.7226884 0.3354617655277252 
Car -1 -1 0 366.9953772656314 182.9217206410168 445.35562879952084 214.02960826990437 1.5508107 1.6056952 3.818052 -10.845592 2.1092174 38.490433 -0.432958 1.978498550870966 

