Car -1 -1 0 687.1794220281955 176.80697759601736 822.5521641662423 267.4514859218268 1.4256611 1.6181691 4.066674 2.5473456 1.5113528 13.584553 1.540674 116.71860025664311 
Car -1 -1 0 657.6617161799592 171.78723617937138 716.821897662623 220.21054152481682 1.5420551 1.6232325 3.7914147 2.6004739 1.5080836 24.87512 1.5685468 49.55771512860924 
Car -1 -1 0 115.56969369854296 182.85199314242863 383.52287881430357 294.5566642025604 1.4513757 1.5727781 3.5805397 -5.5882816 1.6315674 11.338592 -0.6054735 127.74090769801232 
Car -1 -1 0 437.8108707604386 172.87013567595002 532.1334432479179 207.36569524258275 1.4811325 1.6185178 3.8938215 -5.625477 1.4819033 32.72935 -0.5827508 66.57969750593908 
Car -1 -1 0 230.05124403787644 173.67852785085773 430.172391934877 263.5974692106487 1.5952295 1.6051505 3.5539997 -5.548087 1.6134074 14.368115 -0.48566425 45.76982248429662 
Car -1 -1 0 677.1484630178425 174.35942792433738 758.9108087802462 235.0601312201325 1.4667457 1.5926274 3.571848 2.8047132 1.5108199 19.324308 1.5526316 38.706675351273496 
Car -1 -1 0 293.3752983260219 176.5345464158221 463.8514525999261 249.59989299150467 1.5631707 1.600317 3.651289 -5.468691 1.6583245 17.12252 -0.46317983 31.203335194863904 
Car -1 -1 0 644.6016560227716 171.08718244362632 682.4624979707881 202.45114918504183 1.5281847 1.5571277 3.4361227 2.716087 1.4420977 36.902184 1.5336018 15.07650152420343 
Car -1 -1 0 476.990940985385 171.8856318240039 549.8822252251881 201.06711857171803 1.4957243 1.5789187 3.5318985 -5.1284065 1.4460895 38.61554 -0.5841446 17.860882367486436 

