Car -1 -1 0 350.1323833482008 187.1216920259643 487.70189371058916 274.4476686842694 1.4597211 1.720913 4.4179544 -3.7520638 1.8001299 14.999918 1.5636737 126.48219728296489 
Car -1 -1 0 738.4248821358439 184.11470565643862 1041.1268951044976 374.9033572591072 1.4454737 1.5918099 4.1247807 2.5968323 1.5995123 7.7910767 1.5492436 76.16374740844849 
Car -1 -1 0 426.7213425939805 181.73206099908566 515.9058970371757 243.14889377948467 1.4929044 1.7103279 4.251525 -3.75482 1.7686921 20.284231 1.5662885 51.94167051710008 
Car -1 -1 0 659.8675179271786 173.98530018935725 718.0305247157893 219.20275707281857 1.5463032 1.6519079 3.5501423 2.852178 1.5907717 26.56318 1.5412166 54.92461543787145 
Car -1 -1 0 641.6468306645422 177.9422096569325 676.0675010083688 208.86912403237557 1.5139701 1.5951743 3.867213 2.543457 1.7949865 37.90554 1.5843551 32.13561000086765 
Car -1 -1 0 471.4533875792283 183.8956656522898 536.4266689620929 231.7240373208674 1.4833548 1.593914 3.894119 -3.6107676 1.9000316 25.258078 1.6012627 9.454747628740387 
Car -1 -1 0 390.2013553654417 158.9382925644388 449.51102013822094 190.7574059462594 1.4314198 1.5891441 4.1814604 -9.007407 0.8054054 34.581146 1.6123484 5.543330998126947 
Car -1 -1 0 498.1459163872617 179.11200403136692 544.8128381556145 220.01164162218757 1.5868969 1.5928437 4.1393194 -3.683237 1.8715281 30.726475 1.5429015 4.174312106308789 
Car -1 -1 0 516.0597081111124 181.2944490744133 554.6465397059186 213.5892050664646 1.4868023 1.5597444 3.6529045 -3.6538217 1.9293529 36.00308 1.5679264 0.4546976089477539 

