Car -1 -1 0 362.83565547218114 189.6747211553629 436.28930301703366 239.68906735937884 1.4200464 1.6667753 4.2314463 -6.919596 2.0344496 24.1594 1.4583118 39.743660128327534 
Car -1 -1 0 832.296627739259 178.97044252092869 1224.0533099716092 306.0353981335826 1.4798237 1.6574075 4.2677283 5.3245707 1.5686393 9.487865 -0.076537095 166.1907951965713 
Car -1 -1 0 695.1290525440106 183.05060165161575 861.6560191190741 241.80910372863633 1.4469528 1.6075914 3.9759173 4.355827 1.7275939 18.968111 -0.04416423 25.57410234012119 
Car -1 -1 0 729.4397941234517 171.7527940890364 955.7505802853356 261.4180419533177 1.656323 1.6546793 3.960145 4.548291 1.6359811 14.373544 -0.112866774 48.96116748760324 
Car -1 -1 0 675.2933744917091 180.81478634651074 812.2633051186486 233.3979520731416 1.4760735 1.5804793 3.7345107 3.9995718 1.7281135 21.719488 -0.1875559 17.613105620899304 
Car -1 -1 0 760.3480444168692 180.89132118477647 1040.2587661101732 279.03073912963873 1.5022218 1.6284673 4.0351133 4.7267885 1.6467731 12.083863 -0.039365217 37.97635638008925 
Car -1 -1 0 231.19328682851906 174.66146213301906 396.15278988197855 283.6825787262249 1.8470721 1.6565409 4.1743593 -5.6640964 1.8884137 14.398935 1.5491507 104.07670907865283 
Car -1 -1 0 600.8984777776127 179.0145796717699 635.1387795239912 212.03344949999806 1.602952 1.6188169 3.7374012 0.48461935 1.9407651 37.65343 1.6279029 19.310273625253398 
Car -1 -1 0 414.65043319969527 187.665810352922 465.20118338670574 223.29028135669884 1.5116554 1.589762 4.0758066 -8.015219 2.260241 34.400604 1.5340078 12.49911718337477 
Car -1 -1 0 634.1438248329883 177.5715633363029 737.0347352838288 220.5834711959674 1.6654111 1.653731 3.9095426 3.012697 1.8616242 29.076437 -0.055391766 19.14948523123505 
Car -1 -1 0 653.6005233476485 180.27220870095962 781.1978763479577 227.9890962186417 1.5142114 1.6151011 3.9668176 3.6260843 1.7783215 24.480642 -0.21280795 20.98974185186764 
Car -1 -1 0 445.4246424024877 187.10745533011107 478.50611388935147 213.60920070362576 1.5023315 1.5179802 3.493357 -9.084785 2.4189363 44.61282 1.5131371 8.339985722529526 
Car -1 -1 0 652.5600954585816 181.99529891747207 761.3202495984059 225.60641965353727 1.5369371 1.6057277 3.7335224 3.579537 1.8898607 26.853008 -0.11051134 9.017727947252594 
Car -1 -1 0 124.89289818178966 207.27457186076143 225.56698847481078 260.11077238331734 1.463543 1.5628146 3.9798522 -14.775013 2.7454286 24.786854 1.4203968 2.272078909628314 

