Car -1 -1 0 691.5645733298296 180.9253135924304 847.3284913343371 280.21051730414393 1.5004646 1.6404316 4.2613277 2.759394 1.6754768 13.453039 1.4863644 120.248910797083 
Car -1 -1 0 680.8400654341237 176.32330506385972 758.8434944027869 241.16152178709066 1.6298085 1.6160861 4.078162 3.0077221 1.7377439 20.402039 1.5795962 59.498374417576926 
Car -1 -1 0 817.1393838426774 183.56226470020417 1242.0 375.0 1.4981949 1.5963057 3.7820396 3.1076572 1.6192139 6.248436 1.589997 92.47780247972926 
Car -1 -1 0 656.70687849512 181.97177205300042 713.8086726428819 227.01272513585343 1.4235468 1.5675873 3.8353035 2.6012042 1.7703102 25.513231 1.5573628 38.88636328730818 
Car -1 -1 0 231.35268533398906 176.38827656025683 480.2331624121202 260.0153708898758 1.5311368 1.6817855 4.3542824 -4.851821 1.6058916 14.2777 -0.06656104 116.67730018609936 
Car -1 -1 0 642.0812287557028 180.74318400227864 679.6669479520733 213.1912129952018 1.4820669 1.5265199 3.5773253 2.4884517 1.8914725 35.63894 1.5488946 13.431501761850702 
Car -1 -1 0 340.52781505604037 168.21333506675617 516.605756120318 238.27194682399866 1.8428075 1.7690098 4.4625454 -4.8876467 1.7207403 19.963879 -0.045326043 94.01259863045516 
Car -1 -1 0 408.16498393546806 178.86925679513848 534.7998310604696 226.17358209603324 1.5242093 1.628652 4.0474343 -4.5939703 1.7359173 24.442831 -0.06896139 22.13953254459032 
Car -1 -1 0 654.7998174933357 181.278430537177 701.0578276194725 219.73413498889587 1.5286027 1.549224 3.2541103 2.892774 1.9107087 31.067333 1.5270317 12.284105329291833 
Car -1 -1 0 637.3132830765235 176.8435057785487 669.5214868620958 204.67178158287055 1.6780825 1.6368657 3.6522567 2.7510953 1.9422728 45.913254 1.5163387 6.4951773146045735 
Car -1 -1 0 460.06001544616015 172.87562993749478 553.2485823856812 214.5397660312405 1.7856284 1.6686751 3.777693 -4.5303044 1.7866209 32.01795 0.14206903 2.3624707812409 

