Car -1 -1 0 683.0549222302709 182.56073721598543 767.7106752267969 241.1907031221931 1.4158003 1.6825247 4.2960405 3.1303284 1.7176129 20.285192 1.568843 65.28071371818106 
Car -1 -1 0 73.69002516991961 191.29432520798323 203.02258194915103 239.37105529468047 1.4433765 1.6755784 4.218074 -16.434654 2.1485822 25.450012 1.6142776 55.07201917032385 
Car -1 -1 0 178.83900344643854 187.61204295515535 256.79213928706906 227.63629760298574 1.5217342 1.5772159 3.6743543 -16.581652 2.1890817 30.729897 1.4857942 41.09941259316598 
Car -1 -1 0 290.62751251162007 185.70130597403207 341.1122798813136 214.2340892778609 1.4961231 1.5193653 3.395698 -16.659176 2.2578435 41.074917 1.5609154 36.60354881799061 
Car -1 -1 0 657.5061008754186 182.476932950926 701.7983528137785 217.67176716678384 1.4800332 1.5508175 3.3898296 3.1564763 1.9434199 33.01654 1.5249007 19.592042110762616 
Car -1 -1 0 672.7451900145844 183.21481807856435 732.8557038131895 230.54102299879955 1.4995272 1.6259555 3.9492214 3.2392273 1.8969696 25.702604 1.5694693 18.932453476104843 
Car -1 -1 0 240.1604456343198 187.43536227021642 308.040997581471 221.11895391879372 1.4853021 1.5969479 4.1177855 -16.508446 2.2494242 35.71965 1.5270483 16.476720339605304 
Car -1 -1 0 1043.6919891170803 178.03419741285677 1242.0 263.69775442691383 1.4330199 1.5994687 4.0848837 10.332736 1.5319812 12.976029 0.0040889382 4.580146219206889 
Car -1 -1 0 324.20590034990033 184.74463382515327 367.1973274281616 210.73561151137827 1.5283712 1.5514317 3.7170854 -16.787174 2.3186698 46.060192 1.5191996 9.05549627996311 
Car -1 -1 0 650.2676602940619 181.15647306594212 678.1071482950139 208.44825626258358 1.5012127 1.5738943 3.7213976 3.2284818 2.0152848 42.764183 1.6419997 1.0242690685755391 

