Car -1 -1 0 688.73924598005 177.005712368972 843.4116418097885 292.45581098387726 1.5368532 1.621052 3.8102252 2.3264318 1.6149757 11.660009 1.5557002 91.02081976043574 
Car -1 -1 0 765.3520593633451 179.14246353602212 1150.455327435019 375.0 1.5007575 1.6124871 3.7541113 2.7295067 1.5755523 6.669427 1.5242498 101.31640591730184 
Car -1 -1 0 654.3109303921811 175.8354534183573 764.4941227252679 248.1678757855703 1.5107154 1.629417 4.1272182 2.2579927 1.5914594 17.393808 1.4495895 75.11720864059518 
Car -1 -1 0 110.44192932313268 180.24129251031383 400.31145904272506 293.6561040210037 1.4843085 1.6163119 3.8755872 -5.46984 1.6183109 11.377199 -0.557663 69.97205550424269 
Car -1 -1 0 254.6600027951361 179.97723470287266 437.30193702446695 250.53693781641442 1.4304551 1.5757555 3.6747608 -6.0441556 1.6124877 16.707954 -0.64155066 54.83359643657328 
Car -1 -1 0 577.7497991808947 165.36449018742482 625.565548173729 210.95592681371602 1.7564481 1.6748778 4.2013392 -0.39508736 1.4679084 29.96273 1.4847193 38.556320052999915 
Car -1 -1 0 0.0 185.02511174851676 304.2356308068199 346.97915995581945 1.4612142 1.5792062 3.618908 -5.6418324 1.6308178 8.406172 -0.5765959 35.17120144050098 
Car -1 -1 0 543.2463152444517 177.46773250065723 575.5675903016013 195.38089774726404 1.4927589 1.5817549 3.8758228 -4.431912 1.9108746 63.297123 1.1469696 4.587029428094935 
Car -1 -1 0 395.74876174162847 176.66182513497304 423.12727653702757 194.72992888406287 1.4806801 1.5431281 3.6201499 -17.19704 1.8178 61.918568 1.0902026 2.643651411647516 
Car -1 -1 0 459.0137657827955 177.5331950588965 527.2532312149403 200.5085056915989 1.4880619 1.6717017 4.3170705 -7.706804 1.80555 48.032986 -0.04123042 2.622413599117389 

