Car -1 -1 0 556.9040315840712 184.5530601055183 674.7472220401584 288.26327027681225 1.4246871 1.6323919 3.4825997 0.14580256 1.4518018 11.526093 1.5426501 75.34963977908531 
Car -1 -1 0 577.2330149597717 177.11709074930698 636.6893611706091 232.16797030168274 1.4665387 1.5869024 3.5946755 0.08317433 1.3068788 20.656708 1.5412225 21.2203039668075 
Car -1 -1 0 572.0512213592546 173.64607742381722 607.2394321174423 200.27708897466277 1.5148232 1.6387016 3.931319 -0.7776316 0.97647446 42.28093 1.4318006 14.689023892609525 
Car -1 -1 0 360.6687550800204 181.66871565791558 412.75482342800507 208.6706243916985 1.4659624 1.5782478 3.5132382 -12.17856 1.387692 40.22103 1.680232 29.83819176223726 
Car -1 -1 0 482.4964271642486 172.86758969553415 533.7425382116077 202.44479727079383 1.6538389 1.6149836 3.764876 -5.555416 1.0811021 41.566486 1.0273451 12.703459671515454 
Car -1 -1 0 812.2255784085258 164.75150470878418 877.471691582799 192.64652639770114 1.6508245 1.6065943 3.388866 14.621891 0.56434715 42.66404 0.008964894 32.78492356573535 
Car -1 -1 0 608.77458007361 166.16647879751395 633.2166098450376 185.53822275664024 1.4910233 1.588186 3.886972 1.5571548 0.18686724 56.4499 1.6930449 1.5813151090577324 
Car -1 -1 0 732.5284283794734 166.47832693782865 775.2755060755624 186.6298294862834 1.484051 1.5533475 3.799226 11.586139 0.25918746 54.116604 1.2771763 2.5222526294699654 
Car -1 -1 0 768.4447201444341 168.29949221662284 823.5881866738288 197.72992852858675 1.4882953 1.6086234 3.7637134 10.281984 0.7393088 37.70629 1.4772903 1.154026422734346 

