Car -1 -1 0 782.5271706606514 185.0077284396635 879.6805718380334 257.82093482685156 1.4626849 1.6004441 4.022703 5.1696033 1.7894437 17.297411 1.7072027 63.55628477626955 
Car -1 -1 0 745.6024155014595 182.39989248370105 804.5449259948415 223.22030446197383 1.5023084 1.6023818 3.9935563 6.688793 1.9195513 29.518465 1.6000406 29.5759225106065 
Car -1 -1 0 771.741109469393 183.7755247761101 839.2657559384292 237.8734666923409 1.4718539 1.5624073 3.7939794 5.9956846 1.8413045 22.420721 1.7105004 27.653012618063727 
Car -1 -1 0 818.3942369555247 185.87100088486875 1017.0738486142596 307.5606670745965 1.4760244 1.6425864 4.2900414 4.579013 1.722125 11.432896 1.6582702 62.54194092193555 
Car -1 -1 0 259.8846179982948 177.04815938643088 537.6256408510064 284.848056561598 1.5153801 1.6166952 3.836519 -3.1838064 1.5869355 11.267012 0.12597294 129.86095106641133 
Car -1 -1 0 426.0936209409732 181.8044730685739 606.8289858695537 252.36775115349818 1.4589503 1.5869548 3.796391 -2.109909 1.6805679 16.55785 0.2928962 32.53685709600322 
Car -1 -1 0 348.3454823910426 170.81339536969745 579.02775415309 267.9535155002923 1.6931841 1.6685443 3.9697707 -2.6996043 1.6576157 13.736325 0.17089981 69.88836830560808 
Car -1 -1 0 736.9277844665946 181.4620993579544 770.7304535458096 209.13586971759165 1.4754546 1.5328883 3.638912 8.258235 1.99328 41.52247 1.6626608 7.336232513094929 
Car -1 -1 0 591.3636171980517 177.78252366527866 663.3622269276408 204.91915187559286 1.5149553 1.6348176 4.0637054 1.0420221 1.804982 41.538094 0.05202029 7.0168113883341405 
Car -1 -1 0 575.5814367821808 174.07300953537947 657.2333892210916 207.7149491464394 1.6716061 1.674592 3.9945388 0.38123232 1.7361495 37.068924 0.15457016 17.59104768756042 
Car -1 -1 0 447.2057328884782 181.08514437807503 603.6391417631202 240.34000934216718 1.4263306 1.5883358 3.875626 -2.2518225 1.663303 19.278183 0.4058512 8.531860035604396 
Car -1 -1 0 540.7695289480896 178.2843039709978 637.418994019241 212.71476205939962 1.4380016 1.6221931 4.0490346 -0.8489593 1.6819229 31.427845 0.08630823 13.071716517099873 
Car -1 -1 0 611.3727195244446 174.9394596568518 674.92086240399 200.60700318788125 1.689143 1.6745431 4.0462008 2.2949865 1.8347714 49.043373 0.2673477 4.347836695910034 

