Car -1 -1 0 330.22203897069585 191.12555766926397 448.00027160061114 260.7581379863195 1.4679627 1.6272279 4.13663 -5.455722 1.9869616 18.402271 1.602178 100.25803855256412 
Car -1 -1 0 0.0 208.39529310027805 285.8176466714649 375.0 1.4392216 1.5990539 3.7826562 -5.503709 1.953156 8.526978 1.5903599 119.96003065099973 
Car -1 -1 0 767.6842231379735 174.75416885541674 1051.594430438923 258.9343812992806 1.395077 1.656995 4.378849 5.184522 1.4313539 12.886511 0.02764632 140.63192668354128 
Car -1 -1 0 709.8434011415154 175.7359973320796 871.6620870236366 232.26641684931727 1.4806068 1.6319096 4.029187 4.886817 1.5630877 19.816494 -0.008714024 70.54758447630988 
Car -1 -1 0 701.2629850805993 177.33247915015647 840.6121285875487 225.78465063014687 1.4347291 1.6001372 3.9655735 4.917311 1.5785091 22.341293 0.011815978 17.244155867661224 
Car -1 -1 0 689.9361266800261 175.55948875045354 806.5793220196016 221.24062705248704 1.5039037 1.5796188 3.6510348 4.7082753 1.6002088 24.773102 -0.06736897 16.05042675911218 
Car -1 -1 0 683.7812571500825 174.86732882724147 796.5109090149826 217.67483548726767 1.580781 1.6450653 3.9776874 4.9542303 1.6606352 27.675804 -0.06110724 8.903514211498825 
Car -1 -1 0 648.8534769206515 174.71308075925114 720.2391815282166 201.4035136832749 1.5657706 1.6429726 4.0434356 4.4825516 1.6802337 43.444935 -0.07980177 8.897021375370308 
Car -1 -1 0 480.30164234737396 181.9190033032507 523.1752565111384 208.42088279814644 1.4947033 1.6436604 3.7895045 -6.6423216 2.0756106 44.172688 1.1521456 6.225046754284502 
Car -1 -1 0 665.69564835975 176.56637123760163 752.8995940922069 208.064034758299 1.5126075 1.6359259 4.054691 4.899879 1.7012789 35.76678 -0.042573996 0.7240078645442366 

