Car -1 -1 0 724.3851157275735 181.36528814843444 937.9479965758699 316.101694532794 1.4302648 1.6581867 4.490698 2.79771 1.577039 10.193103 1.5759197 84.09241011458118 
Car -1 -1 0 700.5629117341541 177.9949280863605 796.6146872518141 260.1236591395942 1.5127387 1.6001315 4.000752 2.8697755 1.6385685 15.603987 1.6485046 74.84315557288002 
Car -1 -1 0 174.18735008072733 190.53542168035855 405.5167283581036 268.86809831452234 1.4793751 1.6219134 4.0540814 -6.4663696 1.8647733 14.870409 0.022719651 80.87296126733716 
Car -1 -1 0 419.7634296322654 181.47810919532822 509.27895008028423 218.92922376956608 1.5858226 1.6149194 3.6666849 -6.3462114 1.977004 31.84408 -0.042267404 37.17603960939445 
Car -1 -1 0 673.3977383586364 177.1155982702794 730.4653495171307 225.662134875826 1.5651395 1.6121589 3.9224749 3.197778 1.7279769 25.590141 1.5949467 16.72696030812483 
Car -1 -1 0 86.40186786880219 197.17608321151377 353.0477635308742 293.1335953868795 1.4378185 1.57118 3.710939 -6.478702 1.8806682 12.20969 0.07804813 37.42225924556007 
Car -1 -1 0 0.0 188.13055145379187 294.0384847187982 325.55722497461227 1.5950193 1.6166991 3.7883132 -6.3534417 1.8114226 9.390124 0.011975576 27.688875451369565 
Car -1 -1 0 665.9232645767494 172.21278949706132 696.1700921517863 202.67019085334732 1.7764102 1.6143562 3.6705532 4.31513 1.7390118 43.948074 1.6090534 16.48953918715276 
Car -1 -1 0 601.653971443313 173.9461316454983 641.7640899596227 213.6879617354947 1.655144 1.6410205 3.581408 0.58700585 1.7063308 31.984299 1.6261599 16.373743125606627 

