Car -1 -1 0 519.109666594831 179.60112690034185 576.8451836602966 231.05661807730294 1.436433 1.6528084 3.805658 -1.9326041 1.6664119 22.626232 1.4833586 55.9096128516843 
Car -1 -1 0 759.4795337963898 160.04918478806124 919.6045893936488 247.33916481336396 1.5539534 1.6368893 3.9019418 4.542667 1.3259995 14.887309 1.4376532 114.90269723629184 
Car -1 -1 0 0.0 190.44991325070077 314.1280176865706 375.0 1.5108607 1.7306998 4.412794 -4.827752 1.7580693 7.8658113 1.486795 121.51158968274869 
Car -1 -1 0 454.9508754911894 181.30894269972967 502.5452414165115 212.52114405907088 1.5151823 1.6770607 4.1040287 -6.862858 1.9873841 38.223732 1.5974009 24.082485124825496 
Car -1 -1 0 362.9122198318454 186.39672850250665 456.27796498745795 241.89717393429225 1.4330354 1.6869111 4.028309 -5.863793 1.8768197 21.62899 1.56952 43.064129878130075 
Car -1 -1 0 596.0498978919942 173.53926202018727 650.884207066903 213.48935771264735 1.6124713 1.725479 4.3216248 0.5296931 1.6444967 31.4606 1.4304457 39.7582945043978 
Car -1 -1 0 982.6256401725533 147.78484207868686 1135.1215094855907 195.88806344301284 1.6244106 1.6934235 4.383171 15.714061 0.77784336 25.353754 -0.065317154 35.477677702242126 
Car -1 -1 0 1120.1809553281773 128.92057550018077 1236.1391984489762 168.46949659903893 1.4887964 1.6030751 3.5147448 23.09125 -0.19046247 29.461353 1.3694736 12.799552724830384 
Car -1 -1 0 587.2250845444727 178.40532213853567 621.5763386379374 209.3387090331005 1.5619501 1.5933784 3.8516831 -0.32395896 1.8782327 39.126945 1.4926149 3.0197522744477947 
Car -1 -1 0 579.7747898763046 178.5932088380483 602.239692936403 200.29302025312467 1.4875448 1.555147 3.8982127 -1.3794671 1.9208584 52.49377 1.5248196 0.2684863805770874 

