Car -1 -1 0 0.0 192.2318047154069 274.7760755171103 305.6605954811159 1.5732319 1.6116152 3.7435033 -7.4282413 1.8963865 11.167905 -0.031763237 87.12445847064762 
Car -1 -1 0 212.717275807679 185.8657064695832 401.27689702941575 250.35163967149435 1.5349252 1.6504326 4.1357884 -7.6383166 1.8839333 18.446901 0.039699044 81.25323174849345 
Car -1 -1 0 535.3357259309863 177.90633303491308 565.898785153759 201.45905252535883 1.4433806 1.6759765 4.0689287 -3.8067973 1.7876489 47.12893 1.5677297 10.174950648142806 
Car -1 -1 0 582.3717693985902 175.27576736699663 614.3855870562401 206.3054698129121 1.565855 1.6289918 3.8587854 -0.5792834 1.7020588 38.646645 1.5653929 26.046126314068555 
Car -1 -1 0 326.1689010614091 182.94958327877225 451.1989030016884 226.6773054466042 1.5048449 1.628722 4.014662 -7.922368 1.882083 26.096027 0.025577977 34.57529204820417 
Car -1 -1 0 423.7801611242216 179.0975009151442 498.03316552640155 207.40615021248198 1.5499601 1.6291325 3.8725076 -8.347918 1.9097798 40.732067 -0.018867392 23.505347826134898 
Car -1 -1 0 158.2537703022604 187.3339520546686 349.4428309252457 261.5140747894817 1.5379182 1.5760007 3.480576 -7.8168406 1.8764782 16.070868 -0.006687619 48.15653853940104 
Car -1 -1 0 260.60672414862466 187.42156168465468 411.5427034394532 240.5465170540787 1.4418423 1.5832436 3.7892678 -7.8840714 1.8838542 20.986568 0.061448775 14.30607781058434 
Car -1 -1 0 370.3477029700317 184.08563831730714 470.1471166902602 221.6163286025026 1.4356563 1.5518583 3.5768473 -7.5830903 1.9024173 29.067793 0.080751464 11.648436986879497 
Car -1 -1 0 289.1869356865416 184.89090809153282 422.8271520788798 232.2761580167075 1.4812863 1.5997077 3.8906827 -8.394476 1.8989472 24.047142 0.09944643 4.699264075567541 
Car -1 -1 0 296.4055629998688 167.43048349348837 375.1173335273694 195.3343297707349 1.6104114 1.6676807 4.001425 -16.073654 1.2974044 42.47912 -0.0016280845 5.284161090948776 
Car -1 -1 0 41.74888188264721 193.63206173888958 302.60137409910106 280.11422326121783 1.4670708 1.5893018 3.9025798 -8.048746 1.8822393 13.539456 -0.042930815 1.3095335669850905 

