Car -1 -1 0 496.6898243863539 171.43445337232347 567.5333276803802 231.55259847358383 1.7081494 1.6262059 3.66959 -2.4898362 1.6678154 22.485943 1.3023562 103.90364368273165 
Car -1 -1 0 797.1874162745751 175.85365543865257 909.5099583603851 222.71525349196654 1.4195621 1.6177936 3.9843853 8.066699 1.5293279 24.266941 1.2991829 40.6334053148174 
Car -1 -1 0 229.80740356953766 183.84639577041463 336.1349300936591 215.3775330552639 1.411298 1.6772557 4.521531 -15.659166 1.9649214 34.840202 -0.31590015 72.41590934517134 
Car -1 -1 0 1135.7071522349281 167.65341220221754 1242.0 227.41840949413427 1.4671779 1.6204698 4.076912 16.228146 1.3395079 19.122284 -0.3193079 16.84896772610379 
Car -1 -1 0 261.8008390955441 181.05931398332672 348.54044672632006 210.10300545683538 1.515911 1.6356907 4.146455 -16.622005 1.979891 39.576042 -0.20579863 13.260373202117878 
Car -1 -1 0 402.6376715929025 176.32003436078747 430.380406730988 204.01703480438368 1.6989422 1.6616998 3.988884 -12.514939 1.934629 46.928795 1.3298553 10.562768413555883 
Car -1 -1 0 669.4747036315829 175.1382508406235 718.5143133759357 201.87431241087515 1.5088549 1.6676295 3.7426476 4.9875345 1.651654 43.08608 1.3171697 4.419337718519113 
Car -1 -1 0 638.1701050124217 177.36196190104562 746.9726471266264 215.43632340121582 1.4990056 1.6389756 4.2098603 3.350388 1.6896794 29.574917 -0.05992569 3.295394889050273 
Car -1 -1 0 441.793072506407 177.42806480069044 464.1929340860794 192.98878763597187 1.5054295 1.5988611 4.0546837 -15.922742 1.9837011 73.26595 1.1975561 0.25602710247039795 

