Car -1 -1 0 714.556569693743 176.17133586436464 827.1881606070788 255.79447182971805 1.5232656 1.6101444 3.7481904 3.3955622 1.6047354 15.840229 1.5635378 94.82982476414448 
Car -1 -1 0 763.7422931830797 183.042613436573 966.5149333576333 311.54207512233387 1.4410968 1.5837476 3.8695903 3.3912263 1.6146672 10.3461895 1.5848492 86.41763633433442 
Car -1 -1 0 684.2147133911986 178.06232576288312 751.3961324874476 232.91422861291875 1.4483802 1.570653 3.506351 3.0933707 1.614071 21.17241 1.6086693 56.17489031723245 
Car -1 -1 0 658.3841147250106 177.93738429867668 696.7894320442801 209.26475920257815 1.4700276 1.5775373 3.971477 3.3874915 1.7411163 36.49075 1.5733265 16.07741711161741 
Car -1 -1 0 597.2366600086256 175.26474086149858 627.5633000253246 198.67227923910676 1.5219042 1.6150837 4.0497313 0.23488471 1.6941799 49.45464 1.6922055 7.389590539614543 
Car -1 -1 0 676.8589196517562 175.8281440492047 740.707056322204 222.10136322320977 1.5601034 1.6016082 3.6197338 3.557111 1.6767206 26.428955 1.498742 15.758836106036638 
Car -1 -1 0 665.1835878528512 176.3918116249241 716.824369958367 215.87509463588617 1.5519866 1.5960188 4.048977 3.4035375 1.7129982 30.78416 1.531559 7.844871309369978 
Car -1 -1 0 652.4168606356357 176.43193055267062 683.8876133952836 203.73618243315693 1.5010002 1.5682929 3.504207 3.3628774 1.7174106 41.884026 1.5784888 2.8286734392691364 
Car -1 -1 0 635.2012617023775 173.01781521421913 664.3211618686676 190.26723054428 1.5026126 1.59316 3.858944 3.6516814 1.517838 64.9783 1.9128312 0.531711868953254 

