Car -1 -1 0 58.27978641867139 183.1964768530629 234.96954431604132 251.23928035173697 1.4286234 1.6997285 4.3870497 -11.303181 1.718993 18.040424 1.5420232 77.62625499005246 
Car -1 -1 0 49.30067072110157 191.86254287030852 456.64825628889895 375.0 1.4323285 1.6247375 4.3117404 -2.6776698 1.664317 6.6497564 1.5703822 73.81886271568935 
Car -1 -1 0 366.90707162894796 183.0074865350365 504.53874491183575 281.9959265389694 1.4737853 1.5801148 3.5728118 -2.9383707 1.6805416 12.901405 1.577083 101.62042840382907 
Car -1 -1 0 35.489844786155814 179.4975631959368 168.96606279170402 231.89675548437793 1.420074 1.5344912 3.6807792 -15.2173605 1.6387355 21.887262 1.543095 37.93761537671996 
Car -1 -1 0 791.4096417961407 173.34761576644354 1042.2450817933413 314.7032686445899 1.6691076 1.7259601 4.420369 4.2112412 1.6780137 10.777005 1.5325898 122.75111375450307 
Car -1 -1 0 498.2718246950441 176.4414295364909 553.4282789428958 225.5209051457423 1.6048651 1.6823072 4.175886 -2.9383903 1.7448244 26.027054 1.526797 38.21074682896412 
Car -1 -1 0 672.4931109355542 179.91731773262674 714.0244493628701 211.72650929609284 1.4757669 1.5627371 3.4497104 4.127536 1.8453422 36.00288 1.5369751 21.592527005818926 
Car -1 -1 0 435.97470387532405 170.77895406295747 526.9815598282839 251.20867084002285 1.7757602 1.6183821 3.781556 -3.045283 1.7299464 17.830448 1.5591885 97.09373198916637 
Car -1 -1 0 556.7394637793992 177.58582782594365 577.6343861175187 197.83710165293357 1.5164456 1.589569 3.824632 -3.3302484 1.9023553 56.89394 1.5174856 5.431570443946255 
Car -1 -1 0 1015.2657034108507 181.6703520186615 1193.4552087193442 242.43221586003565 1.5807555 1.6249729 3.8148253 13.531299 1.8339694 19.870909 -0.020988932 48.204307687944855 
Car -1 -1 0 172.05495058865344 180.55135784501485 274.8465558874162 223.02747693431272 1.5011528 1.6589884 4.0387387 -15.017872 1.82544 28.324787 1.6421796 5.3068330889459014 
Car -1 -1 0 350.7723180591779 178.80619006899934 395.67964424123124 203.94164167551028 1.4944205 1.5903263 4.097942 -14.983438 1.8904372 45.94136 1.5504845 2.884003246064882 
Car -1 -1 0 240.47900343599073 180.38241145814013 317.3553429094181 216.25404624443505 1.5318856 1.6314259 4.1577177 -15.372194 1.906244 33.78555 1.5894525 9.064769987814623 
Car -1 -1 0 662.7934891575452 178.90000246921826 699.8127724514976 207.52150512500415 1.5012255 1.5751505 3.6790705 3.9810402 1.8562845 40.50412 1.5314257 4.211394515999713 
Car -1 -1 0 521.4794012311064 179.648548481997 561.9132972922379 216.3351624294516 1.5197904 1.5808522 3.520371 -2.9911344 1.8410554 32.333633 1.5413711 3.651559130996646 
Car -1 -1 0 294.53767045144406 178.72412859189245 354.7745400276631 208.86401729446035 1.5312669 1.6429307 4.3373756 -15.57866 1.8718407 39.68431 1.5593174 1.1346902915889425 
Car -1 -1 0 743.6527850602871 178.3264343134864 791.5766461851425 209.89808365296324 1.5068321 1.6022252 3.9929466 8.066833 1.8035924 37.128883 1.5737666 0.7922795410625068 

