Car -1 -1 0 691.1711269055107 179.5248214496774 799.2587500820727 262.89274796756405 1.4633172 1.5696211 3.6082048 2.6406336 1.6166017 14.767311 1.5815709 67.20910325297466 
Car -1 -1 0 737.5512907517648 179.77578124784515 963.9799904353591 336.1293246530312 1.4711268 1.5388682 3.3898196 2.6260571 1.5704304 8.645769 1.556407 84.57234881109676 
Car -1 -1 0 664.5878266972068 175.03857746128338 738.8951392785284 236.09756677524194 1.5666995 1.5723636 3.2884288 2.5104022 1.6332188 20.301838 1.538622 65.06325125516761 
Car -1 -1 0 218.1979368027441 177.06184381981456 424.45757236334464 257.0100120432916 1.7039125 1.6769471 4.0509663 -6.4351606 1.8056062 16.459412 -0.07020211 67.7535391418552 
Car -1 -1 0 91.7869622385287 178.37961624363854 369.1927356784228 274.97671127732394 1.6416757 1.682309 4.224268 -6.825424 1.7513592 13.348295 -0.0638666 73.52457159861176 
Car -1 -1 0 320.292926585345 182.9274180914548 468.24321475642853 232.71937521278585 1.5424877 1.6802161 4.3329043 -6.9413595 1.883384 23.55875 -0.008707148 25.78553325017393 
Car -1 -1 0 648.2229001427081 176.9522133348791 693.9421840538085 217.776784703687 1.5313039 1.553756 3.5180452 2.4321465 1.707027 29.177958 1.5722448 10.905033554435036 
Car -1 -1 0 654.1615932559594 174.95716773851692 715.0158008263911 223.37209683357742 1.5337958 1.5521617 3.3144815 2.5014231 1.6107721 24.707361 1.5103573 13.433221718169202 
Car -1 -1 0 637.5587674409901 175.729135732871 677.1250319610895 211.1435635248022 1.5574069 1.5947644 4.0080667 2.2007947 1.7011266 34.06203 1.568839 1.1173824466123465 

