Car -1 -1 0 713.3875658406765 177.05789221330295 805.4602581813957 248.31546218048294 1.5085429 1.6191318 3.890242 3.5071025 1.6220458 17.495312 1.6245989 101.09287795997068 
Car -1 -1 0 681.717597075319 174.45564665230054 726.7320143527762 213.8051060560743 1.5657303 1.6342144 3.5762897 3.9693909 1.6379178 30.689806 1.6260247 46.70195404963117 
Car -1 -1 0 470.4520531410886 181.83590935174595 581.3600652700821 227.33400444358952 1.4092824 1.5807486 3.8265564 -2.9316123 1.7418044 24.890438 0.6842608 34.11683619857856 
Car -1 -1 0 313.6482944070734 192.1659435885342 496.5633562042457 285.5931883640176 1.4123113 1.555433 3.6196299 -3.8798769 1.8190926 13.420287 0.7199132 89.98458769670935 
Car -1 -1 0 97.61668389143466 195.3566799250185 421.44081533020335 375.0 1.4681201 1.6582198 4.2241187 -3.5530233 1.7481515 6.8552046 0.8371601 139.78167057653883 
Car -1 -1 0 149.09556502141317 189.53486932893193 292.0535624978908 262.7443845185195 1.6749305 1.6114392 3.8671498 -10.258686 2.1684532 19.376703 1.6199498 47.71397880908689 
Car -1 -1 0 423.1220743767972 185.66305932568517 559.5422067858336 247.16683301725283 1.3902794 1.604852 3.9638574 -3.2160838 1.7650112 19.12303 0.80614865 49.97460517650887 
Car -1 -1 0 662.576433567088 169.99441698972547 695.0513041391932 200.091898287384 1.7696784 1.6024115 3.78989 4.2120314 1.6015397 44.326393 1.5628409 5.526059433242773 
Car -1 -1 0 527.4305996097952 175.3244032532061 601.0812300401446 202.29063392416487 1.4784812 1.6237187 3.9299178 -2.5946 1.6266971 41.581394 -0.5415132 4.333166248687789 
Car -1 -1 0 329.3532028926824 190.91601211787585 397.6512811631959 229.43200424906271 1.4384692 1.581495 3.760465 -10.348896 2.2519112 30.606895 1.5811683 0.834300940758722 
Car -1 -1 0 495.9765117467916 180.68826655408742 588.9496851810032 217.23866455106543 1.4575326 1.5713693 3.6631255 -2.8733675 1.808707 30.873219 0.4242971 1.107451305658486 

