Car -1 -1 0 671.685315173738 188.616670628061 758.8093744026526 252.76378876912958 1.4554222 1.6052817 4.133101 2.7327256 1.9270828 19.495361 1.5336232 58.29990581777225 
Car -1 -1 0 713.1244944674908 180.82346393552757 872.5634465723965 310.34004174375394 1.7119043 1.6573664 4.152862 2.7887225 1.8663598 11.889439 1.5934035 131.41198104767557 
Car -1 -1 0 655.7260619943148 184.7548216212901 719.6603772561158 232.5682388892411 1.4395504 1.6442783 4.2196617 2.6055741 1.8856452 24.91549 1.544258 43.58552999540446 
Car -1 -1 0 579.8750967632443 175.3295063707298 635.9425591611368 231.66804579316 1.657929 1.6652136 4.334528 -0.062748194 1.7463406 23.59689 1.5643659 37.5756827002738 
Car -1 -1 0 0.0 165.12215622246669 162.82311092179236 234.23165186412572 1.5916046 1.7151645 4.336632 -13.724822 1.4135387 18.850185 1.48618 41.03667227965567 
Car -1 -1 0 271.4221020398045 173.79008126669234 343.76036191170994 207.28930733788062 1.4744443 1.6474953 3.9792442 -14.080587 1.5210067 33.880547 1.5966337 24.039642530711497 
Car -1 -1 0 156.17233703902195 171.3811018250968 258.8258066862685 218.10620750629673 1.5053189 1.582178 3.5851524 -13.826725 1.4578671 25.042923 1.5645142 32.13236478572476 
Car -1 -1 0 643.375693322762 182.02957520916783 689.1509392360815 217.24677225683635 1.519506 1.5841131 3.664167 2.6168103 1.9760317 34.008575 1.4882519 16.947659068620897 
Car -1 -1 0 407.2145074315545 175.74626596860924 440.36901626238154 197.02506278679323 1.5569317 1.5720582 3.8176715 -14.17468 1.7859725 55.226406 1.5657321 1.684005837192078 

