Car -1 -1 0 678.0021160751172 181.25538499065132 773.7943368627273 256.9809019891775 1.5341145 1.5786719 3.3689156 2.5833063 1.7485101 16.704786 1.539675 113.86199343973085 
Car -1 -1 0 658.4179312024554 180.85122455032953 729.4796980577288 236.91850170731254 1.4994783 1.6033919 3.7078695 2.448878 1.760884 21.70861 1.541874 42.60449215679661 
Car -1 -1 0 156.87833997350802 182.81139614950433 418.1264595474082 285.86864768500584 1.498847 1.6275676 3.9453702 -5.555332 1.6977786 12.627243 -0.6019997 138.30128543315237 
Car -1 -1 0 640.9078328880979 173.73695870799372 698.1272382434131 222.7073068026637 1.7402613 1.6297227 4.1528983 2.2330334 1.776923 27.838568 1.511956 44.61934015786193 
Car -1 -1 0 303.26777395473 180.26870171753876 471.82258817181713 247.21950675036987 1.5144103 1.6198616 3.8279781 -5.617476 1.7202522 18.360872 -0.53288627 78.68266480912659 
Car -1 -1 0 374.5434515088062 173.23275366487115 508.2747976466136 228.31043986676642 1.6978837 1.6884685 4.010742 -5.5756207 1.7114973 24.10134 -0.60352093 49.13753060391467 
Car -1 -1 0 460.8689017977623 175.33587713357653 535.1513756905648 207.733407467698 1.5963913 1.5941521 3.4556592 -5.768587 1.7305237 37.39705 -0.5650162 9.536330308279465 
Car -1 -1 0 483.1216696026793 180.4381908198113 549.2260092234015 207.3249378434926 1.5145383 1.5947802 3.611866 -5.586606 1.9876976 43.310524 -0.6261948 7.920595000354718 
Car -1 -1 0 509.32523019450133 181.053779705738 566.068693297242 202.7868647282965 1.4664711 1.593518 3.7988882 -5.1424475 2.0762358 51.852108 -0.66997564 4.3365213045379285 
Car -1 -1 0 428.99761986580296 179.41240571177377 547.2430772408834 222.91215859057553 1.523246 1.6489733 4.173981 -4.619975 1.7920978 27.704813 -0.61175966 1.4890344468043866 

