Car -1 -1 0 726.1235387745417 178.75674674234628 912.540864000601 303.5769484795628 1.4949954 1.674992 3.4936717 2.8475974 1.5958114 10.565875 1.5577139 77.86281225496664 
Car -1 -1 0 690.2254661218559 180.75283402570304 756.9874992662592 233.53270353715888 1.4910662 1.6033506 3.917222 3.536827 1.7640343 22.955635 1.5974646 43.718489058553594 
Car -1 -1 0 677.4421284967623 177.02042654973212 714.3998953628537 210.64169774561566 1.5774086 1.6112868 3.444037 4.269952 1.7957637 36.051907 1.6243405 31.234169446999555 
Car -1 -1 0 266.5463950468379 185.1617153084661 365.9386213112229 242.81807699411678 1.7683542 1.6584733 4.0651484 -10.057549 2.231389 25.078804 1.6140711 73.09467800709855 
Car -1 -1 0 311.19292318891183 189.93639225650364 516.0114916588727 299.36091692800443 1.4364827 1.6675866 4.342569 -3.5081797 1.7805232 12.343556 0.858442 129.5312306559112 
Car -1 -1 0 402.69189261771993 188.00308754615972 535.2865695458801 250.67548682926065 1.4108231 1.5480509 3.5405111 -3.7222943 1.8429029 18.833218 0.7165661 32.65352549320035 
Car -1 -1 0 664.7775708101753 172.64449111410642 689.4209226087944 199.93510859083258 1.8058956 1.6204181 3.9574146 4.62495 1.7920315 49.779984 1.6457741 8.5038536642236 
Car -1 -1 0 499.8069345370341 181.47879416698697 591.289736892777 218.67554433491685 1.4223285 1.59548 3.9027452 -2.738235 1.8079088 30.362843 0.7283674 21.380628175170077 
Car -1 -1 0 463.5707303950862 184.21023418118426 575.545953661287 231.4744963641755 1.4177344 1.6130811 4.0156045 -3.1266723 1.8353786 24.56337 0.7650887 21.24057290044802 
Car -1 -1 0 541.7039730614094 180.99564336819626 596.5103946308934 211.8888834836136 1.4490235 1.5349945 3.4835935 -2.1063578 1.8851153 36.74656 1.1084836 1.6048521940432536 

