Car -1 -1 0 951.2327155946163 156.63426689857428 1055.3464710281016 234.1881194932071 1.5514417 1.638897 4.0285053 8.906172 1.2269707 16.608675 1.9518073 70.65190877585984 
Car -1 -1 0 114.0392347896314 167.05662520493516 299.0077646277545 237.78448375030788 1.5651351 1.6428767 3.882619 -9.90298 1.4368451 18.07419 1.9462758 34.4867687222564 
Car -1 -1 0 540.3277282024974 146.63035822213263 601.9485992626437 181.26622233431823 1.5501075 1.5313011 3.353847 -1.7661372 0.37648383 34.135437 1.9994175 61.91156402304186 
Car -1 -1 0 840.3888878895186 147.719578545014 915.7414639516228 215.9472428482952 1.6341457 1.7129557 4.262452 7.370319 1.0321419 19.578127 1.9752226 47.69659206222088 
Car -1 -1 0 583.1729837187544 146.4205518912525 638.1952472369949 175.60182999333463 1.4554107 1.5856402 3.888445 0.11710722 0.1370473 38.08613 1.9488864 30.421691009466095 
Car -1 -1 0 291.8829790323677 154.98807164151017 404.1522646570264 196.22398213564858 1.4510064 1.6000906 3.8853116 -9.747749 0.8223412 26.886595 0.40256006 45.02347845664676 
Car -1 -1 0 979.1574299998747 175.8939506817831 1242.0 306.2478675873304 1.4306729 1.6351726 4.3335533 7.2027106 1.4758291 9.350401 -0.27086315 25.012820664749313 
Car -1 -1 0 943.571630764884 149.1742305298349 1000.462581186495 194.61043135521197 1.4795818 1.6272737 3.9557536 12.792658 0.70847505 25.633867 1.9906698 18.2276430191693 
Car -1 -1 0 414.66810836804564 147.22738036690353 508.13480283829693 185.76192481144486 1.6211536 1.6430762 3.9304674 -6.5884666 0.543038 32.017082 0.4990539 20.924862234780434 
Car -1 -1 0 632.828061539932 144.96868651995212 679.1578829163733 169.56243516736194 1.4243696 1.5891416 3.8632703 2.9055746 -0.212229 44.434776 1.9947529 13.441055092337166 
Car -1 -1 0 218.6829572976489 159.81380238471013 346.2513015616471 206.39658144783957 1.459178 1.624418 4.082403 -10.979471 1.0507014 24.1963 0.43354774 5.904505170845457 
Car -1 -1 0 932.2572480212013 139.75256291928852 977.3706325182591 170.84040967724988 1.4743221 1.5387677 3.385491 17.3115 -0.106440604 36.299156 1.8607134 1.5464603206080654 
Car -1 -1 0 943.4472435929873 153.8585187459404 1020.5432577317238 207.2873361942093 1.4626087 1.5962026 3.5430079 11.091482 0.94260913 21.68848 1.9120755 1.4773948859275663 
Car -1 -1 0 355.9529996481183 146.05929754441638 455.55328465390744 191.33000616804617 1.7467911 1.6533018 3.822387 -8.331706 0.71290505 29.459328 0.4820416 3.2294629006422433 
Car -1 -1 0 934.8490989275207 136.04314316653307 960.7133132767735 159.91655912820565 1.4954141 1.5474594 3.645247 23.130436 -0.9197625 49.318363 2.0182652 0.5917158412355312 

