Car -1 -1 0 483.53679892091515 185.37627235672068 559.1614800156404 242.54412352576205 1.4533635 1.6177615 3.711338 -2.4785638 1.8515068 21.055384 1.6097733 84.64587987018965 
Car -1 -1 0 702.7063071269349 187.44387192288536 795.1712208154069 274.06206864554036 1.4927113 1.6612135 3.5861073 2.7786388 1.8333521 14.95836 1.7047688 74.90807193778775 
Car -1 -1 0 754.4606195577243 188.87308402504496 1101.6451411981952 375.0 1.4387786 1.6091484 4.1313605 2.53072 1.6378672 6.8741784 1.6067241 83.19269612158773 
Car -1 -1 0 578.5948710626424 184.81333623657167 657.4898516859455 256.346084361796 1.439992 1.6625259 3.545715 0.2867431 1.7512145 16.955423 1.6334759 52.716716657969926 
Car -1 -1 0 681.3025059211893 185.8314775094428 750.039876027074 248.78231874108303 1.4313926 1.6354294 3.8269837 2.8184252 1.8137013 19.245731 1.7135147 31.866406182666935 
Car -1 -1 0 235.95695186856705 190.82098626111497 337.05604823693426 230.08991256530862 1.5899935 1.6376152 3.7961683 -14.049467 2.4068158 31.57204 -0.23050328 42.202414725366715 
Car -1 -1 0 567.8794811022865 183.0589083879457 616.3429555509772 213.36295009728272 1.5178912 1.6519701 3.8819876 -0.90237385 2.1079524 39.63336 1.8268725 11.553548959776585 
Car -1 -1 0 85.5159895979184 198.73349969608492 203.32510990856346 236.8629085395335 1.471959 1.6119642 3.875958 -19.623137 2.6105907 30.586796 -0.19087876 31.280092276739104 
Car -1 -1 0 614.0130189903758 177.67728776119407 675.2181981951582 232.01180421366342 1.7231209 1.6798227 4.170099 1.3186622 1.9080377 25.467289 1.7370069 37.9708782072946 
Car -1 -1 0 22.452016736480353 195.89794213022046 119.77223068862783 225.33821047407113 1.5029652 1.6489799 4.102654 -30.257946 2.8501303 40.68219 -0.36316776 19.43607410596205 
Car -1 -1 0 683.6514233591888 179.69682062475064 706.0800609309628 201.58071445353298 1.6661835 1.6352944 3.4649677 6.8734703 2.2330365 57.929718 1.7331102 10.46383502486707 
Car -1 -1 0 760.770342506019 178.9205099146077 792.0593304616558 203.44391819199151 1.4670298 1.5829678 3.805911 10.625921 1.8716552 46.136433 1.6996442 6.1256081900562815 
Car -1 -1 0 725.5702250285566 177.92024238216425 746.652016691483 196.1618725313389 1.5111511 1.6992185 4.203569 11.119533 1.9708502 63.240997 1.7733246 4.033998377249398 

