Car -1 -1 0 189.26642158501394 190.21340998177226 346.3818123245215 240.56246369061373 1.4257386 1.6660092 4.431434 -10.911331 2.0261378 23.2735 -0.43062833 65.82672744370461 
Car -1 -1 0 413.0942710636359 182.31612730767557 520.8595030103497 227.33179230463045 1.4954122 1.5885205 3.6234999 -5.174558 1.8583055 26.142555 0.47107416 96.36124909812439 
Car -1 -1 0 662.8296559865895 174.31971583799202 705.2056011252013 208.88464250449667 1.6759481 1.644927 4.163438 3.7854433 1.7559289 37.268204 1.5419829 29.591029467394794 
Car -1 -1 0 403.2467399031598 184.51005885845152 468.6226505416834 216.40405440520829 1.4104487 1.6502217 4.2941613 -8.523802 2.0250618 35.798637 1.7230626 30.554053571337246 
Car -1 -1 0 0.0 191.39353844343486 144.2175848965004 254.77912571568928 1.4512978 1.6058888 3.7887695 -15.171066 2.010182 19.72769 2.1539493 31.75221048211128 
Car -1 -1 0 1109.3535788567422 162.58519069456378 1242.0 221.07703431928036 1.4920487 1.5860486 3.7015243 15.779513 1.230105 19.285786 0.047673937 20.37248941841315 
Car -1 -1 0 65.04888015745699 184.49623734288002 213.52298125497015 240.25778273335683 1.6287751 1.6514046 3.91368 -15.427209 2.0430486 23.772602 -0.7106868 42.483717250398456 
Car -1 -1 0 208.9783475650415 181.88657970944408 248.86210383767352 214.50354160495655 1.4469264 1.5753555 3.803763 -18.513735 1.913338 35.20224 1.1239802 4.759149645040149 
Car -1 -1 0 652.5879408068419 176.2059722775669 679.8417215422214 203.06059248522607 1.5164268 1.5552058 3.7601342 3.4091818 1.7260009 43.170532 1.6601435 0.6782861958414277 
Car -1 -1 0 797.0842099428928 140.56606367651872 823.628177611084 158.11405332344054 1.5011204 1.6661135 3.9814866 18.670238 -1.4152416 67.22479 1.6537585 0.6395581166725768 

