Car -1 -1 0 710.4494700827223 185.1430424960699 887.2193081242499 298.1707430332759 1.4177506 1.6191415 4.3279634 2.8106508 1.6544995 11.713296 1.5409678 123.91321793716843 
Car -1 -1 0 470.03876798712446 181.822325013106 535.9058682196882 229.81964464471793 1.4784455 1.6950045 4.060711 -3.6028886 1.8146693 25.017754 1.5678957 86.10390967093358 
Car -1 -1 0 681.4625506188829 180.74465582651536 760.3802604020697 241.97467301112437 1.462457 1.5912563 3.8437278 2.9288511 1.6985577 19.660238 1.5802662 58.90751706131678 
Car -1 -1 0 316.832376641904 171.46785088850817 480.8656823566057 284.93939420013646 1.748432 1.6781766 4.2698946 -3.6358085 1.7270734 13.27284 1.5954574 129.25868154567652 
Car -1 -1 0 656.1736735299544 177.7431808960118 686.1524558744395 206.64610020687388 1.5370076 1.5880415 3.911708 3.462739 1.8286574 41.043617 1.6274029 15.457937616851936 
Car -1 -1 0 500.6511961041301 180.83918804766625 552.1009011448549 220.35398439279749 1.5084162 1.56991 3.9447803 -3.4299982 1.8664626 30.352497 1.6082773 11.031253357313307 
Car -1 -1 0 766.6024977619533 177.3197151092157 871.536856399892 217.6053284042862 1.5452858 1.6265173 3.7950735 8.314487 1.7301387 28.881348 0.0929409 37.58697785843386 
Car -1 -1 0 0.0 206.480141501267 213.51259937565587 357.68103697258965 1.4437838 1.5774117 3.4393396 -6.8001943 1.9685372 9.472427 1.4744823 1.546221660124569 
Car -1 -1 0 587.3277774377656 176.36570546652848 610.5196561141257 192.85448505482802 1.590965 1.6257007 4.060924 -1.041143 1.9550405 72.667725 1.7384868 0.6806333370763912 

