Car -1 -1 0 554.8696358116977 188.20547717931416 676.4998666437416 294.6837582876332 1.4200295 1.6528281 3.4664385 0.16892879 1.5142899 11.33906 1.559659 61.57936818992228 
Car -1 -1 0 377.22371115715015 184.08960735353705 422.308581047275 209.78432809254505 1.4712682 1.463283 3.1978364 -12.041119 1.5321555 42.29121 1.6922117 38.73474157411127 
Car -1 -1 0 575.663210026453 179.379069876821 609.0826427976798 205.84942688574284 1.4782511 1.640197 4.077173 -0.60581446 1.2698731 41.59489 1.4760813 10.67037138835542 
Car -1 -1 0 799.4012790237001 171.11334926820112 868.9525627877213 196.70938293252195 1.5530123 1.624052 3.7653306 14.324349 0.82510406 43.72356 -0.005064839 39.59733932655839 
Car -1 -1 0 488.86924333163216 178.47123235152932 532.3184561630906 206.6345050318521 1.6185032 1.5706786 3.6794796 -5.545908 1.351897 42.63507 1.1389887 9.829585551882978 
Car -1 -1 0 574.7560073789017 179.91978372929952 635.7083810249813 237.3569648978196 1.5108545 1.5796131 3.2490172 0.027507246 1.4269271 20.259682 1.5235121 12.968653432897414 
Car -1 -1 0 608.4954213427806 172.40067010910946 629.9314512112911 191.44815459127724 1.4936731 1.5682877 3.6567583 1.4315389 0.6538335 57.32851 1.642037 1.6912435754952517 
Car -1 -1 0 1052.885131067408 110.15265246985018 1242.0 250.00048539645383 2.1116807 1.7548923 4.434848 10.516417 1.01003 12.894524 1.5706463 1.9829219272498075 
Car -1 -1 0 445.53994074582766 182.08842237438157 480.894592112815 200.65699214602853 1.4333386 1.5810506 4.071834 -11.071809 1.3544507 56.700905 1.6972611 0.9749270380444525 
Car -1 -1 0 742.6117436739405 171.2356784517186 818.8424205378703 200.82639642470912 1.5513471 1.582083 3.7034805 9.542376 0.92879343 37.906525 0.024400476 0.567102385910426 
Car -1 -1 0 193.39971407085403 189.23402543499057 261.8234927163266 217.86631944104158 1.4890171 1.5943599 4.056793 -20.918575 1.8506337 39.702904 1.602602 0.5578305612458861 

