Car -1 -1 0 948.3510933963917 180.37536238998248 1131.6195601915838 332.2843909373536 1.5556015 1.6188594 3.880011 5.5188456 1.6786149 9.698922 1.9766119 42.042319498992995 
Car -1 -1 0 920.5186785147686 186.43087790250956 1000.8452271452804 247.201946376886 1.4454539 1.5969908 3.858326 9.703495 1.8643808 20.17865 1.9112167 32.76893617586503 
Car -1 -1 0 521.1943595173519 178.81171639450193 712.9005825353929 254.7165937790501 1.5242404 1.6324946 3.9765627 0.1804964 1.6695215 16.155075 0.34457076 96.31603013255716 
Car -1 -1 0 707.9595465251934 178.64753232716123 797.1552333270668 211.13876445386234 1.502063 1.6407466 4.1235714 6.9967833 1.7963256 35.251343 0.30212912 31.190858499539328 
Car -1 -1 0 571.6724640088794 171.62033002213244 736.6056917285804 245.97295189411548 1.7470427 1.6750271 3.8805542 1.1432288 1.7180554 18.484613 0.4026484 60.57023703002906 
Car -1 -1 0 794.714577336897 179.2740472696497 827.7190395093176 204.82426029909814 1.498618 1.5483234 3.6509268 12.590121 1.917918 45.20498 1.7183187 5.344832701618935 
Car -1 -1 0 933.9987662310233 184.89604142830427 1067.0437724370977 279.47533865648586 1.5562389 1.678282 4.030757 7.7121086 1.836289 14.603409 1.888794 20.758145954232184 
Car -1 -1 0 615.9175732557226 181.2844018496036 762.0268058728619 237.43614883946896 1.4663537 1.6079569 3.9630947 2.2831004 1.7341628 21.147957 0.59223664 18.854223677827903 
Car -1 -1 0 740.5597963211424 175.12392866176768 817.6716776632798 207.7580449315749 1.756423 1.697441 4.0603004 9.526052 1.8884747 40.506855 0.33453614 15.934715345529044 
Car -1 -1 0 900.7325130045296 182.94029687071202 954.7955367578295 221.75559423881083 1.5351629 1.6118584 3.9826503 13.935209 2.0092344 31.779718 1.8389063 4.717077693406549 
Car -1 -1 0 629.3851645976504 180.844329004154 760.4824584398981 229.41817821542986 1.4455731 1.6076347 3.9752142 2.7796805 1.72751 23.747787 0.54013366 3.4212397090159374 
Car -1 -1 0 912.7008499392966 185.4792650400224 973.4912682821156 233.03381166781253 1.4616532 1.5912404 3.5176249 11.531587 1.9348683 25.12144 1.9077696 0.34749066829681396 

