Car -1 -1 0 677.8618595659708 174.82171162468967 750.3872535423665 236.34136301388486 1.6253083 1.613097 3.9132662 2.9670982 1.6883718 21.156586 1.5853158 77.318460020288 
Car -1 -1 0 346.95232211223794 183.582904534838 485.69232256068955 277.8731685343012 1.5701499 1.6953933 4.335888 -3.7237887 1.8208537 14.685258 1.5623567 81.57032097652686 
Car -1 -1 0 161.05392110832 192.66384919976264 435.65477780419087 350.9211239997206 1.4812315 1.7334461 4.4426785 -3.6896443 1.8041761 9.536647 1.5653502 119.03907813521141 
Car -1 -1 0 650.8071755343756 179.71219295607725 693.6925076743228 215.66973011125614 1.4815285 1.6248566 3.668329 2.7491536 1.8057501 32.270786 1.5780203 38.34751539070254 
Car -1 -1 0 427.81804693673905 185.80148615030768 518.0036176180141 250.01399948113618 1.5027566 1.6066068 3.9332347 -3.6054587 1.8915789 19.678408 1.600887 20.8458457567665 
Car -1 -1 0 345.30953885746413 154.36902196656735 421.0044827050121 193.05374601291626 1.4447205 1.6196707 4.0791655 -8.999976 0.75438 29.01776 1.6119812 28.551781472015495 
Car -1 -1 0 498.5950788314435 182.43674202546327 547.3579390957412 222.28609013909445 1.5391958 1.5980606 3.8219786 -3.6201787 1.9724319 30.705727 1.5758891 9.429396809773925 
Car -1 -1 0 534.4599169624864 181.73010033362453 562.3057444672725 208.78107295947692 1.4988744 1.5635493 3.853496 -3.7060885 2.056094 43.29486 1.4597726 3.0276063851467514 
Car -1 -1 0 475.1554961945491 184.37019726601085 531.7862259505379 233.70885998969678 1.5224419 1.6085026 3.9807549 -3.632094 1.9578071 25.24529 1.514956 8.179995280138218 
Car -1 -1 0 630.1883702815732 177.79118120949198 649.8394204478728 195.5983650989004 1.5237433 1.6370772 4.1332593 2.7138574 1.9824824 64.96688 1.581147 2.6471140165266265 

