Car -1 -1 0 799.1205905154636 175.4552792141479 922.2455032997359 251.50556223475175 1.4713475 1.5959145 3.7943902 5.413765 1.5361254 16.0301 1.6253943 83.07841708299942 
Car -1 -1 0 322.93203303450497 187.7221299349452 420.61318984040804 219.78401744525868 1.46094 1.6783032 4.4551873 -11.941217 2.2452881 36.292263 -0.47906622 56.07196306061895 
Car -1 -1 0 32.58394472721602 191.34371794404012 182.86674567055883 239.39755619154062 1.5275736 1.6898806 4.3448076 -18.646017 2.280038 27.043318 2.0356703 76.99079123609341 
Car -1 -1 0 509.63491177690446 178.58658261239856 582.8363714097663 209.50002459947757 1.5356734 1.5967618 3.611435 -3.355607 1.8511477 38.07775 0.55475926 81.94344372557994 
Car -1 -1 0 185.63399414864605 191.3528098929191 291.8977665437467 228.20370593756192 1.4227546 1.5599854 3.9492218 -16.370834 2.2975245 32.035248 2.1372812 60.97331750899224 
Car -1 -1 0 442.1566965162122 183.34910386813476 484.263744287219 206.88873046847092 1.4632112 1.7305298 4.2838297 -9.878768 2.2079298 49.003796 1.6385555 28.528829883286473 
Car -1 -1 0 152.63852549860945 192.39423554048227 244.80910666334168 228.041824614908 1.4709811 1.5228264 3.4028451 -19.056002 2.4289355 33.56481 2.2365522 10.379378678711783 
Car -1 -1 0 632.7282594649507 174.17550011432638 660.2928280209492 196.9831420233618 1.5319467 1.6108831 3.9510899 2.5590405 1.6284612 50.696587 1.5386212 7.524881806576944 
Car -1 -1 0 252.55711006986667 187.51977758437985 338.05401684114366 222.27753520548302 1.61749 1.6370236 3.6896513 -16.063667 2.4062154 36.966408 -0.7272359 11.1833893425447 
Car -1 -1 0 0.0 184.59483430739917 113.93501739255494 234.00230700914173 1.7887384 1.6342962 3.9046073 -22.622927 2.2977386 29.196838 2.1424885 0.2568452060222626 

