Car -1 -1 0 714.4530959289522 184.64549008650752 860.4366130642422 280.0176505039971 1.4362848 1.6434758 4.4066415 3.1357193 1.6949742 13.6209545 1.5642955 92.29505411107928 
Car -1 -1 0 678.309186820404 181.25314436749994 757.3807079935359 240.34736243825677 1.5349262 1.6208185 3.6491034 3.0728524 1.8024986 21.127861 1.5270451 70.63405481443864 
Car -1 -1 0 770.697041020484 188.58010066126738 1064.790115394767 366.4211567072568 1.4284782 1.6461383 4.382351 3.136358 1.6597174 8.398174 1.5962832 73.72422037163203 
Car -1 -1 0 144.91269947779696 189.83213871308968 231.93546271296103 231.73238323733167 1.5014176 1.5383866 3.4488647 -16.82415 2.224856 29.004847 1.5502477 54.15820330677361 
Car -1 -1 0 31.485775527582376 191.91035265690076 165.1157844654359 245.45890475379682 1.4947739 1.6326935 4.074811 -16.592047 2.1750736 23.687017 1.5266756 48.675533429655495 
Car -1 -1 0 211.3378389035187 185.8416467142973 275.9155336715938 221.48893045251026 1.5139661 1.5476067 3.6267924 -17.11448 2.1584284 33.91278 1.4547726 12.193028336531755 
Car -1 -1 0 360.03301654066144 182.71374216977736 402.2593039290732 205.90089557875524 1.6090851 1.6262772 4.1871333 -17.04327 2.3765688 54.02702 1.6294024 18.273386516013346 
Car -1 -1 0 409.3911153935036 183.7858344935669 436.69255667724724 201.86537543606332 1.5353224 1.6340613 3.829938 -16.914286 2.5583308 65.57494 1.5295088 7.696659753339015 
Car -1 -1 0 666.0405190199987 182.77471178969705 728.8489120729059 228.3753925554813 1.4888108 1.5744 3.5173256 3.1139858 1.8736178 26.168056 1.4858109 6.071069612791987 
Car -1 -1 0 656.3279974850985 181.55694030311565 705.1449987827831 220.1149136075845 1.4923071 1.600618 3.909021 2.972108 1.8875245 30.791748 1.5447428 8.023789115960426 
Car -1 -1 0 598.9837469898506 178.98399902124575 619.0901189240046 196.80896876675027 1.500366 1.6653508 3.8236704 -0.07259309 2.0605805 64.00328 1.5389531 0.2846958041191101 
Car -1 -1 0 280.1872573230518 184.00454246172532 337.15285620275085 215.68747267547366 1.5696054 1.582072 4.048515 -16.289284 2.2081254 39.257065 1.5214908 0.2580232322216034 

