Car -1 -1 0 719.8101312493711 182.72115544609048 902.0842809631303 301.42751618754716 1.4309251 1.6100024 4.038847 2.8357942 1.6100742 11.06792 1.5543432 123.1724352839854 
Car -1 -1 0 655.7513508445581 172.51907026421443 710.4474963242143 222.1025520272531 1.584482 1.633238 3.5045888 2.463831 1.5737789 24.834871 1.6027972 67.54396496562273 
Car -1 -1 0 573.9511869227509 169.0395784897093 636.9765896080506 230.68010177746183 1.6394774 1.6789013 4.052113 -0.1673519 1.5380236 21.240805 1.5414946 48.80046537484512 
Car -1 -1 0 246.0579854869449 178.67075136183735 328.88390682866395 216.17011802721407 1.5120276 1.6160481 4.1069784 -14.100742 1.7856827 31.84525 1.633754 22.676700933295873 
Car -1 -1 0 696.3783004501414 179.07161928173178 801.7402098809307 254.58685335526937 1.4279594 1.5227078 3.335815 2.9000463 1.5771568 15.618548 1.5331144 48.01381904942598 
Car -1 -1 0 310.37224586843206 174.7160176731672 368.90173969259 207.7451083003048 1.6151229 1.6045369 3.6810315 -13.896351 1.7162774 37.34493 1.5864142 49.428385228851 
Car -1 -1 0 53.28725603525218 184.40351760596403 198.27612170177702 240.591335667015 1.4394081 1.6347276 4.2496185 -14.221305 1.8187078 21.534512 1.522706 38.63564583125103 
Car -1 -1 0 378.15487595653485 174.9739952459957 424.058517726006 200.154887282779 1.5712175 1.633675 4.2555947 -13.66991 1.7172688 47.547165 1.614287 7.736218020270001 
Car -1 -1 0 638.1747274312926 172.5855343722071 674.6386108287472 202.98585085508248 1.6183908 1.6313009 3.4302785 2.6519713 1.6040986 40.24752 1.7554684 9.545507049784739 

