Car -1 -1 0 688.5935060339094 178.91837539562556 766.4210271464244 235.39255060590816 1.6510701 1.609956 3.9740589 3.7507484 1.8664145 23.577686 1.4924276 58.59640406071635 
Car -1 -1 0 92.46376514267385 184.65581337424464 320.3311838634144 275.70150901957976 1.4615922 1.5818869 3.6872585 -7.3822036 1.7002566 13.259885 0.320544 127.44336782035383 
Car -1 -1 0 268.3537320045156 180.14813938234218 383.0000306312817 234.34216079975573 1.4654115 1.6856499 4.196417 -8.583562 1.7117989 22.22997 1.6276762 86.42902879883563 
Car -1 -1 0 668.1786114554302 181.25137504903088 721.7545723382258 220.9351667459002 1.4731611 1.6052855 4.095849 3.444387 1.8433083 29.733261 1.5404197 28.827679518625512 
Car -1 -1 0 447.30868372270476 178.76552445419642 489.82603077832255 207.28814826141286 1.4983318 1.6279942 3.9209547 -7.8908105 1.8476665 40.67736 1.5715702 23.11740553532084 
Car -1 -1 0 343.6046224010715 178.4478164146851 419.99644559097055 224.0169061096576 1.5368117 1.6292772 4.0559235 -8.375941 1.7610148 26.877394 1.55287 23.704151292282297 
Car -1 -1 0 250.4742297566346 164.93255264763494 318.16714816622505 200.87556946286762 1.4958348 1.5503874 3.4283538 -14.239965 1.166169 31.772736 1.5296481 18.761358408167926 
Car -1 -1 0 659.6364725282536 180.73680527823203 705.6268758864901 214.1313631401926 1.519475 1.5627098 3.4714925 3.5424352 1.9270391 35.49536 1.4620852 7.737162187268755 
Car -1 -1 0 476.83967088769674 178.80062937082374 511.6150948129013 204.145318467514 1.5234749 1.5827656 3.7883945 -7.333949 1.919642 46.16684 1.5812278 3.3913128022271564 
Car -1 -1 0 3.553242648996001 159.06328757270944 104.74507314503022 202.6259058949179 1.6553047 1.606861 3.6339533 -22.207111 1.1312811 28.853836 0.39200082 2.9888869276276475 
Car -1 -1 0 328.38010283867374 152.46658164429306 377.50594413878247 183.4585021954176 1.885103 1.6411259 4.14509 -16.27666 0.64502525 45.963768 1.5747635 2.6742960923799233 

