Car -1 -1 0 667.6980779790193 168.05067234004295 762.6669062778536 251.4685652255721 1.7488327 1.673631 4.299471 2.3880432 1.6481322 17.28235 1.5777651 86.71187039797613 
Car -1 -1 0 710.5854883795948 180.2081166854549 873.4352932841248 301.32375731766643 1.5186522 1.5845582 3.615693 2.5964413 1.6499581 11.074856 1.5705668 119.83375014004885 
Car -1 -1 0 785.5703769368188 184.7204701432089 1177.7422123615552 375.0 1.4731636 1.5558764 3.2910576 2.6965075 1.6006067 6.086552 1.5483234 100.74039798593415 
Car -1 -1 0 219.70668951913862 160.1106268895841 441.27395693173827 261.4115421700841 1.6828265 1.6364819 3.639058 -5.2412076 1.4711316 13.69709 -0.60782826 100.54922628151792 
Car -1 -1 0 0.0 171.03151417057464 328.76014515264626 338.1123193554564 1.4771335 1.5893803 3.6700864 -5.192227 1.4610212 7.9955077 -0.53269076 87.97832847205314 
Car -1 -1 0 655.2239066210628 177.4910373395159 706.8933744535818 222.58447147281223 1.5526564 1.5710703 3.348561 2.6027546 1.736125 26.868849 1.564145 16.31033789445932 
Car -1 -1 0 390.4112654814613 167.0895940126946 517.9151102740999 217.88169005536892 1.7548604 1.7318032 4.2986746 -5.7377586 1.5557008 26.819588 -0.5712657 52.35169143319153 
Car -1 -1 0 443.60354901917015 176.282986276679 535.6991483022902 210.33821272384594 1.4473964 1.6088303 3.8057716 -5.418474 1.6114898 32.774406 -0.6147696 12.04142301963794 
Car -1 -1 0 487.02486865841684 175.55101424743657 558.2328104999241 203.74134612001106 1.5305827 1.6085262 3.7465105 -4.9501333 1.6915474 41.289173 -0.6501807 30.865308659057312 
Car -1 -1 0 612.2069865943665 176.31188583864954 630.589235617108 192.01625934315229 1.4763308 1.5349911 3.8731763 1.135487 1.8244913 70.674194 1.5176936 0.935124941531335 

