Car -1 -1 0 701.6496351422561 181.48479033644213 881.1574054465763 293.1139417624166 1.4802098 1.6417428 4.229151 2.7897515 1.6506737 12.077302 1.490568 124.65291888039164 
Car -1 -1 0 689.0164073162935 177.57134897090953 772.1488720884224 246.57370253078966 1.5925155 1.6129329 4.072402 3.0669532 1.7301385 18.991951 1.5989223 51.71818550091239 
Car -1 -1 0 661.7676407121066 181.3848559194718 720.1389781096742 229.57332628196366 1.4409081 1.5618354 3.690165 2.6417377 1.7475291 24.082306 1.5792811 49.54030761775473 
Car -1 -1 0 196.81275532082742 177.98534693166104 471.039577952915 271.1493993240973 1.5314624 1.6765509 4.2835617 -4.755926 1.6302375 12.927949 -0.05807907 140.20367550564282 
Car -1 -1 0 317.72749502177675 168.33856570959514 511.4446065821009 243.00385333103742 1.8253416 1.7754266 4.54292 -4.8991194 1.7149527 18.61464 -0.038825825 96.50106673379074 
Car -1 -1 0 392.46801057451165 179.42221981095204 530.5382601239694 229.2534623032128 1.5139278 1.6430414 4.1644917 -4.6575375 1.7335565 23.15242 -0.07460324 30.00138669379549 
Car -1 -1 0 657.0366490731637 181.23781696334632 710.3170247949088 221.664694514595 1.5058575 1.5609213 3.5752552 2.9646325 1.8697932 29.480722 1.4963163 21.390829125360447 
Car -1 -1 0 644.0198009216243 180.92537271034374 682.0050901771324 215.06044700126463 1.4977958 1.5182357 3.6008449 2.4951446 1.90189 34.318768 1.5645616 5.359300170568699 
Car -1 -1 0 639.2161053922315 174.75999332889808 673.1247237707496 204.25241124656347 1.7232524 1.6157526 3.8046222 2.8221712 1.845578 44.35974 1.5095056 3.9009752924031447 
Car -1 -1 0 452.0622397465128 173.45076866513926 547.0035708212207 217.6185312887113 1.8107932 1.6623294 3.6813862 -4.6302924 1.8369792 30.635197 0.10862608 4.308960799997467 
Car -1 -1 0 546.6083042690346 174.43335264610423 571.3396701347029 197.95134232986413 1.8259131 1.6865828 4.2555227 -4.060492 1.9584895 58.43716 1.575166 1.5544578618254523 
Car -1 -1 0 508.95104879260896 179.8441569290645 568.9146619460881 204.51544081808922 1.5165155 1.5587251 3.7271752 -4.6124144 1.9877038 46.96756 0.57669544 0.611403672836485 

