Car -1 -1 0 280.5892364182498 180.6868037077355 486.89581847946397 258.9813506828579 1.4063423 1.5852915 3.8142934 -4.654332 1.590291 15.133833 -0.67546976 125.51144998094225 
Car -1 -1 0 364.8718000712127 176.3732536320752 516.7278447395473 235.4881402233155 1.563869 1.65427 3.9967008 -4.884397 1.674777 21.01613 -0.5292421 39.21546958561038 
Car -1 -1 0 406.25136525826935 176.84348530269745 523.6765112822851 220.06763149922384 1.4598565 1.6100817 3.893793 -5.258191 1.6148345 26.353943 -0.5273125 12.127841454897958 
Car -1 -1 0 622.2991443479972 174.9169084661731 656.444671300819 200.81871584294058 1.5183495 1.5700637 3.8323781 1.7996286 1.651545 44.60011 1.4666739 8.293974615213495 
Car -1 -1 0 428.7987713713261 176.6218484126865 532.2341410869475 215.42716352219233 1.4747732 1.6086539 3.8295915 -5.2387476 1.636919 29.39677 -0.5235997 8.695379039616437 
Car -1 -1 0 610.4961871741025 175.63554505433044 639.3436689920743 198.9021691520517 1.5207193 1.5902216 3.5746005 1.0186567 1.7185034 49.454193 1.4809761 7.281859111254797 
Car -1 -1 0 650.6333792404556 176.56406104754848 695.3756722833851 209.48460427380363 1.4879661 1.5537517 3.544462 3.0127156 1.6766465 34.86045 1.4815636 11.71338039284896 
Car -1 -1 0 308.90684909993684 176.39918975436544 496.15299322477443 246.22143741927613 1.4982736 1.6268433 4.0664787 -4.960875 1.5937986 17.558084 -0.6550887 11.956360565706646 
Car -1 -1 0 662.110023552886 159.14046353473657 736.2867064455968 231.99847940148922 2.0842206 1.7982259 4.5658445 2.7306674 1.6919228 22.925451 1.5727842 20.614673756091083 
Car -1 -1 0 463.65555793660224 170.3829199247639 535.8317833537711 200.83360182300777 1.6266787 1.6228347 3.6299882 -6.1046104 1.4946731 40.207657 -0.57043326 5.838699808585225 
Car -1 -1 0 691.213035481318 185.18083803327332 792.2241184288807 265.0479864169628 1.4275389 1.6012131 3.937486 2.7015746 1.7267419 15.513761 1.6115977 1.9666814821531904 

