Car -1 -1 0 450.5849354443063 191.74845935831476 550.921993873598 273.8454085113591 1.5374002 1.61064 3.7102926 -2.3230896 2.0120625 16.250792 1.5968798 109.41331122054014 
Car -1 -1 0 740.3064417855915 189.41963798149305 897.4987017303347 313.87822539456835 1.5049667 1.5609754 3.3886328 2.9796872 1.795529 10.92124 1.6256768 97.05057707575348 
Car -1 -1 0 693.3529221602423 185.59400063685607 759.9686641182453 240.42917068778092 1.5108415 1.563033 3.4870672 3.5629206 1.9383085 22.45313 1.5880145 87.34676065305321 
Car -1 -1 0 502.70515107232796 189.78967605959045 565.6351035306211 246.32534217746237 1.4595356 1.545025 3.5855463 -2.1688166 2.006709 21.50967 1.5580903 32.97589785025633 
Car -1 -1 0 674.5857416449936 183.65749770593555 729.5213270342497 226.7330910054227 1.5474325 1.5913562 3.6735032 3.612828 2.005366 28.719831 1.5345507 27.19525130482188 
Car -1 -1 0 526.0892576371042 187.31882236821326 579.6753896661418 233.62749131174328 1.4980859 1.5350653 3.6495626 -2.0033991 2.0635324 26.352592 1.6095552 27.212223819983343 
Car -1 -1 0 664.477214078116 182.64793605653267 697.3715707587988 211.89300261521447 1.5258678 1.5603743 3.5566714 3.9785438 2.1017954 40.638046 1.5881989 8.549706585051954 
Car -1 -1 0 1017.9246483127745 205.3587963958758 1213.7435808062228 275.0865852050691 1.5278251 1.6152601 3.875995 12.426116 2.3773694 17.81855 -0.123129755 25.308128230004314 
Car -1 -1 0 679.3559530201329 182.63524852612846 719.4013588926463 217.34652198181467 1.5303986 1.5997508 3.6624787 4.3863583 2.02973 34.875336 1.7841587 0.889681811391446 
Car -1 -1 0 539.3510834607565 183.63516576023798 586.5404787388155 223.48463749059587 1.5706476 1.6343079 3.6709936 -1.9652629 2.0667493 31.327633 1.6212406 0.25205591320991516 

