Car -1 -1 0 307.6171444179269 180.02616369103936 433.91551520795156 279.7668413307169 1.5829239 1.6215601 3.7976377 -4.3695135 1.7392017 13.729771 1.4330256 101.13724401963078 
Car -1 -1 0 474.6095681936356 174.43028158243987 545.4430630496042 200.64742899731627 1.6237051 1.6842357 4.284505 -6.395251 1.728003 46.301178 -0.30187383 11.266828136338587 
Car -1 -1 0 37.3660374986806 191.37179333171835 113.2674719637144 216.55009561923302 1.4494371 1.5879179 3.9914103 -34.484505 2.7018013 46.70585 1.7208788 8.194089881533651 
Car -1 -1 0 557.7278854686664 177.48807102754506 639.3230605044469 208.17866326154112 1.4996438 1.6400667 4.1422796 -0.54020107 1.7547594 37.782387 -0.6799125 14.257725397050027 
Car -1 -1 0 55.758566680607 191.44763459282942 142.63968344387513 220.42310689113071 1.5912452 1.6419699 3.8543985 -30.032818 2.721476 42.569614 -0.26053354 16.81388723113331 
Car -1 -1 0 164.58710934078692 187.64415166452412 229.0057971774589 217.09878747394055 1.5199693 1.6410658 4.0817556 -23.459057 2.397874 40.9664 0.62727785 0.563778457059274 
Car -1 -1 0 529.9338663414309 176.19402345746994 549.4525650706568 192.97961505112625 1.5427325 1.643855 3.9950495 -6.668564 1.872238 69.15269 1.5295221 0.8881309636803723 
Car -1 -1 0 647.223951647027 173.9984715701538 705.5412340131893 194.61041058607162 1.5031195 1.6280779 4.037592 4.9965897 1.5909512 54.068523 -0.25996682 3.482610833229747 
Car -1 -1 0 555.6323501395676 177.58034565229818 573.6693206657716 194.10762001688636 1.6863527 1.6390895 3.7961495 -4.7451677 2.200728 76.61923 1.5816443 1.1377363963663758 
Car -1 -1 0 658.1730201705122 171.2772696731558 729.2781537861282 197.16982947929029 1.5296388 1.6615505 4.266984 5.2104855 1.436491 44.47706 -0.57036287 0.5191350216658032 

