Car -1 -1 0 749.6308830193045 177.21610557658215 943.1087347630341 313.58449533838336 1.6057353 1.6085496 3.977867 3.2194374 1.682098 10.627734 1.5892924 135.09513911173767 
Car -1 -1 0 696.8907651718287 180.9686896589778 798.2572349872961 261.00503088691084 1.4987983 1.5795677 3.636037 2.8775492 1.6961776 15.717055 1.590766 102.84653146542288 
Car -1 -1 0 272.9332522257386 181.4155512966455 502.21376865455477 260.28825731250197 1.4985503 1.6470053 4.2473087 -4.4228086 1.6862546 14.867315 -0.061157025 57.72321201946498 
Car -1 -1 0 680.6176202355925 181.9487295653964 761.7474827170442 239.3028604262266 1.49344 1.5762093 3.5937643 3.1868415 1.7843734 21.228569 1.4927247 50.32063697268542 
Car -1 -1 0 661.6322685512155 182.43645821670117 717.5460749211495 226.53253474459143 1.4288443 1.5440518 3.6181204 2.8140128 1.7983294 25.997124 1.5505961 27.103886694938087 
Car -1 -1 0 89.4473473045822 162.22403597653667 448.8433768255981 298.3262238709529 1.78571 1.7409781 4.355795 -4.676232 1.646241 10.409085 -0.033175286 157.0427347778449 
Car -1 -1 0 515.7738397090599 174.27662734328246 572.477416327724 199.81804174109232 1.6997943 1.6466373 3.6640537 -4.4127655 1.7981198 48.99294 0.029270593 16.170806198662405 
Car -1 -1 0 369.04223778389604 181.5717361465179 518.6594615087222 242.6504408078352 1.574693 1.6038862 3.7125616 -4.5442476 1.8296386 20.00767 0.16346107 14.979953188497452 
Car -1 -1 0 654.8021389700561 175.76483671386268 696.5336989390444 211.3756417726108 1.6802938 1.5975664 3.35603 3.2556393 1.8326604 36.04785 1.5137675 14.863545601405253 
Car -1 -1 0 400.1684720974293 173.38383534741857 535.5794370124828 235.24686702660418 1.832922 1.6893185 3.7996674 -4.3602514 1.8502319 22.484966 0.13241354 13.588066927681803 
Car -1 -1 0 496.86363568914044 179.50998593131723 575.2424215949691 208.5394455190197 1.5030749 1.6131709 4.009429 -3.8878374 1.8666477 38.577682 0.0143211875 1.70532480842296 
Car -1 -1 0 646.6808521994242 178.77927349177773 675.7682571289985 204.52356953822652 1.5184741 1.5909537 3.8476124 3.2104096 1.90699 45.37915 1.5807048 0.35695692896842957 
Car -1 -1 0 656.4496628072544 180.63396583679886 721.092479280178 219.4913076484062 1.4946462 1.5963461 3.5582907 3.2725465 1.8435185 30.438522 1.3333488 0.31272637844085693 

