Car -1 -1 0 692.2999992923563 177.52292792336186 828.0201438528214 271.66321919654996 1.4446012 1.6010629 4.1690755 2.5961773 1.5446861 13.373489 1.5592029 98.51342951055449 
Car -1 -1 0 196.4110964116959 188.37364039324873 460.04218053270097 346.87243579865924 1.4228476 1.6355543 4.3392677 -3.14152 1.6647624 9.074867 1.5676277 68.07540737591616 
Car -1 -1 0 422.27087063610986 180.72705446134782 512.0794544073915 241.10911729138274 1.4847723 1.7463276 4.4956074 -3.923201 1.7341715 20.594412 1.5539943 99.26176586749223 
Car -1 -1 0 647.0596084902336 171.491875976275 691.5644035817423 208.07755300070784 1.5391183 1.633281 4.078134 2.620347 1.4818151 32.39898 1.5638397 36.95455124050202 
Car -1 -1 0 463.8269675842224 177.55583501704004 531.651292252504 223.09452365400827 1.4650726 1.6638772 4.148917 -3.8934445 1.6465056 25.744534 1.6001282 16.645426833046614 
Car -1 -1 0 628.3219749522016 174.47708785651017 661.8174936063187 200.34166882574124 1.480408 1.5576837 3.8433475 2.0986989 1.5827463 43.52027 1.4968563 14.744992220782699 
Car -1 -1 0 511.63654640457986 177.4524077965671 547.6204887483293 209.6975656291568 1.5038214 1.6005261 3.8695304 -3.9601665 1.7471011 36.194023 1.5110339 0.7197998070290897 
Car -1 -1 0 496.11079824565786 177.51188753967608 542.368779067537 215.6101775825621 1.497099 1.5965608 3.982075 -3.7984226 1.7093229 30.860416 1.5402342 2.719290627052038 
Car -1 -1 0 617.1375163802654 171.850030794133 633.2085760284979 186.5948250696336 1.510318 1.562573 3.8982239 1.6200771 1.4074805 75.86521 1.5596831 0.31001561880111694 
Car -1 -1 0 689.0863650213142 169.24773291723244 728.0031274500815 197.7213589102213 1.7071397 1.6457083 3.763715 6.1522346 1.4909253 45.201504 1.4907596 0.28687769174575806 

