Car -1 -1 0 935.3673375344641 170.79363624316184 1162.1822034609022 237.03498947928674 1.4448555 1.6480898 4.2007866 10.03617 1.3999147 16.748053 0.09019432 113.6340039350505 
Car -1 -1 0 568.2128915940157 167.17870801066206 877.6223612566963 293.7417068222273 1.5024278 1.6094446 3.7814193 1.4150339 1.4350564 9.668401 -0.1642436 139.42534614505846 
Car -1 -1 0 114.54770513726392 183.44407026325814 381.619592833935 266.48195956373274 1.4546976 1.6659961 4.3270473 -6.804162 1.6719193 13.842301 0.058356564 136.48389658575292 
Car -1 -1 0 591.7427747718672 171.64038062174222 682.180223721424 213.7555091402125 1.4455793 1.5535944 3.4551725 1.0625051 1.4039223 26.593441 2.2604167 60.290175376577 
Car -1 -1 0 1110.2583872701805 158.13133838398028 1170.4962932324058 204.53017775343255 1.5021527 1.5187356 3.086971 18.369904 1.0255095 25.066975 2.1502123 23.26108742578933 
Car -1 -1 0 727.1663695050927 167.50846378756955 912.4930932770152 238.45769511876495 1.5845339 1.6561167 4.085058 4.883459 1.4651501 17.261276 0.16213925 61.139316149057144 
Car -1 -1 0 664.8185753653996 169.4393983488557 756.0822647767073 213.07544842846707 1.4714556 1.6271683 3.6788883 3.731669 1.3563113 26.272583 2.2514439 12.501338542896116 
Car -1 -1 0 934.7373047337027 161.1512564303209 1022.371998012268 204.36435952200122 1.4402262 1.5798445 3.7757938 13.289575 1.0501916 25.90456 -0.7405806 22.73940098239756 
Car -1 -1 0 836.2996347150635 162.9175999693049 918.9271417843895 208.34836833088943 1.4622376 1.6142689 3.6769514 9.40011 1.1424239 25.160675 2.2505178 12.213840382300111 
Car -1 -1 0 243.71782685145732 176.9236166064992 368.8336209370327 223.1100989174039 1.5281715 1.5967317 3.690301 -10.472326 1.6749732 25.037867 0.10646029 3.753668544840363 

