Car -1 -1 0 380.9380232771729 187.76013476061365 499.7501591021577 270.18240120670504 1.4918816 1.6574326 3.9540024 -3.5323496 1.8582563 15.755295 1.5734978 112.4794844723669 
Car -1 -1 0 746.0556178847182 183.69719587019574 935.0486030247741 315.5566499045682 1.4752926 1.6102995 3.8387907 3.0557559 1.6600065 10.342393 1.6093658 97.2860504998258 
Car -1 -1 0 449.28628842114904 187.63936713630807 530.1264847942209 246.46775586492137 1.4712219 1.6633475 4.107134 -3.3964062 1.9465494 21.137901 1.5767303 47.840324772905866 
Car -1 -1 0 536.3967252271988 182.99528739340596 575.9597561599651 213.5321029112616 1.499299 1.6464087 4.3878765 -2.8358219 2.0805733 39.130753 1.612122 18.078900602428153 
Car -1 -1 0 669.9174688180342 180.98805337750278 712.201819313698 218.80217620148338 1.5137961 1.6348207 4.086917 3.5386953 1.8966055 31.870193 1.6285552 16.377430824806986 
Car -1 -1 0 482.8220156846873 185.36607010657397 547.013705268833 230.85220174969004 1.4793195 1.6329973 3.900385 -3.3993826 1.9745029 26.560051 1.6311179 14.723859428075855 
Car -1 -1 0 834.801631965896 175.98757380706206 998.2661951806438 238.28451066993014 1.6107001 1.6386586 3.7723508 8.268129 1.700232 19.682526 0.061192747 45.92918244165986 
Car -1 -1 0 585.9049073375188 179.74229686590934 610.3987484599597 198.59086104511604 1.5618092 1.5965989 3.9726796 -0.9702419 2.1866047 63.37411 1.6992334 1.909063945176213 
Car -1 -1 0 656.9531087152583 180.37875481085786 687.1898887763849 210.00876891396544 1.5266157 1.5959737 3.7777364 3.4580472 1.9651923 40.109055 1.648994 1.049331827341205 

