Car -1 -1 0 302.3385640849336 178.30131715722592 427.65798881881517 250.87128293691404 1.5003235 1.6657248 4.003414 -5.66479 1.6455531 17.227772 1.5619688 99.79234247426317 
Car -1 -1 0 674.6715415791359 159.8083001903515 803.1123951953774 198.9296551535449 1.4481174 1.7078234 4.5976753 4.8678875 0.9652172 27.575222 -0.005593918 65.85276701008078 
Car -1 -1 0 381.19435694943263 174.38928331889628 463.10329866354755 224.62669686596658 1.4500239 1.5746489 3.8193269 -5.82941 1.5027409 22.859324 1.5791261 49.18014327421757 
Car -1 -1 0 851.6883572627438 152.96356291759696 1242.0 305.0226365376258 1.6015472 1.6547031 3.9933877 5.1348057 1.3920531 8.510389 -0.042207044 80.95995723097421 
Car -1 -1 0 451.24495370345693 169.31321162386243 502.46110067370506 203.04417555083924 1.4392742 1.5938457 3.997472 -5.9592066 1.2881913 32.786583 1.5703074 25.656063332585898 
Car -1 -1 0 765.706343021843 164.0468653250404 1019.4650557831628 254.0515483871177 1.5066515 1.6173503 3.945815 4.9831886 1.3592227 13.009937 -0.06317176 53.06667221666817 
Car -1 -1 0 659.7948735348564 160.01629972182536 745.990828928174 192.5254428445366 1.5078814 1.6122428 3.8545797 4.399307 0.9124263 34.347427 -0.038721167 18.478831857555242 
Car -1 -1 0 711.8444596378696 166.70181498943896 912.5297230470079 237.77795021837161 1.4560951 1.5944939 3.8866873 4.279236 1.3300588 15.614842 -0.018532148 37.33577066742302 
Car -1 -1 0 639.2817498478631 159.74413442737395 687.6021705078754 189.06560158708373 1.5646346 1.6386184 4.0175366 2.974931 0.86507356 40.6392 1.3568203 2.172279666779536 

