Car -1 -1 0 0.0 194.19661402764646 172.28401731793147 369.37618549882757 1.4887558 1.6474448 4.056418 -6.5315056 1.8150576 8.847727 1.1146592 84.68171066235007 
Car -1 -1 0 205.84706533741598 179.9385502674666 262.93618638600395 221.6596892787202 1.654953 1.6157298 3.7729044 -16.224949 1.9829409 31.360031 1.2528305 26.736307401845956 
Car -1 -1 0 390.4393371442204 170.93747338096304 539.7306448999667 232.28099644862147 1.7690772 1.7295673 4.2699776 -4.493169 1.7138066 22.523151 -0.45485607 71.80092120277523 
Car -1 -1 0 64.99305930057645 178.22890451450203 203.26751969085083 288.9179016893833 1.7679969 1.6497945 4.069533 -8.968966 1.8881049 13.930691 1.1354907 59.37951130971445 
Car -1 -1 0 644.6467653297713 178.7054501830486 1025.2279169571952 347.269884510506 1.4643244 1.6015807 3.8841453 2.4810133 1.5406787 7.894405 -0.4184166 37.62998256671855 
Car -1 -1 0 229.963274102417 175.50559934941649 266.81772986266583 208.69743084277084 1.7742383 1.5950246 3.9741845 -20.494196 1.9329703 41.05224 1.1782584 7.518413732847228 
Car -1 -1 0 385.1087263660189 178.88592997367917 483.490647353527 216.37296507166675 1.4635999 1.5940365 3.8271596 -7.2990603 1.7262925 30.022448 -0.3473283 10.832154665754526 
Car -1 -1 0 369.9644650737911 173.42097463238886 461.28313798322904 212.4163931228037 1.666259 1.6324507 3.7435794 -8.704332 1.6929032 32.39146 -0.42569467 18.898807751974214 
Car -1 -1 0 381.7438952249318 171.68328898360974 463.95473114142607 207.37012454866195 1.6621993 1.6112376 3.628645 -9.084903 1.6076704 35.122784 -0.45067284 1.6027400784572061 
Car -1 -1 0 352.8318531429957 178.97966720666363 386.28554269015905 205.3240930491814 1.4865663 1.5280632 3.5754738 -14.428258 1.8721522 43.51007 1.3605316 0.5608052509783021 

