Car -1 -1 0 217.51054027432411 178.2508643965758 351.84023055367305 223.16215847417786 1.5286288 1.6865238 4.366925 -12.068737 1.7439542 26.90026 -0.5697333 102.62103744874369 
Car -1 -1 0 894.358321823268 174.6543474725919 1064.7961855267563 226.37786584240388 1.5510964 1.7028462 4.4529715 11.46449 1.6095045 22.552921 0.0019291706 82.36140901815135 
Car -1 -1 0 411.83928754732335 177.1719731590609 454.0680608315165 204.0404049049125 1.5206485 1.7268261 4.3203626 -10.643939 1.795666 43.7504 1.5144926 15.586181007185422 
Car -1 -1 0 746.1598573441179 174.56344279361085 818.1528027040825 200.83058049711775 1.413557 1.5589471 3.637901 9.730577 1.5142646 40.780872 0.6556388 48.979437470365575 
Car -1 -1 0 1100.2915237216175 169.96416113785273 1239.6020603002312 208.4334994360417 1.463595 1.6363258 4.1267867 21.959543 1.3536488 28.39125 0.05969318 28.777151925740565 
Car -1 -1 0 975.9099021970209 166.73627343057024 1107.4438407599262 210.13042613013567 1.6657952 1.6879985 4.173797 17.109081 1.4309505 28.72448 0.089133106 3.9122396034248426 
Car -1 -1 0 579.1138513758772 175.43905288889152 603.3765234033583 194.56105641729616 1.4485104 1.6248186 4.005832 -1.4863381 1.6612095 57.293354 1.468989 4.26835677537945 
Car -1 -1 0 943.7793612177935 172.83701935711977 1076.9310655686454 215.66470226594436 1.4503672 1.5775114 3.8126955 14.0833435 1.449792 25.536716 0.17103466 3.1448313695976737 
Car -1 -1 0 647.0699711915547 171.01411299057182 711.4276859492938 201.77517074683183 1.8704004 1.6708488 4.1650143 4.395434 1.7585274 46.025616 0.9039716 0.2909621596336365 

