Car -1 -1 0 393.03608507326084 178.65355091683796 504.64105965342594 270.3267369194322 1.5819165 1.6805086 4.1925316 -3.1477718 1.7188551 14.880337 1.4909823 118.13808559972733 
Car -1 -1 0 82.30698965629642 196.73612178444782 267.8980973633312 278.59682788876427 1.4842602 1.6709663 4.274013 -9.641788 2.1001937 16.469788 1.5683011 96.10943336536361 
Car -1 -1 0 584.4463129063812 182.8538935236514 679.5642227787387 271.67954046253783 1.51714 1.6477348 3.3723373 0.5551997 1.7424157 14.4881315 1.6809769 79.55690553805924 
Car -1 -1 0 626.4721015130939 174.87724688720067 672.7421169439929 214.00731278890754 1.5425477 1.6328319 3.6135454 1.74898 1.6335526 30.547747 1.7176685 28.781222926932056 
Car -1 -1 0 360.3989339082584 188.73165052117943 429.34976980203146 228.59399095072268 1.4785311 1.5661256 3.5874152 -8.869747 2.1813402 30.087498 1.6510191 29.58779953597311 
Car -1 -1 0 550.6726320277172 183.48583120684333 585.5631417545958 203.0417351597711 1.4335396 1.5630715 3.957638 -3.2506597 2.3091877 57.310028 1.845135 6.198198181540837 
Car -1 -1 0 718.6347774674091 176.12124950565365 743.9931404042825 198.1538082323416 1.4899814 1.5352623 3.6154685 8.611145 1.7304342 51.226322 1.6705729 2.6298023368182855 
Car -1 -1 0 3.813211383649643 211.660414036842 105.18303296364525 245.93807553890437 1.4940237 1.5995113 3.9626675 -29.33116 3.6621203 38.233517 2.1883457 6.175403915070206 
Car -1 -1 0 0.0 207.39355296028592 85.11495192638014 237.94709651895303 1.5214915 1.6308784 4.16247 -33.91473 3.676244 42.881634 2.2500546 0.29844748973846436 

