Car -1 -1 0 675.8506441905249 175.369982956942 767.3475003215484 246.477902951611 1.537846 1.5678792 3.3568413 2.6027155 1.6045928 17.433659 1.5312018 79.59069632136526 
Car -1 -1 0 733.5119125314557 180.54762611542267 1008.4756606497103 365.96980054999034 1.4612734 1.623517 4.26811 2.495838 1.5698266 8.022937 1.601006 104.94942592360829 
Car -1 -1 0 650.7155239647361 177.64301183881582 712.7996322228704 230.0793864908768 1.5094419 1.5697793 3.5326455 2.2130156 1.6730362 22.87141 1.5575064 41.422428639531915 
Car -1 -1 0 397.7126237619317 190.61738734611887 488.56571466422554 221.07052163554803 1.4429982 1.6409527 4.1492877 -8.29427 2.3556104 36.16018 0.043327622 73.4998976452836 
Car -1 -1 0 580.8625887991321 178.54599239241236 615.5712248458291 212.11188790250162 1.5430363 1.6265566 3.7604682 -0.5486566 1.839531 35.69715 1.5616271 31.282222329370445 
Car -1 -1 0 437.43577393055 182.94693746864098 515.7434707771182 210.72901777299995 1.6127104 1.7020172 4.3832927 -7.9583545 2.2325878 43.423283 0.018488992 26.91578165805855 
Car -1 -1 0 637.8144247670166 172.77520648885246 678.7202976514768 207.21866132645323 1.6755865 1.6078253 3.8001225 2.5542653 1.6717532 37.123302 1.7718432 19.78996222530073 
Car -1 -1 0 627.1270545722548 176.59375158744064 664.0036062307631 201.64320878296328 1.4999425 1.5260153 3.6701784 2.32357 1.74741 45.77037 1.8549384 0.7523823174030398 
Car -1 -1 0 476.8394685368332 182.66771916658453 532.0518829809153 204.17865077039463 1.5263748 1.592314 3.7515688 -7.8224607 2.2754688 53.744755 0.31048793 1.0107995431493546 

