Car -1 -1 0 687.4125859391877 177.6868870543979 793.4408979243218 251.67678752288063 1.4113419 1.5901951 3.9861968 2.7610483 1.532099 16.02673 1.5594224 90.08816351759145 
Car -1 -1 0 577.6847427405837 165.9702407724138 637.8126288654058 225.2805992307812 1.6515074 1.6772977 4.246866 -0.11845802 1.4598278 22.240948 1.5382446 43.331532071170884 
Car -1 -1 0 647.743983772645 170.17558400472785 691.6086539767506 210.90014628973432 1.5817176 1.6363786 3.4939444 2.4287868 1.4776894 29.798027 1.6050054 43.162090440800476 
Car -1 -1 0 737.7257011955929 186.62109359195952 972.0326892686401 342.1042981995693 1.379421 1.578744 3.8635101 2.6396525 1.5824624 8.693864 1.591396 63.67978728743099 
Car -1 -1 0 296.31678310070566 176.57980465562105 357.9393188900058 208.04271249797875 1.4967742 1.569008 3.6299806 -14.255558 1.695383 36.613014 1.617321 12.672176672108533 
Car -1 -1 0 164.53909027749535 182.4631439460704 262.15632796178284 226.8524016706131 1.4422587 1.6191075 3.8987918 -14.309922 1.8191878 26.305735 1.5065154 28.528861627127476 
Car -1 -1 0 345.2544661527145 173.05267637097245 394.03153223278315 200.9995088245198 1.5663601 1.5831878 3.4881968 -13.986969 1.5784788 42.239243 1.6094481 36.03845587578321 
Car -1 -1 0 674.870045303239 177.6241539845522 753.7391339104266 233.34462838016373 1.4321655 1.5989598 3.5669944 2.9056106 1.5808462 20.673035 1.5273244 35.73952352713933 
Car -1 -1 0 396.22030635346255 172.8797888461936 432.40564535474493 195.3392555626548 1.559319 1.6178739 3.9174862 -14.041411 1.5612504 52.07328 1.5518384 6.765979593525258 
Car -1 -1 0 635.0529167942702 170.56131089838098 662.0012928287858 195.74136386873172 1.5174565 1.5852103 3.6788192 2.4839196 1.3792892 45.381897 1.6540992 3.0257700445768094 
Car -1 -1 0 686.0740538734441 159.75033103953524 718.5007483387492 185.1941435073566 1.7772744 1.6288227 3.762701 6.6846385 0.8619704 52.333027 1.5019265 7.265574574754277 

