Car -1 -1 0 675.5691787558392 175.77798352554063 772.4306174781849 250.35098468701247 1.4913636 1.578074 3.6031964 2.4786878 1.5651116 16.385242 1.555799 53.44593917553057 
Car -1 -1 0 0.0 195.0363568114368 182.79997633725273 276.69578182932685 1.4438694 1.6372101 4.155822 -11.47838 1.999402 15.981417 1.557383 43.28000751549833 
Car -1 -1 0 630.1521446819437 176.96266863362072 692.0939912380599 220.24944092166857 1.4953742 1.6620071 3.6004505 1.8696055 1.6608628 27.173336 1.447556 55.827386605051444 
Car -1 -1 0 243.0605578134365 184.9277785125324 493.79603149972945 283.81488150755547 1.5367144 1.6130637 3.7720919 -4.052425 1.7615478 12.445453 0.09997949 136.73422933736472 
Car -1 -1 0 253.69623899345865 187.07087775435306 362.082255023459 246.68901025405734 1.5117931 1.6035982 3.7300289 -8.661411 1.9633354 21.051533 1.5705233 18.448801737271925 
Car -1 -1 0 143.90099797266822 192.09145047992405 261.819059659785 251.6803809015781 1.4693424 1.5471166 3.3261924 -11.45098 2.0623298 20.559345 1.5459552 48.989356988760896 
Car -1 -1 0 457.90850358014774 180.42869190058747 548.2240966130005 221.2799771047156 1.4586313 1.6545419 4.0084095 -4.2804174 1.7803423 28.585903 0.86077845 33.35178269401026 
Car -1 -1 0 0.0 188.3217996489504 245.59043838192395 375.0 1.4945794 1.6102582 3.7369626 -5.0972385 1.6898732 7.200117 0.8120539 67.40625557788574 
Car -1 -1 0 699.8891341140051 127.77696895182294 909.5115672614967 301.29930199568787 2.0677345 1.8520607 4.683725 2.624373 1.5305855 10.9537525 1.5555223 66.14010646700392 
Car -1 -1 0 492.69591991114174 177.94920926352182 563.242085375641 206.24615605907815 1.5039897 1.615278 3.9637628 -4.649048 1.8056374 40.86644 0.6572686 5.328985338270091 
Car -1 -1 0 318.74843904736014 183.24793732648422 466.8258190618701 255.86019623733932 1.511368 1.6080242 3.908412 -5.314851 1.7901192 17.455704 0.72204953 7.727018707378147 
Car -1 -1 0 512.0576190973956 177.62105502864486 569.2532096804646 201.93542712431838 1.4913437 1.5609059 3.5167422 -4.4625797 1.8099743 46.567448 0.6234853 3.184810406690213 
Car -1 -1 0 431.96511135453983 178.662892386897 466.217209758823 199.91516770898292 1.4558641 1.5698453 4.2030954 -11.665943 1.8968985 52.67975 1.5697992 0.5973945097896641 

