Car -1 -1 0 710.8996612397021 187.37829575376443 899.5874985619811 309.5327600403204 1.5193495 1.6138908 4.071325 2.8825006 1.7945344 11.5720625 1.4830021 123.01752249349138 
Car -1 -1 0 807.5155761274447 197.63233865228437 1225.9360960321028 375.0 1.4779383 1.5848947 3.6167798 3.1542635 1.7644787 6.495634 1.5170681 88.61645758843872 
Car -1 -1 0 182.32231447707437 172.28805265022038 396.7588923116451 254.67506124481284 1.5717337 1.5965991 3.6753736 -6.383831 1.5609368 14.710049 -0.08132807 33.26147564834934 
Car -1 -1 0 0.0 176.96439432842078 346.51143745653576 309.4378583620448 1.4872379 1.6408641 4.209388 -5.744176 1.5458015 9.223163 -0.115284145 82.49044922124169 
Car -1 -1 0 264.2664372825493 176.41566357444702 430.0786201153545 233.3014916839448 1.4576228 1.5973992 3.9441578 -7.005192 1.558934 19.566238 -0.082166225 22.72201015012737 
Car -1 -1 0 508.6081365718084 170.72701728711493 545.2381016388628 195.07741540210162 1.5450165 1.6330128 3.7282586 -5.5134516 1.4100606 47.810078 1.2355096 31.00105845166059 
Car -1 -1 0 331.0521545695836 170.15402077506118 455.7127442401018 218.23534171392495 1.594459 1.6219312 3.868537 -7.3752437 1.504923 24.895664 -0.08283995 21.451681059447868 
Car -1 -1 0 600.3846082205588 172.1716520397959 634.889652778586 198.98157994316568 1.5881512 1.6107761 3.8696244 0.45779037 1.5477304 44.76513 1.4404358 8.87323276565651 
Car -1 -1 0 57.61557286699076 169.53682204122225 357.4134173644901 279.99287224429753 1.6654661 1.655127 4.00674 -6.434029 1.6154493 11.94381 -0.12156746 33.54264516980013 
Car -1 -1 0 611.2491132328671 164.03836669418178 658.65264732492 205.79220915601533 2.059617 1.7691338 4.509244 1.2656093 1.6247628 37.942657 1.4396608 53.70992809224387 
Car -1 -1 0 358.48977495980245 168.1119564983192 469.3264508062563 212.37607752273 1.6662893 1.6352535 3.8730505 -7.5315514 1.4877785 28.017965 -0.020017115 11.920665056303905 
Car -1 -1 0 291.8396780517991 173.33734207819728 437.80092050233276 223.97705119812235 1.4765482 1.5957986 3.9849358 -7.3865337 1.4920267 22.082357 -0.11659687 4.386376282971927 
Car -1 -1 0 563.1673463374525 171.80041480997068 600.1863805167663 192.98349374957448 1.5320305 1.599987 3.8062263 -2.1340494 1.4558314 54.248077 1.1910458 2.463766470416377 
Car -1 -1 0 478.4459031230939 170.14616295282136 518.2688999885655 195.9899242920586 1.4978107 1.5966265 3.8377936 -6.696544 1.3408741 43.784363 1.6357275 1.3654658278763143 

