Car -1 -1 0 402.30034349682626 177.88455246235074 461.88536500131994 212.8319404221814 1.4493121 1.6433647 3.92643 -7.906563 1.6895161 32.472904 1.5915519 45.6775356253561 
Car -1 -1 0 452.64924208380216 178.0431933872906 491.42291583777404 203.3298240222484 1.4653928 1.5603334 3.541471 -8.408355 1.7974054 44.360016 1.6173254 20.262340785478234 
Car -1 -1 0 294.31053118357045 181.00719734964468 376.3789132521677 219.70175309801678 1.4729414 1.6993635 4.170415 -11.471724 1.8415148 30.490208 1.6242702 29.336421483552208 
Car -1 -1 0 705.4824439990699 178.15132833779805 754.1397877613721 213.79261818759866 1.4154004 1.5392483 3.2699046 5.07424 1.6533818 30.777802 1.5736779 36.8539970798595 
Car -1 -1 0 382.4114981945198 180.01377158675857 435.19219501909544 206.89670778995585 1.453881 1.5362631 3.746211 -11.635041 1.8906478 42.044167 1.7311964 2.232785271157586 
Car -1 -1 0 601.5805600633222 173.00506613773766 623.866424825538 192.74062942246778 1.5701973 1.746005 4.4000697 0.22787693 1.5831507 59.65587 1.5531416 3.3779212042009514 
Car -1 -1 0 928.2534309385312 184.0130989346522 991.4301662331782 214.60907242366412 1.5321262 1.5589719 3.5549154 18.992281 2.167717 39.27772 1.5136956 2.815221079773559 
Car -1 -1 0 560.7761813568945 175.57072872718075 593.0139189662318 189.2748014834941 1.4711745 1.6439362 4.1678915 -3.6153045 1.7828534 80.55927 2.081386 0.6513533053860268 
Car -1 -1 0 0.0 139.570086641499 68.37815486898982 165.31180289113897 1.4653714 1.6753371 4.0792575 -35.572285 -0.48560178 44.37483 1.5178422 0.2625953257083893 

