Car -1 -1 0 28.236949886015733 192.4300408247829 315.6278179342999 293.3654428493616 1.569269 1.6349459 3.9322166 -7.342534 1.9279242 12.381222 -0.010549331 105.47389697419145 
Car -1 -1 0 585.2354817382529 175.5005039688309 617.3342372191182 206.3673338550731 1.5571532 1.6336303 3.6717997 -0.43955386 1.7053499 38.560043 1.5606699 25.863977464714917 
Car -1 -1 0 181.47564185389177 191.49956400081325 377.8802741588086 257.8842280686057 1.4706423 1.6234782 4.0211916 -7.8727083 1.9448586 17.427212 0.0564072 72.3192287339073 
Car -1 -1 0 259.4834680999721 184.15447578338973 412.17165331092 245.44238875612314 1.5751371 1.5933695 3.6046693 -7.41018 1.8992231 19.78574 -0.0622259 45.28794819052223 
Car -1 -1 0 341.3238200308611 180.7127314121833 462.6664183371077 225.0772233521841 1.5910752 1.6539199 4.065843 -7.726849 1.8957539 27.083078 0.031489242 29.84772267676483 
Car -1 -1 0 400.31837560513287 180.39053513521918 488.8194979375983 213.0032860875673 1.5122893 1.6096684 3.8662925 -7.908681 1.884937 34.77586 0.0502687 15.025385882560187 
Car -1 -1 0 311.18054078427275 182.54786186980084 437.51702003877955 229.7090325330741 1.5398015 1.5978817 3.8040273 -7.9956765 1.8832794 24.733149 0.017849714 7.381127232905397 
Car -1 -1 0 490.17598496653375 178.73243551561953 519.3356821919751 201.47782320590284 1.5032141 1.6079586 3.6159608 -7.292439 1.9292252 50.460556 1.54327 4.432558111915304 
Car -1 -1 0 373.22168256722955 182.68335189609664 474.67850704170377 220.96689521835796 1.5073545 1.6006997 3.746665 -7.6277294 1.926542 29.831488 0.075620316 0.5564383439392243 

