Car -1 -1 0 792.6149718444851 193.09995455232828 1231.7433196997695 375.0 1.4092219 1.5789673 3.8511016 2.8938997 1.6384315 6.2269382 1.5496984 124.95288814768506 
Car -1 -1 0 671.9966415815866 177.3618898001211 742.6704147531974 238.97757317975348 1.5320132 1.6357436 3.6963198 2.6315486 1.6693738 20.10112 1.6183941 97.06600374272051 
Car -1 -1 0 267.3249309373272 176.11689068604764 338.333898011121 214.41152913113243 1.6138564 1.6077173 3.6929798 -13.758562 1.769562 32.577866 1.5803052 58.25537619294674 
Car -1 -1 0 733.4402317256163 186.71207081727763 903.2023184675019 305.29461571471694 1.438806 1.5191426 3.257936 2.9326124 1.6777084 10.789461 1.5432234 88.30837174673971 
Car -1 -1 0 576.3567081255045 172.57475585685455 637.7774708998412 233.28789055624156 1.6482854 1.6677507 4.139324 -0.07523745 1.6407042 21.661592 1.567077 36.349734648014284 
Car -1 -1 0 180.41718925631665 179.6552775307644 285.5518730346867 224.59621860416735 1.5183661 1.6484176 4.008608 -13.978188 1.7927523 27.05446 1.6375076 30.349670778649287 
Car -1 -1 0 352.8545756969316 175.81787916917 406.060027468799 204.52972606423248 1.5996792 1.6967163 4.219999 -13.564802 1.784163 42.77636 1.6015797 18.76451725244518 
Car -1 -1 0 650.1609633055983 177.61318842923578 687.3431727063248 212.64821183108882 1.6086881 1.7012215 4.1276417 2.8830943 1.8587162 35.80419 1.6190606 13.632065042808405 
Car -1 -1 0 386.2500066487432 176.18797740408743 425.59978851397557 200.1763317491453 1.5522459 1.548601 3.84387 -13.821769 1.7883236 49.15929 1.5848219 0.3137751817703247 

