Car -1 -1 0 433.24578686336366 183.0740916441786 545.3487360737141 262.14753862121046 1.416615 1.6058275 4.2311573 -2.4405897 1.6681122 15.617446 1.6001618 93.99850014584769 
Car -1 -1 0 65.11165463134424 173.05580114805036 213.1265872243798 225.98856356088334 1.4861017 1.7217168 4.457556 -14.444959 1.4930203 22.50603 1.567451 107.65416344128992 
Car -1 -1 0 228.68606477209758 166.0616861656725 488.3681776133542 348.6183458443641 1.672564 1.6333282 3.9608498 -2.6437716 1.6103336 8.611836 1.5970589 125.8362084623232 
Car -1 -1 0 483.7049269516886 180.56826001822594 553.6017189253521 235.19815804928945 1.473415 1.6142225 3.7354758 -2.6647117 1.7272363 21.865387 1.5802481 57.19882482639805 
Car -1 -1 0 222.65005221128484 174.94594346962543 308.47576641455817 211.01100845713182 1.444859 1.652673 3.9609215 -14.742291 1.5410728 31.163328 1.6246849 45.607964637502334 
Car -1 -1 0 724.8694541314858 176.16585347107628 831.3331246475761 245.37420636002003 1.6549773 1.7469774 4.442684 4.443782 1.7557929 19.716719 1.5395995 94.77437711108674 
Car -1 -1 0 541.685930369461 178.43989431422085 575.9286445897035 211.6189628243837 1.483473 1.55987 3.740187 -2.4153614 1.7677541 34.812237 1.5178069 10.441312864907383 
Car -1 -1 0 661.0711593842738 180.41891812808083 702.3066228816275 205.68694593257774 1.4691148 1.5260879 3.2741647 4.437168 1.9572799 44.787094 1.3241105 14.986582939589844 
Car -1 -1 0 505.5321915148642 171.81090594364557 562.6746899635497 224.4021658065854 1.8157759 1.6172595 3.8798976 -2.7345428 1.7797617 26.874233 1.5994031 33.72992902699195 
Car -1 -1 0 942.0057073965912 187.5915121972587 1101.1193107501658 242.07471053642854 1.6177177 1.6882749 4.178345 13.049608 2.10782 22.983196 -0.081719495 53.09971576951843 
Car -1 -1 0 463.21882236321403 173.50083148050106 494.7057380983808 192.77594563682263 1.6092674 1.7112703 4.2190223 -11.276318 1.6672765 62.547585 1.6373711 13.979494866799032 
Car -1 -1 0 574.4296427494276 177.92397687058556 592.7813826788096 195.3929117122407 1.5183474 1.6128125 3.8578153 -2.3416665 1.9942815 65.78795 1.5502818 1.6703772327548865 
Car -1 -1 0 972.4928278813096 189.57592414854182 1096.6619650300138 229.42077246788475 1.4834375 1.6094055 3.9294367 16.629307 2.1591578 28.348972 0.0015891711 1.2228679332633194 
Car -1 -1 0 435.4597964023027 176.4281710921718 461.0924166466512 194.09225704641264 1.5259426 1.6008502 3.7961462 -14.503975 1.8576741 65.04012 1.5309699 0.9333481061656068 
Car -1 -1 0 380.5678306353857 168.70726858785363 417.697287045212 190.43437225961276 1.4845686 1.6312664 4.003672 -14.919319 1.2012306 51.336826 1.5269979 0.25721246004104614 
Car -1 -1 0 0.0 168.14484479302212 121.37395525302121 216.54535341275837 1.489956 1.6110255 3.6556876 -18.271555 1.3449898 24.073227 1.5268213 0.2567187547683716 

