Car -1 -1 0 891.9619730391094 179.8892168162944 1004.4085511066038 229.60716287137393 1.434921 1.676501 4.0605884 10.8500185 1.6835688 23.452892 1.548284 80.8212454175819 
Car -1 -1 0 272.66586113588096 188.17886560517564 488.3163515698003 331.0827430935741 1.4957452 1.6749675 4.189601 -2.893911 1.7548196 10.100048 1.5745242 116.23381907577394 
Car -1 -1 0 1062.2742385185682 177.8693092699054 1210.087060614187 232.26399799738527 1.5032966 1.6014605 3.9856164 16.0898 1.6724284 22.32212 1.5482099 40.581380232568435 
Car -1 -1 0 979.2349790227964 179.29401460702755 1084.0824564052389 221.1468137609129 1.4606915 1.5731486 3.8816495 16.11725 1.7264428 27.784668 1.5023595 31.983680778115357 
Car -1 -1 0 839.5619347974629 177.70141736169458 903.5626163671931 216.67318925301896 1.5071256 1.5913919 3.4488807 10.855543 1.7212968 30.111347 1.6293389 30.834320326209912 
Car -1 -1 0 928.7476222959111 174.08380593560338 1003.0439555059789 210.65890807503007 1.5566537 1.5670514 3.5133429 16.010284 1.6152388 32.60031 1.5505829 15.708900250982532 
Car -1 -1 0 546.333361686919 177.28788404131183 572.5211183515785 201.73263056388564 1.5418437 1.6772573 4.0043383 -3.3711119 1.8514286 48.318954 1.4939027 13.255199985868476 
Car -1 -1 0 235.3077426269937 163.69163023953323 286.9121434292727 179.26523220175665 1.4377065 1.6267838 4.071181 -32.590015 0.59186465 67.53618 0.056005668 2.003522913956968 
Car -1 -1 0 518.2475384043934 178.4984369032388 541.283443185464 196.30179142333208 1.5325994 1.5427614 3.8594937 -7.191591 2.0587454 65.30504 1.6023394 0.2922295331954956 

