Car -1 -1 0 799.5335247302282 166.60803230646192 916.8615510754748 258.6828718496439 1.6259172 1.6385845 3.9856143 4.943473 1.5156218 14.841182 1.7347357 118.21174344107425 
Car -1 -1 0 775.640175508788 162.36589719057935 836.7587825260877 207.11103704828255 1.3920076 1.5928493 3.8652759 6.585558 1.0657258 24.480663 1.7287319 42.349345093330356 
Car -1 -1 0 336.0654678686743 145.32814632435296 411.8282491707249 184.3588177005046 1.4977429 1.5229018 3.3287327 -9.543356 0.4414798 29.465431 1.7591697 64.01460950519923 
Car -1 -1 0 695.3017282597239 150.86945335899094 756.4448912999034 211.03130041222454 1.6678237 1.6859775 4.3258123 3.6203775 1.0583618 22.279694 1.7466345 47.16032849737089 
Car -1 -1 0 0.0 142.66711501278053 143.92383458395636 199.16030880879617 1.5187618 1.6204135 3.895701 -15.607527 0.7072181 20.53793 0.17677754 72.960174760813 
Car -1 -1 0 390.025300416841 145.77427072677457 457.88690824327443 179.7823337473367 1.4919502 1.6199485 4.088972 -8.603598 0.30394918 33.794914 1.7170639 41.205193404015645 
Car -1 -1 0 880.6741970982074 187.21472861280017 1242.0 375.0 1.4412304 1.6441493 4.3256283 4.9519806 1.6245627 7.4341516 -0.51260626 29.152523786283957 
Car -1 -1 0 451.1001550552277 146.3082276403302 504.2274462514239 174.07601423866265 1.4843626 1.609554 3.9732323 -7.369049 0.06532413 40.674393 1.7627692 9.345291644906759 
Car -1 -1 0 792.7802818464124 165.4019408300784 871.4684891138459 222.73738772932035 1.4077088 1.5997177 3.7809982 5.972576 1.2247446 19.716337 1.7461126 7.326684504940445 
Car -1 -1 0 171.8511115266825 141.81202038904786 300.4130393206373 185.46963857088951 1.5052888 1.6411152 4.1557117 -13.558572 0.43497962 26.235931 0.27712733 6.7854332558178525 
Car -1 -1 0 762.3739314060607 152.27393110852591 806.4660902244453 183.44173889349247 1.488101 1.5922986 3.72129 8.754864 0.5055094 36.367493 1.6500133 4.0368650936316435 
Car -1 -1 0 759.6451982617695 147.49953752114118 785.8909094338635 171.19218698491957 1.5708323 1.616601 3.5980287 11.279604 -0.11961275 50.020447 1.7488663 3.007581026950356 
Car -1 -1 0 86.35183369780248 137.75872442991567 224.30966620914634 192.85753692671182 1.6847996 1.6471729 3.75742 -14.656666 0.6116637 23.331488 0.25351858 18.996419977801626 

