Car -1 -1 0 688.4238732674277 181.53177544403448 788.2251221415634 255.07836302322298 1.4187968 1.5964922 4.1487727 2.7997994 1.6422834 16.496922 1.5849879 76.48449138407479 
Car -1 -1 0 103.85478093715201 179.40392897490116 419.03302054824627 296.2502255210331 1.420159 1.6015003 3.8953376 -4.9509177 1.5311629 10.590679 -0.500745 146.41201156582264 
Car -1 -1 0 661.999939932172 177.57766570912815 707.894394668865 218.0657994119512 1.5148394 1.5714433 3.5555787 2.9949822 1.7178427 29.211918 1.5956476 29.945581605881152 
Car -1 -1 0 354.7220836586974 178.46193863562556 510.4498499311398 235.93605640163867 1.4296815 1.6046803 3.8905802 -4.8575487 1.597128 19.906185 -0.50103015 94.63806647160145 
Car -1 -1 0 645.0986416344992 177.6869850914227 679.9776405748626 207.7677079621212 1.5094283 1.5916356 3.758224 2.7953997 1.7811705 38.689934 1.5700598 11.745432225631326 
Car -1 -1 0 365.9916978255797 169.71798222766714 512.7855629469045 229.06768275303926 1.7093809 1.6955229 4.151176 -5.290215 1.6190577 22.581837 -0.5444408 38.823776927333256 
Car -1 -1 0 528.7742954356146 173.78661008941188 567.4135911780113 200.43020746464174 1.6333162 1.5894558 3.8063467 -3.904067 1.6958566 46.379337 1.7336807 3.71869804677754 
Car -1 -1 0 492.0670142863607 177.5135035578396 568.7854133985807 206.2807489423182 1.5541561 1.6394596 4.1007013 -4.4816256 1.8258352 40.741085 -0.26564655 1.313319156357244 
Car -1 -1 0 639.278456369405 177.11519668063787 669.3469604051758 204.41216100001571 1.5738598 1.5858577 4.134011 2.7055976 1.8477846 44.315163 1.569689 0.8252611517166611 

