Car -1 -1 0 711.3934286004296 177.53934138556306 820.5075988596266 254.27074213953787 1.4414659 1.5985103 3.916017 3.2684116 1.5566543 15.767212 1.5883152 84.8204990577776 
Car -1 -1 0 689.3467303741681 174.7659087255181 757.9332680068361 230.45976365122584 1.51347 1.6100156 3.9714575 3.345399 1.5764973 21.76616 1.6156543 60.675210509225465 
Car -1 -1 0 610.3213761546397 174.53555783955542 643.0429547841017 206.23404585658653 1.5660199 1.6263092 3.8304648 0.89731276 1.6585894 37.786213 1.5950732 19.295032458552395 
Car -1 -1 0 335.79875060087863 189.0801667915212 457.92735187981054 236.7720059747211 1.4392433 1.5480069 3.4557831 -6.8058047 1.9827256 23.274652 0.069827996 34.279415270668274 
Car -1 -1 0 82.56219565076836 191.32624037819588 365.79203007962155 287.73447260101506 1.5846436 1.702331 4.3710556 -6.9598618 1.9508063 13.277559 0.08089867 138.30451871427312 
Car -1 -1 0 363.982410650683 187.54588382934026 484.6806552427088 230.20926768600447 1.4415563 1.5972462 3.8935745 -6.550836 1.9830515 25.770315 0.012674536 30.341803848091953 
Car -1 -1 0 816.4894950646701 134.6164757724729 1197.262069792571 375.0 1.7716066 1.6099486 3.8203297 3.2598124 1.5113177 6.8475876 1.6041785 152.13538565991556 
Car -1 -1 0 404.651468758097 182.41997255528824 503.2538642999645 220.55044938964036 1.4990828 1.5856755 3.6781168 -6.368055 1.905487 29.739859 0.067018054 24.619391428195176 
Car -1 -1 0 266.82260827045184 192.05614514120813 419.5515168297059 253.38883990449622 1.4551749 1.5387492 3.3353088 -6.7508965 1.9695189 18.486248 0.043207496 33.5895435105418 
Car -1 -1 0 187.56245707321978 193.71085105735042 393.68932139409765 264.94151968346006 1.4385622 1.5983651 3.932714 -7.0393624 1.9329154 16.12355 0.09307901 9.347450666162173 
Car -1 -1 0 445.5266086952702 178.48612464445628 525.6368573106414 210.09602673078427 1.5854003 1.6282988 3.8275023 -6.394923 1.8849013 37.444023 0.05890442 5.668225454399881 
Car -1 -1 0 470.60693808972405 177.64196436014632 542.8776131315879 203.70042476555136 1.5588994 1.6569301 4.137698 -6.330438 1.8621334 44.627285 0.11969338 6.56346002575803 
Car -1 -1 0 428.17015810963557 182.31823482001755 513.7088514876032 214.78293305387243 1.4812063 1.5880103 3.735463 -6.6759596 1.9542962 34.849148 0.24200378 3.2254305089064674 

