Car -1 -1 0 268.47701444440867 184.99821086110083 466.66460953325196 323.1559144611339 1.4359934 1.540074 3.3667288 -2.95189 1.6244442 9.497467 1.5497762 131.11313738453364 
Car -1 -1 0 477.88064600884394 174.7228282597576 545.1592479296947 232.21081140179294 1.6288849 1.6336913 3.9848623 -2.9747558 1.6925719 22.581907 1.5524167 77.78552741545519 
Car -1 -1 0 855.2806562014208 172.4266132148256 1242.0 375.0 1.6892598 1.7211488 4.45558 4.2061863 1.6861408 7.5067654 1.5549327 116.17232593674409 
Car -1 -1 0 670.0672072767156 181.03365998195895 721.1347992335636 215.78798328311765 1.4494935 1.5266314 3.251562 3.8356185 1.8386309 32.612934 1.4364666 42.77318035416382 
Car -1 -1 0 110.19747617847857 178.55989090962692 228.89417420959282 226.48914314339143 1.4858785 1.6880882 4.191391 -15.072748 1.7004328 25.003439 1.5304723 50.32775287143652 
Car -1 -1 0 390.7636014462421 166.53241608780482 509.89090962053774 269.3311194460472 1.7964628 1.6163626 3.746259 -3.0430214 1.6859896 14.494071 1.556092 105.59930923272918 
Car -1 -1 0 259.3090796722856 176.1543901554222 325.6430642552954 209.08405690942845 1.5380528 1.5966855 3.878159 -15.7455635 1.711751 36.032284 1.574467 26.552440079087297 
Car -1 -1 0 189.24623546939335 178.11107424536618 276.51104452280936 217.92773626060213 1.524284 1.613539 4.1259885 -15.671858 1.7599795 30.261536 1.5386143 18.291126990034186 
Car -1 -1 0 549.3762635704774 176.30220912407572 572.9578842700192 197.55900457394185 1.5003338 1.5444239 3.708349 -3.615939 1.7651975 53.4887 1.4493042 7.395130248711348 
Car -1 -1 0 506.7844202150146 178.4112054655564 552.197167178705 219.3442652986673 1.5152979 1.5962031 3.6870823 -3.1701908 1.7539155 29.10141 1.5219569 7.678070515223864 
Car -1 -1 0 751.7764271034108 178.88254765460684 805.2049311364191 213.74052553436445 1.5042493 1.5929376 3.9608743 7.8417726 1.8032931 33.80746 1.5755005 6.47113354249932 

