Car -1 -1 0 322.93334289442686 185.49766393720495 393.8385333324223 245.32631989976915 1.5184021 1.6170712 3.886352 -7.302493 1.9275914 21.27123 1.3296491 75.2794411923202 
Car -1 -1 0 649.1192186629407 196.55029988930576 995.7270239198994 375.0 1.4258192 1.5504227 3.562871 1.5481138 1.7032437 6.5507016 1.3786101 107.71485654607324 
Car -1 -1 0 367.71655988498736 185.7458263769083 412.75271184384474 222.07210393254127 1.4912385 1.5468042 3.6680331 -9.952078 2.114472 32.93985 1.3934891 9.38670836508832 
Car -1 -1 0 587.2441291446399 188.87338031532832 711.0724550542985 236.39934042573083 1.4821095 1.6120446 3.9155025 1.3257191 2.0568037 24.619747 -0.250032 31.96374457148031 
Car -1 -1 0 645.0536386651858 188.8719123278693 816.5092447164819 259.07768018676853 1.475435 1.5791178 3.6610246 2.8259816 1.8808928 17.001913 -0.2783967 30.82445700192008 
Car -1 -1 0 642.1611845980293 192.9073970020275 863.1481399277479 283.0145098916011 1.4936283 1.6035341 3.9876895 2.786229 1.9254812 14.075046 -0.3667334 34.69168759409859 
Car -1 -1 0 542.7985980792399 181.83762139859564 635.168027642482 218.41341124942193 1.6320771 1.6719396 4.103699 -0.9934056 2.0739117 34.166 -0.25181723 13.596887105124228 
Car -1 -1 0 603.5176867156514 192.71143710758054 738.6589972860806 246.03392041949735 1.4426756 1.5731877 3.7216692 1.792418 2.0648046 21.482065 -0.1898078 15.322154233558573 
Car -1 -1 0 716.1698102300948 191.97632940421786 973.1914589616002 299.4760305801176 1.470968 1.5835602 3.6892624 3.7447352 1.8129673 11.617754 -0.29040316 14.899876180108222 
Car -1 -1 0 469.09332338663705 184.28483099508074 493.2815258420444 204.0083295113707 1.5156012 1.6165605 3.7985191 -10.677662 2.4964106 59.86395 1.2980113 5.062783827037951 
Car -1 -1 0 549.7696101285153 187.2008467142534 649.4748280807487 223.45487294800364 1.4675618 1.6239287 4.091814 -0.4548494 2.1188593 31.484493 -0.23768057 7.1307547291549644 
Car -1 -1 0 506.26719507289357 183.76422207778424 544.4658980493793 211.06641184943186 1.6393218 1.6248347 4.0955057 -5.5613866 2.3875835 47.284336 1.2327234 1.085772349120683 
Car -1 -1 0 573.6751317076744 188.00606842543363 688.7485098031574 231.22083349930895 1.4620683 1.6187283 3.9496338 0.7886519 2.0523822 26.741201 -0.30766875 0.7996325209545245 

