Car -1 -1 0 304.5889319948333 183.9765226292831 484.3788831077284 310.28186181753586 1.4079145 1.5528904 3.4937353 -2.7962704 1.591099 10.1186285 1.5469582 84.12925840060186 
Car -1 -1 0 794.8686894925681 189.8160469088465 1018.373280278122 311.07706791106233 1.4030201 1.653482 4.0238714 4.1991706 1.7081586 10.948423 1.5461861 55.58021054737852 
Car -1 -1 0 493.1897882281379 177.85618091401292 560.2258328145305 227.1936210386751 1.4273756 1.6131645 4.3336983 -2.5981488 1.6053936 23.497536 1.588304 42.8669911053296 
Car -1 -1 0 693.5580047492354 172.95521083886814 760.1462315647842 221.89092072363013 1.7221532 1.7166017 4.3282137 4.3867044 1.7263305 27.591555 1.5393445 75.4429652685765 
Car -1 -1 0 432.0448582740796 167.17729942935347 540.260571042514 251.40099874315675 1.6894069 1.6406527 4.0692606 -2.6783733 1.5755403 16.537626 1.6091816 92.89862919472817 
Car -1 -1 0 854.8864245661997 182.3568324873595 959.4289024566752 216.97258755463096 1.4168707 1.5970823 3.8228383 12.695324 1.8355571 30.90498 -0.045869753 28.638890028515004 
Car -1 -1 0 303.29969765646064 171.02751423002974 361.6928522949084 200.2759398808371 1.503236 1.6503325 4.0474744 -14.93815 1.4093628 39.116707 1.5594746 36.15043608318312 
Car -1 -1 0 940.7922411666864 181.099327586119 1108.5260940828218 240.75904289225576 1.6581447 1.6765912 4.0102844 12.136338 1.911593 21.24546 -0.047964975 105.27986203417632 
Car -1 -1 0 353.4933605017769 171.8355761508023 393.33738868918664 197.3238356353588 1.5279486 1.6227782 4.032766 -14.78507 1.4668968 45.35283 1.4513619 10.510221773495939 
Car -1 -1 0 515.3191128109646 176.4274422782729 563.466154276025 215.1990048475149 1.4840564 1.5986233 3.6278157 -2.8353662 1.640547 29.776112 1.581049 21.36144724585863 
Car -1 -1 0 550.9622622516802 173.127073843212 582.4987444624542 201.12774471929694 1.5897329 1.5657854 3.8239021 -2.5069532 1.6067108 42.931915 1.5933478 4.8305292103266835 
Car -1 -1 0 493.0826605146111 169.1502505694659 509.4015897628149 183.4027323116184 1.5328572 1.6923347 4.1987677 -11.953479 1.1345178 79.79113 1.4438704 0.29151394963264465 

