Car -1 -1 0 475.1025784910434 178.16889726646366 534.9828289082641 223.00113347898642 1.482509 1.6731825 3.9241498 -3.7281246 1.6908085 26.30316 1.5549256 58.03997335054399 
Car -1 -1 0 347.7004601129292 179.84764350976937 456.5000771287642 216.30012931564875 1.4984893 1.6518855 4.1720214 -8.796148 1.8051808 30.810667 -0.0023630692 47.308152590851876 
Car -1 -1 0 0.0 192.9159823117645 232.1483245672047 300.6148130072575 1.4853425 1.6128861 3.9931493 -8.20612 1.815516 11.06404 -0.0021792273 43.09302707554513 
Car -1 -1 0 227.5372122536347 188.28919860820045 390.7563697158686 247.41009615772953 1.4692112 1.5787206 3.6778808 -7.8927717 1.8965533 19.165539 0.011855989 52.598328948787035 
Car -1 -1 0 565.9830206877089 174.46988454898482 598.5965332281536 205.32477891842754 1.5413923 1.639926 3.8443258 -1.4836926 1.6313871 38.21829 1.5120306 25.146645477747906 
Car -1 -1 0 122.30751726024704 187.0213204233494 348.5017450408461 258.14817956666104 1.4821178 1.6526717 4.2498193 -8.304291 1.8182771 16.251022 0.020388696 89.09400385849348 
Car -1 -1 0 35.300980193559965 191.17955321019105 282.40915911626143 274.29983576252965 1.4640914 1.585963 3.817661 -8.588762 1.8402 13.94857 0.035414908 36.22023698236771 
Car -1 -1 0 679.3984718420701 167.98826552981447 713.0553143281174 186.03109775992215 1.5266654 1.570815 3.8093827 7.541419 1.1149588 63.0988 1.2930824 0.30402612686157227 
Car -1 -1 0 304.87871467140127 171.02145679408443 361.86444133965267 197.84974992432691 1.4563229 1.6668719 4.176718 -15.709814 1.3568466 41.25735 1.5687659 0.2614847719669342 

