Car -1 -1 0 571.4957171670627 186.66914881373043 677.23318991128 284.05709322642593 1.4686778 1.6650223 3.2735004 0.26064876 1.7492117 13.000718 1.588229 59.92928322507547 
Car -1 -1 0 448.5326746492254 179.63197724682684 546.0119041027901 256.61061980923296 1.621244 1.6962388 4.3546743 -2.617648 1.8086123 17.763315 1.577137 104.8806755183421 
Car -1 -1 0 1115.6172024270293 152.771790620879 1242.0 199.8145564675727 1.5160472 1.6303034 4.0105667 20.283684 0.86885774 25.386847 1.353543 56.955740314344496 
Car -1 -1 0 399.32679709616565 188.5460957105305 470.7605503009399 223.59675222096985 1.5070463 1.7032495 4.1752963 -8.432562 2.3218908 35.241764 1.7973182 26.555780891807803 
Car -1 -1 0 612.5818559953619 176.6729812920648 661.7589467156827 222.54752954594494 1.5773642 1.6973495 3.990011 1.1066492 1.732239 27.20646 1.6483753 15.814317495278315 
Car -1 -1 0 105.16728391757799 205.84489773716203 193.4925205055013 234.03187419640193 1.4638199 1.6732833 4.3248744 -28.583755 3.620303 44.93112 2.212726 19.879168078235388 
Car -1 -1 0 0.0 209.1165524856619 87.14042874228595 243.6444127751803 1.6001029 1.6382579 4.1279383 -31.784353 3.7246313 40.118332 2.1928089 16.88519570448573 
Car -1 -1 0 542.7177607924873 184.37521214781208 581.6194012079372 204.78567275047217 1.503689 1.614052 3.9754164 -3.7486913 2.4596264 57.72294 1.9287992 4.295509249019692 
Car -1 -1 0 719.539774779657 178.4539004521769 740.7982071662628 198.98024877188598 1.5473511 1.6163481 3.7996979 9.611398 2.0091586 57.4954 1.737798 1.005776551010468 
Car -1 -1 0 83.00177046077302 205.01377513735443 158.63989344324548 230.5684952218313 1.4884539 1.591435 3.9846015 -33.278034 3.7727685 49.208767 2.2621138 3.1936782764633342 
Car -1 -1 0 275.0727915228998 200.95264366004395 306.4453290815742 222.68817525091643 1.4267766 1.5581613 3.8915372 -24.206936 3.6380374 54.72836 0.9896386 1.3010851014856304 
Car -1 -1 0 190.77349642235217 201.80620791183875 247.62119786977598 222.87172093432824 1.5019878 1.5868495 3.7032728 -30.133394 3.7839494 55.728115 0.1980344 0.5586573769103279 

