Car -1 -1 0 0.0 200.26086248222467 285.0087802320167 375.0 1.4226197 1.5580796 3.519138 -5.044018 1.7858977 7.788521 1.5498972 91.96712659767819 
Car -1 -1 0 180.2342570951849 187.73608941375318 364.2492278440805 295.3564328880023 1.4782312 1.6714816 4.0121098 -5.609291 1.7803061 12.565836 1.4701807 77.2443762170362 
Car -1 -1 0 352.21882293003375 183.458576711816 460.57571039346277 250.9280473508009 1.4945534 1.6643367 3.9725823 -5.0873413 1.7971036 18.59695 1.5736268 72.42896479018982 
Car -1 -1 0 0.0 179.25236766460336 153.10713287570934 268.7273464955753 1.4685235 1.567477 3.640054 -10.442382 1.6043864 13.697835 0.55337596 53.04229593667586 
Car -1 -1 0 140.75498007279901 174.8262897860981 277.3339885136287 234.37271881651228 1.4151381 1.5988182 4.012994 -10.644822 1.4722888 19.088017 0.6229501 36.996649794554216 
Car -1 -1 0 77.70376843000126 178.67972258408992 230.8786608407675 250.66422880661628 1.4178741 1.5827777 3.8846707 -10.322572 1.5636442 16.276964 0.6240826 40.73662786623038 
Car -1 -1 0 408.33727532759957 181.5434951692396 484.4897893598252 235.00377370995258 1.5587058 1.6430472 4.0391035 -5.258052 1.8689277 23.72855 1.5566965 21.560127498231683 
Car -1 -1 0 294.1225553293156 179.19982369297708 397.32875907537556 219.55956282230272 1.4448493 1.559364 3.7106903 -10.317642 1.7127575 28.460855 2.07532 16.7791655224457 
Car -1 -1 0 336.26651590191364 162.73854729756349 409.8893331806986 195.63821854172693 1.5348499 1.5891355 3.6829822 -11.623111 1.0629392 35.393326 0.63481885 12.570614655536803 
Car -1 -1 0 264.60850610927366 174.74625808173016 347.67903745879306 224.95146195157594 1.5736932 1.5983166 3.7686653 -10.451212 1.643676 24.724895 0.8780398 8.266692831867712 

