Car -1 -1 0 914.2378929268333 161.53513583532828 1031.6292359497 212.9819801438136 1.4400861 1.6894481 4.0859327 11.046905 1.1232514 22.270279 1.6082842 67.02983519138758 
Car -1 -1 0 501.0898474599039 175.58630778792798 561.2859348371902 217.03856946579617 1.4247862 1.6863222 4.3164763 -2.873043 1.5363147 27.270115 1.6000344 62.17326416793426 
Car -1 -1 0 856.0654404492676 163.2282374351792 928.8424679046586 202.34203541336342 1.4519126 1.5301111 3.648701 11.130423 1.0946021 28.625671 1.5945891 42.80501758378244 
Car -1 -1 0 1084.4269925382594 141.98563762396483 1242.0 244.57591847124948 1.6706024 1.6192971 3.6534865 10.949334 1.1679353 13.577465 1.5695041 86.76355208961138 
Car -1 -1 0 780.545494439548 164.77609276551317 833.9186937521422 191.78812606926152 1.4408083 1.7635742 4.315576 11.059481 1.0099366 40.658245 1.554601 16.918170158833043 
Car -1 -1 0 973.6328311398966 156.52433284327606 1059.1767365112996 197.1222102807277 1.5392 1.5748205 3.527225 16.32984 0.92008805 29.149418 1.6105788 11.284753004620008 
Car -1 -1 0 759.4579580528024 163.35451353487088 795.9120409277242 186.03525223865722 1.4311337 1.5654602 3.7746625 11.002945 0.83172464 47.426666 1.5850554 4.494309077486242 
Car -1 -1 0 552.3495204621771 172.50387251595612 591.9300684199238 195.6682929356791 1.497292 1.5693047 3.9478216 -2.4808068 1.4746604 48.745 1.8203381 1.5307050545144958 
Car -1 -1 0 826.8733775350224 162.47017992179346 865.6151761027432 186.21772657045037 1.5750034 1.595904 3.7596307 16.274544 0.8863193 49.769974 1.6182971 1.431834783964137 

