Car -1 -1 0 0.0 198.763383956424 311.9272736257593 373.19699210243795 1.4611751 1.6709133 4.2800274 -5.465915 1.8579814 8.871005 1.6213019 140.84590621900912 
Car -1 -1 0 802.3812795127103 185.95226747397584 1166.784878901992 296.63630815708905 1.3982178 1.64384 4.3071156 5.1015577 1.5990136 10.190964 -0.022506071 163.18838235613893 
Car -1 -1 0 707.122934148975 176.70100315585861 892.0540278962886 249.38999535104548 1.695849 1.6873983 4.136946 4.670331 1.7976929 18.024666 -0.1157993 50.94226404859569 
Car -1 -1 0 762.3212239148112 186.523157720331 1030.32094123831 274.3848479260763 1.42462 1.6121686 4.1110864 4.9390583 1.6827288 12.7914715 -0.013135243 41.5384605707679 
Car -1 -1 0 687.2768707824479 180.99220748294454 802.2510047537342 226.66855179616246 1.5806129 1.631968 3.837756 4.8374043 1.885215 26.141445 -0.02555699 33.05177328643252 
Car -1 -1 0 729.8286893947051 183.5985392303578 934.9583395363532 258.5345181752115 1.4619536 1.5919721 3.8309731 4.620887 1.7030852 15.267525 -0.06859554 36.386707562239465 
Car -1 -1 0 510.32154836400446 186.50543289237172 536.0142764896319 211.55870470978272 1.491378 1.5828977 3.9161785 -5.6135263 2.4224432 47.185173 1.4735293 6.937232411141781 
Car -1 -1 0 622.1954546142906 178.00184318905497 667.025059520509 193.81748817583377 1.4943899 1.6405578 4.1509695 3.443774 2.0150483 71.166336 0.5701728 6.365086179989411 
Car -1 -1 0 648.1559021567789 180.71309179810734 733.9804276248399 214.802014275561 1.4838316 1.6001501 3.853465 3.8182316 1.8769972 34.19103 0.7575892 2.3316477957133994 
Car -1 -1 0 675.8322290355719 181.0289511533666 785.2069522428357 220.63832048410535 1.5135319 1.6240222 4.049626 4.8268666 1.8545032 29.048805 -0.11866912 6.251741161253932 
Car -1 -1 0 451.627562714313 184.71953386606222 492.6734737438943 219.08485888566923 1.4903613 1.5670917 3.4751422 -6.4867353 2.0844781 34.330505 1.4863324 2.274753748744915 
Car -1 -1 0 524.7953074268687 185.06198339366748 561.434141170899 207.82990684131676 1.5175567 1.5886854 3.9079044 -4.7798157 2.4390292 52.389313 1.7717782 1.1801017763177692 

