Car -1 -1 0 335.1343868531705 177.70370361789534 448.3287304156116 247.13764838849661 1.4703236 1.6763036 4.213851 -5.181725 1.6038289 17.720673 1.5261474 87.7069304864266 
Car -1 -1 0 825.3975745487108 180.88121350188652 1110.6032495965278 276.7810896420213 1.4261734 1.5937601 3.8606222 5.6854296 1.5663171 11.735768 -0.03358677 74.07193767770329 
Car -1 -1 0 437.530960584761 177.7361201601323 498.6472796914084 219.0243517734312 1.4606675 1.6019166 4.1718936 -5.4237757 1.6650686 28.115047 1.5608566 35.46858567082608 
Car -1 -1 0 785.0008596546896 175.1670837390655 1008.977766268012 255.2661310460538 1.4872899 1.6012229 3.8268526 5.6190886 1.5363042 14.370072 -0.06293282 49.87509028681196 
Car -1 -1 0 919.7385874981588 163.98955711785771 1242.0 359.63369155171506 1.6829522 1.6627065 3.9340563 5.3853564 1.6066992 7.127578 -0.045951463 69.40174519321795 
Car -1 -1 0 482.5579968137763 174.4146386165955 518.3442788603741 204.55117076485715 1.5186448 1.5060107 3.3436053 -5.7394795 1.6050153 38.233955 1.53421 27.77817767198984 
Car -1 -1 0 713.8304520623198 170.01376091436268 851.5948775646082 226.03826153330033 1.633785 1.6347569 3.772773 5.18456 1.5509579 21.909191 -0.026849965 26.111231000205045 
Car -1 -1 0 0.0 143.30550308806946 346.1110158598447 372.81994888256753 1.8506609 1.6627787 4.2069516 -4.65938 1.6124003 7.98368 1.6545469 68.44862639012233 
Car -1 -1 0 666.8267003528696 170.86490768136315 773.1056967881816 211.1628352907432 1.5935962 1.6803266 4.183561 4.4451036 1.5149367 29.529127 0.07555242 14.941001329256096 
Car -1 -1 0 743.0003257032641 176.73234293734168 931.792600992291 242.37094135705547 1.4553672 1.5955416 3.9645302 5.3297644 1.5527852 17.12038 -0.10627814 13.654162614322685 
Car -1 -1 0 741.1309221907999 175.61858099794424 891.229862080348 234.01151926920605 1.5167875 1.5901787 3.623294 5.541904 1.5951389 19.634357 -0.010946934 13.000554607086837 
Car -1 -1 0 650.8339914658563 171.32321900102883 682.8687268755898 195.8883656758012 1.5199867 1.6006292 3.727721 3.6553712 1.4252683 46.545662 1.5229878 0.9744323593359906 

