Car -1 -1 0 209.33674837752028 179.30385571317373 335.19988783930245 280.37690116425836 1.4996873 1.6014978 3.6746256 -5.88198 1.6333206 12.954941 1.2585332 112.75364058986368 
Car -1 -1 0 531.6357267492597 178.93779437281694 681.6443791723955 231.56575505151554 1.5648841 1.7237163 4.5639696 -0.09205925 1.7765102 23.465641 -0.37247762 110.21738434752106 
Car -1 -1 0 517.0477329963514 181.38473137215965 626.8717133696763 221.46245674480156 1.4740454 1.6274079 4.05666 -1.4986936 1.8273318 28.503004 -0.3009129 31.419183534143013 
Car -1 -1 0 438.41216971612613 178.28867442350358 504.2733460246021 202.88350085608238 1.4735096 1.6019915 3.7987428 -8.698082 1.8271012 45.42288 -0.4315028 15.219149488679061 
Car -1 -1 0 458.9366113407012 177.58884365348473 529.2083642533888 204.07472384682438 1.5163537 1.6210582 3.9529157 -6.9187374 1.8086993 43.175426 -0.30999988 5.659217442230149 
Car -1 -1 0 475.03410171701984 174.53123711525532 554.8114183796297 208.05394335982817 1.7154227 1.6794119 3.960503 -5.0594215 1.8083329 38.5186 -0.33929843 13.651558877354626 
Car -1 -1 0 503.8892757026378 178.57981626550557 599.3092573267979 215.66204400319162 1.5309167 1.6208938 3.892897 -2.5483737 1.7925067 31.588642 -0.31624255 10.947481852563683 
Car -1 -1 0 484.3046901020558 180.99994856581722 571.7919359349462 211.7393456805964 1.4373434 1.5993463 4.0664663 -4.066827 1.8601841 35.985176 -0.3623631 1.233854951912795 
Car -1 -1 0 392.4083133444938 169.73868008378628 433.2650671650597 185.5220550767255 1.6178925 1.655535 4.070516 -20.5212 1.2985528 75.306076 -0.2719545 0.27651727199554443 

