Car -1 -1 0 778.3165033961748 170.9060325748795 1099.143281743613 368.8774394715974 1.5271189 1.6049647 3.5364265 2.9622517 1.5120926 7.347894 1.5531855 107.86686887556769 
Car -1 -1 0 691.1773779715521 170.48789844937252 805.8947523765904 249.46502991764723 1.4994502 1.6228819 3.8278542 2.8630016 1.4545276 15.641275 1.5343169 114.24250380093821 
Car -1 -1 0 649.5379865416769 174.9500621244936 711.1638809055852 220.73921047414294 1.4459784 1.5767522 4.213222 2.3756313 1.5251448 25.116442 1.5322177 54.222281204247174 
Car -1 -1 0 112.56112562188109 197.45854683645942 214.31138989444767 238.8345775140934 1.4635957 1.6317216 4.2694354 -18.523764 2.5664282 30.20322 1.5670409 30.5233389403222 
Car -1 -1 0 207.99700239622234 193.2448264475154 278.81535312087414 226.19188953988586 1.4663777 1.5579317 3.9172997 -18.435768 2.5539992 36.517807 1.5831583 18.67929793946559 
Car -1 -1 0 274.0451956751894 189.13779028564937 326.9722284385677 217.30102858911556 1.5016699 1.6278626 4.210891 -18.394123 2.523763 43.12952 1.4971602 12.371901111898062 
Car -1 -1 0 0.0 202.9188457731948 98.09997224265217 259.51071980058975 1.518018 1.6214759 3.7960744 -18.691605 2.5683722 23.296564 1.5874716 31.25732709389519 
Car -1 -1 0 640.0052906216378 176.6527832968252 686.4508456981442 214.17756748718796 1.475271 1.6096157 4.1164546 2.2295265 1.6486466 30.858675 1.553061 11.9382246784056 
Car -1 -1 0 625.1353986529073 174.6490601492316 656.8215779773078 202.6175451814461 1.5169768 1.5752281 3.7295022 1.8382418 1.624605 41.323112 1.6789901 4.687423696759758 
Car -1 -1 0 601.2930043540773 174.61870512675546 623.5991888416409 194.77336765668633 1.4985437 1.5252908 3.6038866 0.250403 1.6395661 55.815544 1.6310533 4.606529919246256 
Car -1 -1 0 326.9368107328301 186.82794947451336 369.76652674902056 210.78220984660754 1.5726278 1.6799877 3.7989743 -18.58236 2.606544 51.48603 1.5710728 13.651143844389173 

