Car -1 -1 0 275.30453598040515 174.41524089647152 344.0736299680053 236.21609539472558 1.5449421 1.6244594 3.706326 -8.379364 1.5929477 20.162945 1.169548 66.70421263668861 
Car -1 -1 0 820.1561901443782 184.35957468604596 1242.0 354.3154154853233 1.449334 1.6578213 4.299124 4.5820837 1.5882366 7.513051 -0.17870684 131.67648614261734 
Car -1 -1 0 458.56674935462604 181.7972913965425 570.3950043722949 220.18113295397274 1.527853 1.694465 4.5073404 -4.1075983 1.93832 31.33366 -0.47400087 43.12071911177286 
Car -1 -1 0 440.28242388413736 180.75245784828869 527.1064275332546 212.1354402318532 1.461772 1.6125736 3.9721985 -6.2835927 1.8752263 36.107357 -0.5019584 27.099397346437744 
Car -1 -1 0 427.9119258889629 179.56648027556537 505.71437861544905 209.2428870779399 1.5108936 1.6151152 3.827553 -7.7233233 1.8897178 39.095448 -0.49917018 21.792602471465102 
Car -1 -1 0 378.27224109039577 177.01770987694223 443.15810935548194 199.86538824325748 1.5056287 1.6382399 4.0217276 -13.76675 1.804852 50.032455 -0.60767776 14.18941644343936 
Car -1 -1 0 398.1571456973464 175.20868398909295 470.7414256012807 202.1302063961077 1.6230583 1.6799611 4.1473026 -11.047398 1.7776371 45.58928 -0.5335333 9.30692485722573 
Car -1 -1 0 361.38599932739015 175.86173644906705 424.7062262512797 197.77101005022092 1.5030867 1.6292424 4.0493417 -15.533143 1.7268187 51.838306 -0.61516804 6.243203399303146 
Car -1 -1 0 407.47138980902963 179.58706471016905 478.61721518532204 205.2876264107861 1.4515582 1.5888635 3.870435 -9.962144 1.86988 43.213623 -0.4925842 0.8310579820668573 

