Car -1 -1 0 359.31125103506025 173.32409198935338 421.95442882148467 219.24687684391247 1.7087582 1.6229329 3.6544876 -8.813258 1.728868 28.877579 1.0506595 88.05039542238148 
Car -1 -1 0 822.1672105275834 176.34863435537594 948.9943966441109 235.33280542439678 1.5781405 1.6215632 3.8441346 8.122227 1.6928142 21.613115 1.3184886 97.882635423678 
Car -1 -1 0 592.9059846132684 178.25459562860974 669.9451432477186 212.63620534373518 1.4470077 1.6316351 4.0572195 0.93516374 1.7117487 33.208324 1.0385585 24.301567213708264 
Car -1 -1 0 453.112516783169 179.1706436155869 509.30782353265784 210.13226111331028 1.4883102 1.6238012 4.0381517 -6.76203 1.8373867 37.718903 1.050235 4.4857504994095665 
Car -1 -1 0 107.2435248406802 179.60378072675314 193.22189482811459 209.1016723345232 1.4527276 1.5961112 3.752757 -24.13918 1.8240403 38.00076 -0.5764676 14.96626881835121 
Car -1 -1 0 933.8111748893849 182.086199960802 1054.2369461136427 231.76925164643424 1.4282691 1.574944 3.703095 12.2118225 1.7411985 22.89069 -0.4899632 19.10460583877345 
Car -1 -1 0 499.88655959801866 176.39057242542523 536.6639530492797 198.67108412107626 1.4840689 1.547625 3.7076573 -6.4499893 1.7424438 50.70606 1.1482207 2.4071834826291467 
Car -1 -1 0 340.5959671174235 171.56308641523142 394.95638167818294 214.64655010504111 1.8738341 1.7241403 4.427105 -11.3655615 1.8176881 33.742355 1.0867363 3.1370845080593543 
Car -1 -1 0 111.13578628889694 177.47737743747336 195.20083342797594 204.76785741079104 1.5124586 1.6324277 4.0204935 -26.58736 1.7932775 42.18476 -0.47180995 1.6294729574690576 

