Car -1 -1 0 791.8589735844242 178.9196546197256 1109.7066111671484 375.0 1.5620108 1.6189667 4.011013 3.2443244 1.6446251 7.8031096 1.5946598 135.7510163927052 
Car -1 -1 0 713.9248500619802 183.06803847423546 848.7351387840713 283.58525061226874 1.4908006 1.591183 3.758489 2.9130137 1.7013342 12.979282 1.5887046 113.63472752295631 
Car -1 -1 0 193.84646893939458 180.8824940772548 483.6723170160677 279.9762556988136 1.5215485 1.6612647 4.2551146 -4.371261 1.6666245 12.132046 -0.035800014 96.90330272333152 
Car -1 -1 0 668.8800798851986 182.85464573087896 731.7722250941658 233.59566756902697 1.4556825 1.5485932 3.594068 2.8419356 1.8023877 23.212337 1.5641444 35.890247405547505 
Car -1 -1 0 694.4121050288849 183.46938108589717 788.2901904739871 249.41784446356274 1.4630119 1.5699449 3.5250573 3.2476768 1.7601304 18.391457 1.5143809 62.404748949828445 
Car -1 -1 0 659.059392637785 177.6735275099854 703.0283586174863 215.29653683093667 1.6193265 1.6167287 3.3879168 3.2387025 1.8525553 33.205547 1.5486189 28.16471787017819 
Car -1 -1 0 332.0573657322955 181.06358004329152 495.9043541233391 251.6107523197715 1.5841994 1.5825459 3.4738297 -4.56711 1.7887306 17.181915 -0.0017338125 32.714269487746115 
Car -1 -1 0 508.07371935557 174.46572186931917 573.3256584039937 201.76282512830755 1.708003 1.6876786 4.0343075 -4.362668 1.8130095 46.1303 -0.01761604 15.478890144116349 
Car -1 -1 0 0.0 150.55828415869115 406.28582271522566 351.8007826733917 1.8660725 1.7528149 4.312881 -4.539756 1.6593298 7.598017 -0.014402762 115.27212217766053 
Car -1 -1 0 369.1894187912229 172.40223945950706 521.5587132619883 243.580127552538 1.8292596 1.6734257 3.6868093 -4.399572 1.8176494 19.609833 0.1287298 24.78519891954722 
Car -1 -1 0 489.7038311843388 181.664982855151 568.8115868392167 212.98006197741338 1.4848287 1.5814676 3.770674 -3.9103498 1.9296159 35.560936 -0.038663916 3.353028220253343 

