Car -1 -1 0 445.51176731610144 180.5178191888742 513.6294827174319 231.81916654671545 1.4496093 1.6098008 3.8021193 -4.0335236 1.7132854 22.894836 1.5332773 75.60043284520398 
Car -1 -1 0 279.7598123611868 181.74529005935284 458.5289258539975 305.42109253424184 1.4905024 1.6282458 3.9226284 -3.4137557 1.6506866 10.991754 1.5096811 139.70674189558625 
Car -1 -1 0 716.6231590962847 187.59725921836022 874.242732956814 242.95029092031274 1.4054039 1.5849509 3.8709478 5.0072765 1.8270361 19.720701 -0.063694 34.2501316540795 
Car -1 -1 0 869.6223881283242 201.6555184320544 1222.7917882888114 321.7792144037242 1.4092215 1.580943 3.7764018 5.6548166 1.8269043 9.657556 -0.00837894 82.14569286965425 
Car -1 -1 0 807.0279259453534 184.8091178714507 1062.9836699467928 283.25189139960463 1.5603179 1.6147329 3.7630658 5.5692797 1.7848843 12.609548 -0.07380745 52.22464611168537 
Car -1 -1 0 700.2650425877754 175.3921799236549 851.7010172024795 230.01034197549993 1.629714 1.7012126 4.318675 5.102579 1.7119504 22.494614 -0.01507856 46.509336387624415 
Car -1 -1 0 760.4611335459118 186.88044570219895 983.8361543454872 264.9213752983392 1.4537073 1.6030118 4.049638 5.3368177 1.7638044 14.887414 -0.13375449 25.080920140269725 
Car -1 -1 0 601.8582447966681 179.03385191193317 626.7691423959885 202.33607747343692 1.5080934 1.6147375 4.002893 0.2937644 1.9517559 49.783672 1.5512654 9.202187986642013 
Car -1 -1 0 673.4330010780566 180.4816981372373 774.8715071461784 217.64815299212526 1.4649243 1.6063521 3.8693824 4.6799555 1.7894592 29.76178 -0.07048072 8.401555875575639 
Car -1 -1 0 650.1629639357456 178.67294611260849 739.4818155815404 211.4922262647669 1.5408936 1.6381967 4.1118226 4.0993986 1.8309989 35.08247 -0.034753025 3.2228460663954364 

