Car -1 -1 0 138.14549703501626 180.16996636470355 305.02603492681175 258.83032643384547 1.444131 1.5800855 3.6147275 -8.074764 1.6187494 15.403381 1.5849662 105.23689966600348 
Car -1 -1 0 695.4310265543106 177.08269300628402 740.278005266169 210.22517837792816 1.4247807 1.5533904 3.322498 4.917206 1.6285453 33.105522 1.5689818 42.3572273574424 
Car -1 -1 0 355.1596066311494 176.80380445461608 421.27332004915337 216.52427954884985 1.4407744 1.5287094 3.3830805 -8.575285 1.6044624 28.205795 1.5769709 72.32572977995918 
Car -1 -1 0 0.0 184.3520304169274 160.2834553653483 265.6882887630127 1.4550716 1.6581186 4.006256 -11.683076 1.7346268 15.512526 1.5364027 60.7748113405054 
Car -1 -1 0 252.78960510918427 172.92823867542776 344.2179430605198 219.4470571255864 1.6191268 1.6686423 4.138484 -11.591001 1.6221374 27.191343 1.5686797 47.42315040112247 
Car -1 -1 0 594.4772867005518 172.55398669279936 621.252411477413 194.48239841002126 1.525693 1.6537108 4.177099 -0.16046599 1.504819 52.344727 1.4982984 14.570822518294591 
Car -1 -1 0 529.4913772240413 173.0797465060567 563.0711338375779 188.6422553042019 1.4356651 1.6341574 4.308673 -6.003476 1.4579513 68.93135 1.8871413 2.9064076732981943 
Car -1 -1 0 406.03604730738135 176.03553197889917 452.021351111727 202.9139294355002 1.5740713 1.5820776 4.002148 -11.147044 1.7806711 44.798355 1.6483625 1.3779984001379122 
Car -1 -1 0 485.7624690715197 171.1425444186011 518.8767631759283 192.09161052947366 1.6060452 1.8197192 4.3526583 -8.50145 1.4748374 57.529694 1.6139047 1.1500589664770793 
Car -1 -1 0 333.6540553975686 179.6292869239057 364.29333602450265 202.54747956905936 1.4709612 1.6018746 4.100023 -18.018932 1.9592398 49.80407 1.1278055 0.26908907294273376 

