Car -1 -1 0 563.9275509792402 176.42081038079016 636.2974368583536 239.14146577960125 1.4108937 1.6325797 3.3628035 -0.10720577 1.2604122 17.619375 1.5298017 64.41451990439276 
Car -1 -1 0 540.9906669552263 172.45166372676707 589.6151771253051 212.85583105459173 1.5694056 1.6092461 3.8857956 -1.5884268 1.1553919 29.512486 1.4089195 28.608231104769242 
Car -1 -1 0 319.72447130974365 183.45513557599583 388.60060690952815 215.89942426134658 1.4665649 1.6656109 4.0089655 -11.840999 1.4841793 34.067444 1.6458812 43.838370143764415 
Car -1 -1 0 413.0707527024385 174.0633835149727 493.9706917214245 220.69549433334876 1.6156296 1.6397883 3.8088217 -5.630907 1.3021841 26.533207 0.9717941 36.17901871515046 
Car -1 -1 0 606.2460421432733 164.3790802465221 680.8395022836203 193.2210733307614 1.6049194 1.6780161 4.1640577 2.3913574 0.5626109 40.361614 0.086309195 8.158454648111878 
Car -1 -1 0 532.9700364223308 172.1892486965215 552.7754756766147 190.4909635701107 1.4549491 1.5516057 3.7423105 -4.878468 0.58674 58.153015 1.4683176 3.3862576310763104 
Car -1 -1 0 794.1682548522133 165.33828895052332 843.2094761346285 192.85747080963378 1.4423203 1.6076578 3.7524219 11.876791 0.5108583 38.949512 1.5880953 0.9731044016680847 
Car -1 -1 0 907.7742161258236 132.9388737353335 992.6961765590256 169.1439855771201 1.4873391 1.538631 3.8087184 15.963531 -0.6839625 32.614414 1.3861687 0.38401907682418823 
Car -1 -1 0 581.1441631240401 169.53727240412928 601.684296596229 186.79974303952864 1.4108473 1.5546695 4.09837 -0.8572413 0.30152714 59.86191 1.6013001 0.9164591922620557 

