Car -1 -1 0 769.7391124599549 177.73351047225376 1011.4022267555981 340.31772126255885 1.5926821 1.6219133 3.960089 3.2436137 1.6683481 9.188541 1.596538 132.08956146796103 
Car -1 -1 0 707.1154426848749 182.5288453551634 822.8600366062616 270.7003147289072 1.477977 1.5821065 3.645871 2.9408855 1.6948693 14.3369255 1.5911133 95.61876483336292 
Car -1 -1 0 666.5249092107294 182.63766782334727 723.1931256475866 230.2271322072718 1.4542551 1.5442091 3.5056252 2.831135 1.8107733 24.532822 1.580363 38.44827550987455 
Car -1 -1 0 232.82159272060494 182.28841498646287 494.52871293263763 268.83633379551196 1.4858671 1.6592897 4.345823 -4.436402 1.6745205 13.508065 -0.041940805 72.40573958772707 
Car -1 -1 0 687.4204121366298 182.48086326545493 773.7825623006594 244.02073271248167 1.4879147 1.5719228 3.493757 3.2209184 1.776088 19.80297 1.5035292 57.58330714097009 
Car -1 -1 0 657.5480438982312 176.57212643328486 700.1467707561815 212.19432661545574 1.6079232 1.5905712 3.3748019 3.2782311 1.7953142 34.64638 1.529677 29.96950608098826 
Car -1 -1 0 0.6306525007451367 157.9586539348987 428.8718655372784 319.76250041379996 1.8123636 1.749392 4.3769407 -4.655237 1.6455209 9.012356 -0.02559505 133.5826097901933 
Car -1 -1 0 353.8839001226609 183.8788376376097 507.07411951811133 246.92530493999422 1.5179472 1.5705872 3.5185719 -4.526152 1.8144006 18.53808 0.04508122 16.652317750317053 
Car -1 -1 0 518.1470221322107 174.32780936472926 578.5059012508167 201.1512877126177 1.732716 1.6771976 3.8555727 -4.0007324 1.8316455 47.56878 -0.013529646 15.563654543396334 
Car -1 -1 0 385.3323148468664 172.86480291713147 531.0678673467388 240.0768383435027 1.8646524 1.6970476 3.8265607 -4.366814 1.8649845 21.104155 0.1282738 21.2941625083183 
Car -1 -1 0 646.3314239902753 179.75852274764662 681.3222296741152 205.62424691742228 1.4714262 1.5384741 3.4138238 3.252804 1.9072804 43.771194 1.4684899 1.043382951283686 
Car -1 -1 0 493.02062224448446 180.76475793299508 574.5342456380477 210.87107438394224 1.4922776 1.624564 3.956747 -3.8718095 1.9108446 37.221943 0.07353416 2.114619906578152 

