Car -1 -1 0 669.4691818453548 180.63100699369306 761.8193501978366 246.27613464038922 1.4322914 1.6258341 3.9973917 2.5566344 1.6507812 18.246883 1.5380462 89.30101554574948 
Car -1 -1 0 652.1255128165026 177.54353101339 699.2660988954879 217.97389390753668 1.52371 1.5908277 3.668502 2.6397657 1.7270631 29.453325 1.5715897 27.838944209204744 
Car -1 -1 0 267.65206119769596 188.60259586149934 450.5458439740275 263.15249778358924 1.4213861 1.5654681 3.5811682 -5.538924 1.8075907 16.06903 -0.57007724 115.69497628863765 
Car -1 -1 0 320.75961009985195 181.9145398150025 475.5851874010538 248.32992927897726 1.5709459 1.6156701 3.6890283 -5.5672307 1.8295844 19.043633 -0.46805084 29.081458710715065 
Car -1 -1 0 495.8098192681433 178.47671770586942 560.8936878382481 206.01460767119607 1.5739691 1.6016939 3.5513954 -4.882655 1.9248428 43.454243 -0.51521474 20.119415184573615 
Car -1 -1 0 461.2194667586499 180.06206792642726 546.4586233527871 211.62878373405417 1.5299335 1.6540637 4.0677633 -5.480996 1.9228597 37.556942 -0.55570436 32.370936847897184 
Car -1 -1 0 644.0229505465861 178.0545989889452 675.889090557841 206.88106033306408 1.5679337 1.558985 3.2996197 2.8628068 1.8790578 41.505436 1.5570774 13.97310018398901 
Car -1 -1 0 352.6865927455679 183.99940307786815 491.00891384934914 240.42546064830057 1.5174538 1.6052407 3.7371974 -5.6096525 1.8762361 21.630894 -0.49678424 14.944788751360356 
Car -1 -1 0 665.5553965355482 179.7363414676184 726.1667906314402 230.48724214196653 1.5224365 1.616795 3.9412851 2.807112 1.7718519 24.165562 1.5862651 5.966057470403354 
Car -1 -1 0 505.1117639262063 176.44935518042038 564.3061074833416 201.6840359934431 1.6433198 1.6295568 3.6555338 -5.0780053 1.8952544 48.99645 -0.477297 4.184967511523845 

