Car -1 -1 0 733.0720778558195 175.48863495639728 820.5205618321064 239.77923229519635 1.5202086 1.5590457 3.2834072 4.268464 1.5950584 18.847803 1.5829773 79.45369944804392 
Car -1 -1 0 343.84006080055144 176.29777360522084 507.3092159231211 289.63014427457364 1.6082536 1.6311802 3.9531994 -2.936039 1.6769215 12.37433 1.6180912 113.74119143581724 
Car -1 -1 0 709.6535405892372 176.14057530901877 779.2002457305206 224.97356313515306 1.4361787 1.5664353 3.677282 4.2680497 1.55073 23.308435 1.5729092 31.03571541873295 
Car -1 -1 0 680.3106703322773 172.70227505106615 727.1504345732957 205.49329060561925 1.4486289 1.6744492 4.2334337 4.368224 1.4419259 33.996677 1.5757774 11.517666066465306 
Car -1 -1 0 211.00686530810015 181.09319910624362 297.02443547735095 219.7129968210776 1.4709024 1.6192086 3.7339885 -14.771786 1.8374871 30.198479 1.6202548 30.07562965646659 
Car -1 -1 0 280.5748697696425 178.38595253340625 352.3410387079995 209.78000719575323 1.4669307 1.6178927 4.2137194 -14.788733 1.7646089 36.653545 1.6638566 18.852907442567176 
Car -1 -1 0 451.43965381833334 166.17627217354104 537.0800326913429 238.35772794764046 1.7826335 1.6617795 4.0173492 -3.0517418 1.6177166 19.839333 1.5844529 92.76335164049271 
Car -1 -1 0 497.34596126968944 166.67340114743658 563.6984771484365 221.06693890626772 1.8532975 1.7306038 4.449854 -2.8421926 1.6427119 26.857101 1.6308602 18.20334417998056 
Car -1 -1 0 334.14191607084456 177.7852075292456 383.5658813348959 204.76090972658466 1.4854505 1.5656203 3.9164274 -14.66964 1.788731 42.413162 1.5645269 9.854826225282146 
Car -1 -1 0 528.4494079058962 175.40682002836894 571.9185211830144 210.88320186957446 1.5166178 1.574219 3.6100566 -2.6569862 1.6396308 32.939003 1.6035931 9.588480038202176 
Car -1 -1 0 368.43320110077116 174.3990080868754 407.4693863046471 198.14795746164418 1.5023627 1.5322398 3.53871 -14.588432 1.6082158 47.655464 1.5575505 5.9318715093929875 
Car -1 -1 0 663.5095616340107 169.76004491087525 703.2042788495636 193.27809552479243 1.5628815 1.5883709 3.6993628 5.1465287 1.3572738 49.961025 2.0137892 8.624515855032739 
Car -1 -1 0 775.6516945585473 170.1535795949699 852.462749476869 195.09369403287613 1.4880427 1.6590034 4.196681 12.407848 1.3269229 43.926094 -0.022169232 11.085503340754089 
Car -1 -1 0 542.0228700433767 172.20564433989895 581.4384454394404 202.89479742023988 1.5881655 1.6098194 3.842064 -2.555608 1.5546129 39.317146 1.6482077 7.4313671488117015 
Car -1 -1 0 696.700002342096 173.05189133604335 748.2435136508757 211.88576969101493 1.4443659 1.5199404 3.489767 4.4137583 1.4526908 28.60444 1.5777531 1.6637257397377365 
Car -1 -1 0 399.2790427863503 176.49931301526146 433.6956209079409 197.5939904569436 1.4677005 1.5715756 4.1321006 -14.137834 1.7461605 53.02187 1.5314232 0.2517513930797577 

