Car -1 -1 0 365.4337454121399 188.31952234350996 454.24782402898137 249.2217870375181 1.5130731 1.6461198 3.9963796 -5.685768 2.006661 20.993736 1.5241268 75.73356130093717 
Car -1 -1 0 754.124103721116 187.6642791486855 964.9166603298268 260.9471416443038 1.4307535 1.5982511 3.9543614 5.257628 1.7675018 15.441446 -0.08521338 37.506638043318155 
Car -1 -1 0 436.52552111088096 187.6755006542989 492.83021067118466 226.77506781216593 1.5014048 1.6154053 4.2126484 -6.2254314 2.1899967 31.41354 1.5682389 26.370680688148724 
Car -1 -1 0 475.189996165815 186.97946659171953 506.1759448436022 215.4358841065754 1.5012102 1.5534286 3.6123512 -6.846917 2.3563056 41.80287 1.4686687 19.79184412838528 
Car -1 -1 0 733.7298877357103 184.33496773188753 907.084211702942 248.17453497170632 1.4783568 1.5981694 3.8405588 5.1965246 1.7808676 18.035828 -0.09405346 36.82545319040809 
Car -1 -1 0 810.4389246545172 174.54672283921258 1128.9494071978363 294.22700658032284 1.6289148 1.6500633 3.986513 5.2471085 1.6565485 10.813479 -0.07166417 57.86372627199903 
Car -1 -1 0 679.7363034401445 184.61019183880418 792.8325164932985 230.9268640227118 1.5510688 1.601233 3.6778893 4.417636 1.9803896 25.477684 -0.03912954 26.012294049200925 
Car -1 -1 0 866.0105664994527 185.6506866393977 1242.0 331.45281871482996 1.5023266 1.6316422 4.068326 5.3095064 1.6658331 8.398951 -0.0022138867 37.07022653978798 
Car -1 -1 0 642.1146958169197 181.82919906339538 680.998897439857 219.19288582279222 1.6255195 1.6378555 3.9922438 2.4225435 2.0780423 34.368187 1.5896622 17.317820324640774 
Car -1 -1 0 152.20458731166363 173.05750635230442 392.0037490700264 315.9641453839433 1.8252271 1.6649572 4.2035947 -4.968659 1.8290327 11.357258 1.6137112 70.48430671383936 
Car -1 -1 0 704.6321362416398 185.9220778931695 855.1424660209696 241.28931437475728 1.4778903 1.6052556 3.9069543 4.8517613 1.8734213 20.795454 -0.12684783 24.78927531367863 
Car -1 -1 0 702.0946584067019 184.78384119989587 824.3390845634432 235.0985135812879 1.5338292 1.5829422 3.573067 4.900854 1.9334812 23.292278 -0.049777824 20.18878823320824 

