Car -1 -1 0 774.4822094659585 174.40111039586014 881.1639859517012 212.69109519681376 1.4979689 1.6189878 3.84559 8.762194 1.5624328 29.181843 0.038410485 72.99140936273047 
Car -1 -1 0 874.7900603048768 173.4323965879388 958.8754572279631 204.3769057051404 1.5104058 1.620704 3.829861 15.700866 1.5412751 36.893944 0.48922908 25.12190844257734 
Car -1 -1 0 335.08640968619744 176.68854467595156 462.7789289825933 218.2111745522316 1.525351 1.6985716 4.401268 -8.050122 1.6785707 27.766794 0.0997647 90.37939769081274 
Car -1 -1 0 0.0 185.8548839083525 97.60438894388254 225.04784231499565 1.4918183 1.5734006 3.5455332 -22.815046 2.0281737 28.902565 0.04445163 18.78918375516373 
Car -1 -1 0 1148.8549779677862 170.33782962832436 1242.0 202.97585182961566 1.4201341 1.6085436 3.9608946 26.800888 1.3106512 32.345615 0.07495632 18.86542331786466 
Car -1 -1 0 456.7566083221845 170.77349354413326 563.8904307656461 214.27792483041515 1.7803688 1.7267563 4.211262 -4.162265 1.6952263 30.607742 0.10516609 63.082901068618916 
Car -1 -1 0 581.9329724504468 177.9707158198465 605.0736606137035 194.93017223893054 1.4194772 1.5345656 3.8843524 -1.4454224 1.8853639 63.659344 1.4141688 3.4421606154593767 
Car -1 -1 0 261.2618445418973 179.44350342861372 333.80382131809023 208.11153504753457 1.7658486 1.7020497 4.296667 -20.594486 2.223359 47.798546 2.0531392 14.127295891944941 
Car -1 -1 0 349.4866925994379 178.41925777572044 399.0298315386109 201.22852082988766 1.6703558 1.6679869 4.3736825 -18.288952 2.1223736 56.287155 1.7938681 2.880577868648304 
Car -1 -1 0 877.7997444608835 164.90219420228817 950.3723830089542 191.12868631982985 1.6340082 1.6778259 4.0754147 19.817415 1.1385808 47.089928 0.93081135 1.2563349835612372 

