Car -1 -1 0 224.87017194578124 189.30777333483076 423.1931069690445 313.79578963628677 1.4403529 1.6379038 3.8432086 -4.0163326 1.732137 10.831472 1.515448 125.17996868488555 
Car -1 -1 0 860.7789169391868 196.3077971846058 1242.0 354.63764072351313 1.4097636 1.6206243 4.1322675 4.989019 1.685103 7.579568 -0.03938496 76.59928018940938 
Car -1 -1 0 793.7805810547794 172.8122526266782 1135.8563629848184 299.1172078921509 1.6484354 1.6793269 4.129525 4.9461017 1.6478904 10.385969 -0.0635085 88.27196726484665 
Car -1 -1 0 706.0273780288107 184.77996841167257 880.9548825173562 250.10933497979966 1.4760259 1.6044471 3.8221366 4.41011 1.7828238 17.606327 -0.08162889 53.321775167107205 
Car -1 -1 0 594.9208139995675 183.1939120388513 630.7651526257612 214.4726096742698 1.4821296 1.6281013 3.9363298 0.123124115 2.0487661 37.530098 1.5145171 17.077854841226998 
Car -1 -1 0 671.4738293856792 182.79283186417948 806.5135074948053 231.84830206293114 1.4644308 1.6025668 3.9368095 4.059064 1.7941325 22.939508 -0.10124411 19.363778865372236 
Car -1 -1 0 695.0101225777038 183.5780384571396 835.6275855341094 239.10992381874084 1.4748071 1.5638983 3.5997667 4.3199224 1.7896166 20.33516 -0.035841838 14.003136341354638 
Car -1 -1 0 453.76180766698087 182.90351567621252 513.0105742243085 220.55963123556504 1.4835407 1.6085958 3.5412564 -5.397551 1.944647 31.259512 1.6789979 25.459290929231535 
Car -1 -1 0 658.8122414025537 182.85123562887298 767.3543877246432 223.88462661980915 1.5051291 1.6115816 3.9110756 3.928757 1.9019934 27.768028 -0.035742365 6.301408879721065 

