Car -1 -1 0 726.4717991079012 183.70684052625225 982.5571970506259 337.86018142142547 1.4622602 1.6209165 4.2687445 2.8012462 1.6355362 9.335951 1.5034244 100.35669660161429 
Car -1 -1 0 700.5869237619376 177.31036554986142 806.6567851493023 258.953612608997 1.5770366 1.6225339 4.1648893 3.0927794 1.6904141 16.261637 1.5872562 95.68156222138015 
Car -1 -1 0 670.8601704679688 181.0213477825379 739.4490140574491 236.82851653367737 1.4707544 1.5662408 3.6213694 2.7438254 1.7330806 21.360796 1.575327 68.93292983281212 
Car -1 -1 0 78.59046795323069 179.08274061879257 438.8305018128718 299.8193056708007 1.5259447 1.6738617 4.275258 -4.721841 1.6228741 10.225517 -0.07889524 154.8320593202841 
Car -1 -1 0 362.28668316927667 178.9659320885576 525.9083698838132 236.29553502204035 1.5329229 1.6618652 4.2954755 -4.5796576 1.7140248 20.43694 -0.052680325 39.71932970719207 
Car -1 -1 0 647.0404759772081 180.74231458336058 691.1254740151031 217.33089563482795 1.4686809 1.5164871 3.499035 2.546356 1.832514 31.503984 1.5349644 13.512576735951646 
Car -1 -1 0 270.460805481115 165.96406273920945 497.03525870770795 255.8875907866597 1.8681068 1.772071 4.4554644 -4.8368883 1.7249725 15.924393 -0.022025473 117.09492687820088 
Car -1 -1 0 661.1869582868708 181.82366634929625 718.8438682348719 225.1485119607031 1.4609407 1.5219594 3.3691978 2.9224396 1.8155808 26.789295 1.492959 16.11132042053817 
Car -1 -1 0 980.7096256840464 185.2905869344126 1242.0 358.582147879653 1.4639275 1.5761864 3.6587467 6.048689 1.6382018 8.237604 1.510806 29.088152366600145 
Car -1 -1 0 443.11829808139294 172.54883839775886 548.0056487413962 222.80834206866572 1.8724651 1.6773328 3.6829827 -4.38278 1.8610959 27.99213 0.15361685 8.426734774336603 
Car -1 -1 0 499.9578168983141 180.45425408398333 573.6447023671237 206.01236251188715 1.4995137 1.6414325 4.202016 -4.443264 1.9785436 44.26551 0.19469926 0.6834462952108281 
Car -1 -1 0 648.3711020924969 176.36170896667343 678.5171342159765 206.2834024266372 1.6378424 1.6311371 3.680243 3.0831685 1.8502066 41.809105 1.6150215 1.129759657960882 
Car -1 -1 0 544.6900131769016 174.2433830869023 569.6102281314559 197.09447685366274 1.6894276 1.6660438 4.0040603 -4.003745 1.8003578 55.59892 1.5613866 0.26717227697372437 
Car -1 -1 0 419.16713060377 178.98035396679725 535.4526074012799 224.78502557037513 1.5378566 1.5974941 3.741802 -4.6163054 1.7622664 25.45766 0.09491186 0.2620263993740082 
Car -1 -1 0 506.24723842766053 157.82359540695816 542.146211951336 172.99540242864956 1.4458625 1.603167 4.0595245 -8.355426 0.01347518 70.940094 2.0093422 0.25795483589172363 

