Car -1 -1 0 0.0 186.08346591657988 179.75557172840985 290.17212911142974 1.6522833 1.6711516 4.0147696 -10.115608 1.9323261 13.578957 0.4992349 101.95056330384955 
Car -1 -1 0 1030.6081808657693 159.0452611904515 1126.3201578329179 192.96812376694461 1.5138147 1.6103895 3.8667445 21.772707 0.8975967 33.525284 -0.2912891 35.96465296572826 
Car -1 -1 0 435.568800857797 178.61990562070665 513.0430257283002 216.73976486243217 1.5090449 1.6514051 3.8971198 -5.9052715 1.7747673 31.2158 0.89429027 17.622171887638196 
Car -1 -1 0 371.5529746943772 181.64615663733863 457.09665735016625 224.5165887728291 1.5040715 1.7008463 4.3339806 -7.7704883 1.8780279 28.459171 0.90575814 25.55154450775401 
Car -1 -1 0 989.3285526205423 161.10818004093602 1072.1690469441592 191.8515278511197 1.4718705 1.6160626 4.0214496 21.10937 0.9095267 36.147736 -0.45079732 6.11018371059746 
Car -1 -1 0 160.37040638906038 188.69384606592968 286.52571628342884 235.26456315147897 1.4560322 1.6011195 3.9330273 -13.324408 2.0338554 24.917377 0.3356825 12.930534726152402 
Car -1 -1 0 758.4688839025124 168.522011178814 784.4258249334977 189.34228858392808 1.4964308 1.6229163 3.8670604 12.132459 1.1850743 53.944836 1.8626144 4.898212798766454 
Car -1 -1 0 189.51563504389702 204.5855635401217 266.8041306063063 235.85156975890501 1.4357083 1.5734968 3.7428555 -20.65354 3.249694 39.233994 1.8423369 0.5881765527600948 
Car -1 -1 0 258.7383369360703 196.05080990307496 339.2118739184642 226.49121308700745 1.4594461 1.5896035 3.850954 -16.399168 2.7295008 38.11143 0.34145492 0.28226104378700256 

