Car -1 -1 0 673.9576161273072 185.02393701313608 777.2484149120646 258.33782080373413 1.4252325 1.635112 3.91638 2.5429235 1.7398758 16.6702 1.5372044 94.95746883313666 
Car -1 -1 0 653.8381275478501 183.00604564714516 705.0176144230107 226.53057650950655 1.5206301 1.6028849 3.724819 2.6401815 1.9400923 27.945925 1.5655595 30.840097928215783 
Car -1 -1 0 224.0249023576478 194.38369935204562 432.92646403569654 279.45469629388117 1.41301 1.5717669 3.6524484 -5.6017265 1.8968761 14.527649 -0.60820293 134.59311366280198 
Car -1 -1 0 460.4197618225316 186.06746845565365 543.3745187556539 218.43427617871197 1.4759673 1.6014017 3.7692697 -5.3503413 2.166398 35.998005 -0.581097 42.708341480612944 
Car -1 -1 0 295.8365084933936 186.9618487318476 461.6183372504227 259.531542643515 1.5407445 1.5939921 3.5953143 -5.5729327 1.912661 17.471596 -0.4905108 32.68594133204866 
Car -1 -1 0 643.3909190778245 182.9800726105193 675.9039121627077 212.3913613039377 1.5127859 1.5382322 3.3340385 2.7351522 2.0967932 39.939587 1.5614674 16.768739270183293 
Car -1 -1 0 669.71156831585 184.62668229588974 736.2101483358003 239.40123189117602 1.5191426 1.5572761 3.419825 2.8321288 1.91412 22.480831 1.5482894 22.95318722570128 
Car -1 -1 0 487.07654409383287 184.29037798127627 554.7883792390458 211.43453283448414 1.4642161 1.5807354 3.567936 -5.1329556 2.153745 41.891495 -0.55510235 19.589300182686966 
Car -1 -1 0 333.5232569881218 188.2570099624434 482.97609913989726 250.75711486378555 1.5352759 1.6118021 3.742024 -5.5979033 1.9999399 20.14506 -0.51396984 18.141530885537833 
Car -1 -1 0 501.94167457673103 180.35260917163663 562.6379399870253 206.85663288369636 1.6506089 1.6278503 3.6201768 -5.073605 2.1605053 47.454884 -0.522664 4.708657808312692 
Car -1 -1 0 634.0651582201169 179.34846582788364 660.6100397234856 203.95897679761515 1.6361915 1.6240313 3.7653012 2.6286743 2.1110482 50.863247 1.5571505 0.2515253722667694 

