Car -1 -1 0 382.974262190492 197.45283443571213 467.43527860167586 256.0262446001437 1.481127 1.5556117 3.6738977 -5.4226317 2.2818913 21.642046 1.58277 66.38329489700385 
Car -1 -1 0 302.52949018180743 202.947711375308 417.8444920556648 280.30205218388494 1.4370015 1.5210316 3.4569347 -5.5668616 2.1985402 16.51131 1.5448437 81.93457197982849 
Car -1 -1 0 433.0130834480761 193.03440280090874 487.44733370479935 239.37999632820268 1.5056387 1.5315117 3.4537787 -5.4721775 2.3038983 26.764626 1.5001185 41.640595430925266 
Car -1 -1 0 818.8095009799453 173.70238771463175 1242.0 320.8397456399198 1.4916251 1.6444447 4.126807 4.66902 1.5022326 8.172988 0.012775593 115.033844189976 
Car -1 -1 0 643.16425666121 176.49040312597612 707.855611298527 201.3141684386791 1.496072 1.5967593 3.7461934 4.1560936 1.7340407 45.59016 0.52346957 47.71063710772932 
Car -1 -1 0 493.4022161257148 187.47740252187683 537.1425646364075 218.75888659869543 1.5536631 1.5857782 4.023976 -5.1475015 2.4030862 39.841805 1.6522763 6.896102687591745 
Car -1 -1 0 601.2402180966952 180.40638362888845 623.2092658067979 201.95821249829578 1.5178027 1.5883942 3.8171284 0.21355 2.103883 54.075645 1.5817856 8.11577237924545 
Car -1 -1 0 462.9810155267132 192.0790777179893 516.5715077472357 230.86804048648597 1.5050511 1.6121871 4.229745 -5.274185 2.4208333 32.239456 1.5911448 11.296542044089891 
Car -1 -1 0 668.2369742401816 177.31606899807247 736.0019826257457 200.8147398939898 1.4591233 1.6210297 4.0809355 6.022013 1.759414 46.98042 0.42389664 1.6711651474319917 

