Car -1 -1 0 657.0575554055988 176.08045872746945 748.0190735375132 242.9185748868343 1.4586543 1.6112067 4.224322 2.199544 1.549096 18.089254 1.5394368 82.82798324560763 
Car -1 -1 0 644.7958917001437 176.95161612841017 702.9833638391207 227.99476934087528 1.5075327 1.6068289 3.9453444 2.0252461 1.6528958 23.612684 1.5850447 29.88554362892473 
Car -1 -1 0 299.11924170993177 189.3366719476728 443.67887736996073 239.47015600254323 1.4608119 1.6070367 3.976468 -7.3230157 1.9931686 22.446379 -0.027470369 38.74890820466722 
Car -1 -1 0 0.0 210.4781165794136 234.2262106229649 334.48232072467874 1.424404 1.5966303 3.9542887 -7.442817 1.9793344 9.739149 0.05357597 67.33126158433502 
Car -1 -1 0 434.6800534050981 183.31512868547802 501.84395947975077 214.1711246481348 1.6257023 1.5978869 3.4032273 -7.6895494 2.210597 39.473324 -0.04144871 29.916571860933363 
Car -1 -1 0 631.538268927574 177.27131159431775 674.3353894966551 212.63365653273246 1.5296855 1.613044 3.8151572 1.9665904 1.7474796 33.63581 1.5292995 11.159158360709883 
Car -1 -1 0 115.40034563280335 178.93704700112278 379.9633557360998 282.5359341535523 1.8879514 1.7721225 4.3775606 -7.017762 2.0188322 14.402588 -0.11038646 99.01594877246848 
Car -1 -1 0 266.414484609774 193.72044324172876 424.22294624848774 249.59454991008081 1.4103925 1.573628 3.7561958 -7.188513 2.010291 19.822586 0.07273896 4.970567934151298 
Car -1 -1 0 213.12743911929283 190.27360516002722 409.60971538566343 265.42454461150044 1.625576 1.6451646 3.9269264 -6.8658385 2.0551307 16.905619 -0.03303093 2.032711158130928 
Car -1 -1 0 570.5646172211507 173.05848366245777 606.8925901709345 211.94491027115697 1.7518821 1.6383381 3.9569483 -1.0029423 1.7622359 34.531105 1.5385506 1.3717860955035561 

