Car -1 -1 0 689.6569246078442 178.65880481782222 826.6860094464349 264.4853901167697 1.4505928 1.611815 4.294865 2.8292801 1.5865384 14.695516 1.4945918 100.17752878152545 
Car -1 -1 0 654.3212461149267 176.58895295049078 733.0260953386631 236.27063121867758 1.4794763 1.5852715 3.6478622 2.232026 1.592535 19.980368 1.5212874 64.18809586412044 
Car -1 -1 0 331.38621047033604 175.9488325202912 472.63845787597177 222.66584134540784 1.4751279 1.6736867 4.3650694 -6.8202763 1.5835593 24.109144 -0.1585138 53.93591653458513 
Car -1 -1 0 48.98351060203324 183.88698546315615 360.0929151105052 281.24074498469366 1.4085758 1.6045617 4.0306067 -6.2518244 1.5964067 11.4556 -0.0129018845 109.89756933304038 
Car -1 -1 0 629.1943902987925 176.85205595446791 674.5870917181676 214.3130611013928 1.4684411 1.5934753 4.0904307 1.7427294 1.6504918 30.789824 1.5447261 28.945655677392608 
Car -1 -1 0 160.61233935375992 180.26141235777794 400.216055014982 258.3824406304349 1.4447771 1.6122724 4.07059 -6.4489484 1.6033583 14.486653 -0.077020735 44.57500055183748 
Car -1 -1 0 616.4194817473668 176.26891816569173 654.5242360144717 207.49199762625577 1.4738641 1.5933218 4.0576744 1.2610892 1.6567492 36.576637 1.5221214 12.937969475769547 
Car -1 -1 0 376.8924438329091 173.74069249395185 482.3551336286823 211.5606556882167 1.5244049 1.6456026 4.0582457 -7.438023 1.562625 30.115309 -0.08194545 6.790487239038633 
Car -1 -1 0 463.70281809554047 172.9397976377962 497.4112103688703 199.48105951542783 1.4867777 1.537152 3.5541954 -7.511328 1.4920177 42.250214 1.5113181 6.016907028562074 
Car -1 -1 0 519.4352979198267 173.4973850262886 543.3326465336714 190.79391403062218 1.5485845 1.6758932 4.0872707 -7.2830114 1.6102283 66.94755 1.3295308 1.6026913921758343 

