Car -1 -1 0 684.6420012375776 170.6731151994132 815.0553747207665 278.8222391945527 1.7373029 1.7054619 4.405085 2.4842072 1.7022692 13.806843 1.5870265 133.41938330156466 
Car -1 -1 0 752.604287560463 183.46821621219013 1040.3402373658814 375.0 1.5181224 1.5814849 3.5834312 2.6367073 1.6552613 7.529793 1.5720347 111.5751109821858 
Car -1 -1 0 661.3192201128796 181.51744075654122 722.4565954929581 232.05538048783643 1.4754881 1.5492326 3.3236132 2.5901024 1.7754908 23.312632 1.5558344 30.01085717613343 
Car -1 -1 0 52.68408216014641 154.47213526684098 389.79973435884796 300.8644411398515 1.6862103 1.661803 3.8922925 -5.275475 1.4744799 10.09449 -0.598994 150.32381450957809 
Car -1 -1 0 421.4591793592013 177.26019669408043 529.9519787818599 215.1261105913386 1.4258797 1.6208555 4.019422 -5.4107723 1.6154351 29.307196 -0.5439458 22.27229365063618 
Car -1 -1 0 360.4147237103745 164.9329334152753 507.6978258435895 227.02059077886483 1.8389926 1.7532446 4.278347 -5.6186156 1.6043761 23.302752 -0.5999509 88.10550400385586 
Car -1 -1 0 469.91773405174825 176.6668429144687 555.8799473396516 208.28386829349373 1.5537125 1.664419 4.1847997 -5.0340333 1.7637625 37.834545 -0.63832134 19.918481260858712 
Car -1 -1 0 207.46050138492558 175.18330395583797 435.671579183453 270.20877185862037 1.5055407 1.5907685 3.6612945 -5.1989183 1.5530663 13.116112 -0.5248869 4.0025415993955376 
Car -1 -1 0 503.6924457725998 175.94671316898155 556.9673425751162 201.7353903595782 1.5116527 1.6187906 3.9733927 -4.973532 1.7130754 44.894943 0.97261924 1.5922594735957358 

