Car -1 -1 0 716.8710760098941 178.33069803218572 907.9365564320725 314.1177428203039 1.5284032 1.5847509 3.4655156 2.5909967 1.6177962 10.020266 1.5391095 103.94617856782628 
Car -1 -1 0 665.5446507385902 178.76060795449013 775.7072274907666 260.47899874475985 1.4626043 1.608115 4.209245 2.2024224 1.6055703 15.342648 1.5488406 89.35323579917227 
Car -1 -1 0 623.273186493965 178.27740666961998 662.2122649905863 211.09234325490718 1.4335046 1.6165408 3.958613 1.5181366 1.7052586 34.16596 1.5591199 53.97744051301664 
Car -1 -1 0 398.2904613772782 184.84519566990667 503.0218690257936 225.63672824168927 1.4323626 1.5721335 3.642867 -6.1322284 1.924279 27.952282 -0.57250303 99.88490227456322 
Car -1 -1 0 201.78363129302028 192.2407154135915 432.2730280568372 280.3492398111915 1.4099298 1.6081815 3.949296 -5.6198354 1.8309804 13.980389 -0.52870345 68.26370902198119 
Car -1 -1 0 0.0 196.68485318059822 355.95469096261706 365.03634960617615 1.4418664 1.6156968 3.9589942 -5.2273836 1.7807677 8.473432 -0.60271114 84.22954032384132 
Car -1 -1 0 448.0015705015282 181.56377685538118 527.8747758559081 212.21778726785 1.4772521 1.6104572 3.749909 -6.283421 1.9482999 37.3675 -0.540462 15.901076632762955 
Car -1 -1 0 441.53140224977756 179.56402073313012 522.1472838596518 209.12335592135736 1.539314 1.6600282 4.091732 -7.0756593 1.9275837 40.049145 -0.49486533 1.1990423694103653 
Car -1 -1 0 609.4627188514081 176.23649935858538 639.3060366575013 202.11736747933236 1.6031761 1.6050749 3.886039 0.93111914 1.8338504 47.211506 1.500148 0.2541484534740448 

