Car -1 -1 0 629.3713435614379 192.97987547470498 802.7375627210002 323.52677156523316 1.5655608 1.6109898 3.5824616 1.4487984 1.9293834 11.141438 1.4000361 109.92437960620512 
Car -1 -1 0 316.45848636719506 200.70595753635854 416.8454959093189 282.822584007481 1.402571 1.6297116 4.2482457 -5.261627 2.1104782 16.093334 1.3649364 116.80684113748993 
Car -1 -1 0 390.4332165618718 193.73618454970514 448.6484392294638 245.15517010045937 1.4959056 1.6181744 3.8975725 -6.4283586 2.2711205 24.725374 1.3945292 54.68085448508216 
Car -1 -1 0 594.7742821451775 193.81316013773196 692.2556085784555 276.6505992908093 1.5099885 1.4683923 2.8891745 0.6422672 2.0052009 15.493599 1.3868068 47.662374182110376 
Car -1 -1 0 410.2953357856616 192.66816634706464 458.0293252169449 233.90596109142206 1.4968145 1.6226673 3.935133 -7.284381 2.384271 30.247633 1.4156275 7.178765667118765 
Car -1 -1 0 763.3175935662622 199.68863974007155 884.4144542898656 254.88428376840287 1.5803988 1.6129246 3.6228867 6.888582 2.4954894 23.277767 0.31463695 37.839944950732395 
Car -1 -1 0 876.4128721931305 209.55562289017885 1056.1078973933481 280.9557127851242 1.4156812 1.5493727 3.5758739 8.19256 2.339858 16.893286 0.30485556 25.41297794897306 
Car -1 -1 0 519.0024843049208 190.78843575217476 535.138342665117 205.9420218684699 1.5070349 1.526658 3.5595746 -8.883656 3.4881375 77.88408 1.5149758 1.1824073695666286 
Car -1 -1 0 425.06630181156504 191.27462430263165 464.83576431303857 226.09164800253956 1.5032036 1.5365156 3.8340316 -7.9907255 2.4546337 35.26782 1.442021 0.2865229845046997 

