Car -1 -1 0 342.17164869406736 183.83024372868422 425.3146507383004 232.70097095078503 1.4123337 1.6848247 4.1461334 -7.3655024 1.8085437 23.924938 1.509959 29.567371251369273 
Car -1 -1 0 0.0 188.6775393269836 125.0251480832757 282.80196157349843 1.5878325 1.6678277 4.1453094 -11.758197 1.9441571 14.503331 0.5136524 63.518725087329884 
Car -1 -1 0 216.40206588756706 189.77569151344926 321.0981512473697 237.12061198009437 1.4166384 1.5900081 3.7753294 -11.644051 2.0470066 24.930529 1.6556634 42.54449831625058 
Car -1 -1 0 515.6632467917038 175.3402925094237 600.6442960887673 221.86461909373023 1.4823375 1.6887951 4.308711 -1.9174286 1.578346 25.549423 1.1674981 49.400145262540846 
Car -1 -1 0 432.59099686779183 189.29216235014465 502.16614905067615 221.91064560640297 1.4910185 1.6611971 4.1880255 -7.307478 2.3966486 37.50116 1.9052963 12.680340112338024 
Car -1 -1 0 569.6430701536877 174.5517326573563 662.2925541166518 215.64438066532006 1.4635766 1.6749938 4.126686 0.1644074 1.5348108 28.07744 1.0219865 36.14099645578855 
Car -1 -1 0 113.41384605488565 192.43045540852393 215.77812747772842 234.5707330527227 1.3995948 1.6110461 3.7038865 -16.854935 2.197253 27.543991 1.575412 19.02563027490419 
Car -1 -1 0 637.0927956462829 170.74366674342068 706.765154634802 209.0755364618748 1.4893308 1.6412685 3.7894797 2.523458 1.4073366 30.082478 1.289242 14.463578252694282 
Car -1 -1 0 322.66713410200225 193.7666843452679 372.25546882465324 224.2665729473645 1.509551 1.668186 3.8866005 -14.633448 2.7408745 40.47489 1.4833403 8.520577256172258 
Car -1 -1 0 391.0791691443655 190.21344526650276 460.4204945399471 221.59283743930632 1.494735 1.5785544 3.8024201 -9.792057 2.4754195 38.704124 1.9943008 5.92932294662098 
Car -1 -1 0 686.0413687648431 170.25890851465056 759.7544846184862 201.74273383286916 1.447005 1.6556618 3.8157027 5.4668097 1.3277338 35.23907 1.110374 2.367456041940785 
Car -1 -1 0 475.25685982217215 189.09426499159946 539.2310773775102 221.9595020582788 1.476056 1.5818732 3.6458642 -5.093367 2.3390493 36.3555 1.9529462 3.7706190187050006 
Car -1 -1 0 972.9716297048078 160.62643196772106 1004.4767454701789 180.37999358367816 1.5199077 1.604692 3.861912 30.224264 0.5790758 57.60235 1.8870294 1.4773445650236137 
Car -1 -1 0 947.3656135812913 163.15420471840483 975.673132165513 187.305346698752 1.4880089 1.553938 3.939083 22.674805 0.89038134 46.569626 2.0021505 1.626093545969432 
Car -1 -1 0 164.12985229554437 190.8300215546947 262.99143920334996 235.01714109214117 1.4064319 1.574359 3.6722832 -14.310291 2.107576 26.303066 1.5758387 1.948334662491264 

