Car -1 -1 0 1041.9615180312262 180.95943122672682 1209.1075407982278 284.022303036306 1.4388828 1.6064444 4.294337 8.83126 1.6074618 12.719988 1.9994729 124.72666325357783 
Car -1 -1 0 998.671713999011 176.33614194018128 1076.2870154430188 233.01907080737348 1.5345132 1.5697699 3.4080608 12.732617 1.6479945 21.63919 1.9749148 55.48943738088105 
Car -1 -1 0 979.1136236252169 176.6064683361 1042.8918568482588 221.16781399665976 1.4839137 1.5754294 4.147662 14.711882 1.6338813 26.618687 1.9596763 29.09021468718471 
Car -1 -1 0 674.0132304160089 185.23837935775936 805.0291772224766 238.53630689763006 1.4291228 1.5453386 3.4082308 3.687635 1.8020203 20.760704 -0.116197415 112.7560194197276 
Car -1 -1 0 702.4684577405707 183.6748946799791 833.3932483986454 230.6754282337064 1.4432373 1.5913079 3.879048 5.123207 1.8117404 23.590012 -0.098104626 21.966881924124593 
Car -1 -1 0 803.8529989595039 177.11375019523905 876.7476427381865 204.59552929726124 1.5369534 1.6067965 3.6671362 13.269445 1.7881377 41.59711 -0.08136511 31.221083639260623 
Car -1 -1 0 961.5919014516676 172.60550128701044 992.6965382179384 199.35394746784254 1.548532 1.6190122 3.7333236 22.328617 1.5341456 43.800808 2.0527294 8.837401546409831 
Car -1 -1 0 737.3445888736135 182.47376964691065 848.360132356683 221.70683931449392 1.4867887 1.6223516 3.9802585 7.252527 1.8827502 28.75344 -0.06873292 7.982850313305353 
Car -1 -1 0 817.4180792224765 177.55948790090315 881.4727298671373 200.20154168881925 1.5325375 1.6265851 3.8968687 16.621565 1.865006 50.093487 -0.038220163 2.3238725855925693 

