Car -1 -1 0 669.4113212632119 178.98219811855893 735.1099056032906 230.15168969856344 1.4664196 1.6297299 3.8550322 2.8764524 1.6788062 23.073698 1.5773866 86.1030065639914 
Car -1 -1 0 728.271825879064 173.2569418821473 891.3920275568489 291.8136216149794 1.6246581 1.6406279 4.063988 3.0850897 1.6324737 11.948468 1.5893476 105.88708299719802 
Car -1 -1 0 382.575834454467 185.79106459413399 495.3429109764902 267.1816892092048 1.477924 1.6552095 4.1122375 -3.5851417 1.7995908 15.852926 1.5310583 48.423321996477675 
Car -1 -1 0 234.04206593404336 192.28319480479584 447.20665963230454 327.1591704938468 1.4549732 1.6599945 4.064986 -3.5839016 1.7911245 10.429477 1.5438728 55.51907656717582 
Car -1 -1 0 443.3929631830491 183.8816397565607 523.8439985598453 242.1925171432107 1.5020523 1.6274874 3.99722 -3.6171541 1.8592038 21.357656 1.5860003 39.93254477258267 
Car -1 -1 0 513.3362346220672 178.0177948775 554.410510277669 214.66278241316013 1.608458 1.6317692 3.9740539 -3.5348682 1.8678954 34.24373 1.5448707 21.01824080085417 
Car -1 -1 0 547.6537893905735 177.7657696239854 574.21333404619 201.25259367196696 1.5098174 1.5497566 3.8323188 -3.273727 1.8571092 49.10083 1.5706247 3.6361836405745276 
Car -1 -1 0 636.4088030255151 177.09967512472429 660.0016989127539 196.72680607294623 1.432884 1.6587145 4.3098936 2.9522395 1.7738667 55.781338 1.5862873 2.682022247795599 
Car -1 -1 0 213.7444670514275 144.0795614404709 344.4818998799633 203.2031857170043 1.4534304 1.5818923 4.082378 -8.890769 0.74607104 19.810087 1.6127899 5.063162656834433 
Car -1 -1 0 674.8090183423715 174.857373659388 692.9955607723194 189.51158271831815 1.4539584 1.6248486 3.874347 7.6097193 1.6651595 74.09723 1.612524 0.5584800243377686 

