Car -1 -1 0 625.764232229145 170.09913051709313 687.1414708946515 217.14746974179863 1.5671635 1.679526 4.3979306 1.6170682 1.4753996 26.282349 1.5067791 30.305734781264164 
Car -1 -1 0 0.0 201.04753303306433 267.63739154798026 317.5981260590809 1.413698 1.6393548 4.2473803 -7.240099 1.8359025 9.978508 0.0033008992 116.35089956123473 
Car -1 -1 0 129.2952734782032 193.4358325782111 348.6053472500959 267.82568863560266 1.4165368 1.5783702 3.744167 -7.580099 1.8674271 14.997231 -0.010953318 109.12480987446378 
Car -1 -1 0 182.288615247104 192.49210096988432 375.70017002577623 256.69396663237507 1.4382821 1.5985318 3.9550292 -7.903082 1.9362237 17.479317 0.0084367655 31.728640605202806 
Car -1 -1 0 624.7777421887598 172.7987564407705 664.0421770676353 210.6804918950231 1.5594922 1.6090844 3.8986723 1.4761442 1.5572178 31.668325 1.5900962 8.075355397452206 
Car -1 -1 0 283.5735094297269 173.00197687872705 444.66483706128133 237.29548532601734 1.8831854 1.7721997 4.4230375 -7.4459414 1.8879786 22.25574 -0.106632575 67.12032598610999 
Car -1 -1 0 428.8837335368405 180.86874615808978 480.4949486334569 216.99342647862352 1.4433885 1.5388943 3.3066435 -6.6422234 1.8086089 31.222197 1.5656587 7.893025962101675 
Car -1 -1 0 557.0009147562415 169.89987158952567 593.5461145096518 203.98837111610598 1.6528434 1.6445634 3.8203983 -1.7054925 1.5096068 36.904644 1.5823423 11.359282238687104 
Car -1 -1 0 451.94727592280987 175.89168917548704 506.3524444050846 200.2789149288849 1.558995 1.5677224 3.4248815 -8.521051 1.7624688 47.350346 -0.11833121 1.6596988578007865 

