Car -1 -1 0 481.59511937878636 177.37506547070205 531.902231117395 215.60894785355248 1.4617035 1.6400759 4.0627966 -4.221018 1.6633526 30.12654 1.5401192 39.052895847418746 
Car -1 -1 0 754.9733803608608 184.11279622789587 1070.1907967876255 367.71198232216676 1.4885486 1.6917382 4.5072255 3.0401738 1.6550916 8.400899 1.5480404 90.83699843849068 
Car -1 -1 0 692.5849935911176 164.5986852606563 816.2359461169448 261.1135286280012 1.7859473 1.7515926 4.4675493 2.9388323 1.6331878 15.590306 1.5651336 133.5414316636945 
Car -1 -1 0 657.5585471115614 172.8116559300175 730.9269972608353 226.74725687886192 1.6253228 1.6114166 3.852546 2.6927454 1.6240467 23.739367 1.4722766 30.84519389678294 
Car -1 -1 0 635.6013571753718 172.92376589463953 686.1595111413546 212.36901599300592 1.5983157 1.6019286 3.8650417 2.1567478 1.6015286 31.237246 1.4857205 27.78049559509223 
Car -1 -1 0 519.0282476429412 176.2028130634426 551.7029028000799 201.46054887562872 1.5180004 1.5849421 3.8072624 -4.666814 1.7394958 45.7993 1.5977724 3.6628241467886267 
Car -1 -1 0 0.0 189.49800314646848 212.22236820667368 298.1566847731941 1.4850397 1.6107788 3.9024787 -8.43227 1.757102 10.956128 -0.01682597 10.962583556776531 
Car -1 -1 0 616.5283860332859 174.715440685397 654.6616138945355 205.36471184056407 1.5413234 1.582935 4.1034503 1.3421773 1.6464672 38.648853 1.4923971 2.2699564450770864 
Car -1 -1 0 529.7246807390832 173.33927708509273 551.561666679633 193.0915197977952 1.4570585 1.5823147 4.124974 -5.327829 1.4958057 55.471336 1.453931 0.3674905598163605 
Car -1 -1 0 604.2914204353801 172.99539137467292 624.1502571935624 191.70515801069126 1.509964 1.5564401 3.7907896 0.4145136 1.5221328 60.180428 1.6037487 1.2253834494624993 

