Car -1 -1 0 772.7072069953844 179.59905212881287 1152.0467397926188 375.0 1.5182612 1.6062367 3.9623568 2.8265035 1.6008269 6.838269 1.5544727 130.21299445865486 
Car -1 -1 0 0.0 201.50385992860302 279.33156525392786 311.4887106033777 1.4126523 1.6118376 4.1180773 -7.2703705 1.866665 10.574704 -0.026142582 68.40850916511162 
Car -1 -1 0 114.263521853703 189.56290116478755 358.4713935695172 274.9216384259652 1.5843403 1.6550072 4.0800085 -7.3994026 1.9413645 14.570619 0.009428997 93.02524625802499 
Car -1 -1 0 586.9869634923386 176.4336842954325 619.0938891652474 207.80680951134522 1.5768728 1.6337789 3.8959322 -0.34498748 1.7783897 38.665184 1.5639267 26.93254821209599 
Car -1 -1 0 239.7647144477475 190.87309475977898 403.50394408452416 248.08437560285373 1.4339502 1.587858 3.8198645 -7.744948 1.946463 19.59557 0.070751 42.172791028082145 
Car -1 -1 0 295.36770088505517 185.02884399638734 432.57347636006074 239.661894102704 1.5707695 1.602343 3.6559129 -7.406839 1.956763 22.00459 -0.03863664 46.64378497976729 
Car -1 -1 0 364.1984504018556 181.68259465694229 477.6932390092508 222.0175325014641 1.5642841 1.659608 4.1545434 -7.59528 1.9336414 29.282639 0.03597222 41.460920869246706 
Car -1 -1 0 411.6903983959998 181.14500482162842 498.6762581907616 211.86712688385595 1.514817 1.6372583 4.0747504 -7.8818545 1.9512186 37.03292 0.0631804 23.075506998105677 
Car -1 -1 0 462.6516050958639 178.5759929975146 523.6811840586007 201.393703009348 1.5909007 1.6603618 4.0765676 -8.29458 2.0072548 51.62455 0.023249194 10.594700906749367 
Car -1 -1 0 339.09014103315593 183.4628754222629 452.21435421762686 226.01626655040388 1.5106869 1.5847743 3.7346506 -7.927155 1.9194586 26.926628 0.044697046 5.799279433243383 
Car -1 -1 0 369.12162143043173 166.02522621063852 431.27698880143294 185.7586324376609 1.4390527 1.6365007 4.1284456 -15.469812 0.94106615 53.436646 -0.00022983321 3.250531953242814 

