Car -1 -1 0 779.5585638663645 183.291192296508 1060.1232325216204 350.9107572246656 1.4596848 1.5663565 3.5229251 3.239341 1.6059303 8.308928 1.5167017 101.7957371814646 
Car -1 -1 0 710.7504297548652 183.97080746519993 840.3868297389752 279.8276169775972 1.4473193 1.5503745 3.5120542 2.847074 1.6756539 13.061195 1.5745163 86.09297078876402 
Car -1 -1 0 694.1435559322471 179.3884331410333 790.5746043424632 246.33416497856305 1.4540848 1.5990525 4.1417103 3.2055387 1.6374528 18.163313 1.5535166 48.00321549196094 
Car -1 -1 0 679.8742778903193 170.95487620034706 748.3523988861394 226.93899287540614 1.6646898 1.6468495 3.389277 3.2770953 1.6082191 23.1652 1.5514526 65.7357272062625 
Car -1 -1 0 659.1789939374373 174.2506502373216 710.4245400075384 210.438959374692 1.5260564 1.6768261 4.4353547 3.3488553 1.5940154 32.8551 1.524686 26.54220744646429 
Car -1 -1 0 0.0 187.76677527408768 364.4509850399243 362.68128660937776 1.4899484 1.6126436 3.9267247 -4.657769 1.654859 7.134584 -0.01948803 92.57976707323537 
Car -1 -1 0 471.1510120363192 168.80074313688766 559.4615923924871 204.6435495892624 1.7412498 1.7040315 4.1543074 -4.6460557 1.5443417 35.946404 0.020286163 22.81985518855014 
Car -1 -1 0 650.7494009990295 174.49459509391485 678.0669171811429 198.89143087077076 1.4590211 1.5345793 3.4986458 3.3992462 1.5657208 45.157734 1.5974748 9.266571584758656 
Car -1 -1 0 88.33968200501367 161.90375758449085 445.8268644161245 315.54350911683906 1.8303684 1.6959014 3.9765294 -4.3814864 1.699914 9.593128 0.07637076 40.96917195460083 

