Car -1 -1 0 645.1424846337685 190.96416649210843 701.5008780174885 235.49782177724882 1.486904 1.5992644 4.1138983 2.3866057 2.239711 27.895123 1.5156332 61.125321616481514 
Car -1 -1 0 737.0326291554468 197.8041886279633 977.265739188146 364.1814688371805 1.4773633 1.5821667 3.598797 2.718442 1.8441561 8.781023 1.5353453 93.99345396208204 
Car -1 -1 0 112.73325366262084 188.64685888125797 225.3598334759784 238.69666791512714 1.4368187 1.5336678 3.5336883 -14.269682 1.9920717 23.599163 1.5679522 59.37356560104507 
Car -1 -1 0 683.7018682740336 194.56264714116244 812.7175557751167 284.21580056709337 1.452655 1.5813588 3.5742695 2.6243296 1.9432106 14.44763 1.4708033 70.13714225547605 
Car -1 -1 0 209.0207524883549 185.87525445742435 297.8900427486369 224.3835879378043 1.4153821 1.5612606 4.1019187 -14.681445 1.9942418 30.000063 1.6042137 15.333782778329201 
Car -1 -1 0 187.0618298148777 173.72248398253882 445.24582713624784 295.75770297313966 1.877056 1.758315 4.298666 -5.219289 1.8944876 12.802176 0.42058527 130.93070049960733 
Car -1 -1 0 633.6903007174501 189.54008064751943 678.2500460647935 226.391096732587 1.5269163 1.5691063 3.7770557 2.1044924 2.3486981 33.59481 1.4979788 4.888815630260927 
Car -1 -1 0 620.7696692911487 188.81335748138952 655.0713675305554 214.61237275793118 1.4944408 1.5738591 4.159894 1.7859075 2.5735214 46.626915 1.4504933 3.6365000920281725 
Car -1 -1 0 1078.5665745827607 115.04040394851106 1242.0 184.35922607021587 1.7603102 1.6575893 3.608001 14.802441 0.29216826 19.175875 -0.013378363 0.26699745655059814 

