Car -1 -1 0 790.4165844421489 189.57933866236786 975.8459292620207 308.2040000522003 1.5000333 1.5684181 3.4622097 4.084631 1.8036343 11.3562355 1.5576876 98.12894909506122 
Car -1 -1 0 424.3568821144876 186.09288865234615 521.8492108157302 262.4021474860074 1.4134295 1.5444326 3.5099394 -2.8594418 1.7350128 15.753336 1.5462397 47.027291806530336 
Car -1 -1 0 733.4835563596038 188.7734773322394 849.1077844331611 263.1411448827279 1.4297976 1.5982652 3.8033814 4.036742 1.8390635 16.623348 1.5387646 38.14788896357954 
Car -1 -1 0 115.3809389729659 174.97786125576226 229.3511391586625 223.15191160468194 1.5304358 1.6411455 4.0253243 -15.073208 1.6104486 25.142538 1.535725 45.59320148542128 
Car -1 -1 0 513.3478233903745 181.7667461206511 561.637012896663 222.71098054215284 1.4754987 1.5887303 4.2476974 -2.8318768 1.8609607 29.068737 1.5543418 14.241912527370467 
Car -1 -1 0 474.5086473496949 174.9738132545242 549.424292506822 235.6684746979901 1.681945 1.6571773 4.1176796 -2.899346 1.7533253 22.218231 1.5947832 55.64217349356601 
Car -1 -1 0 811.6713667319889 181.22178968473565 902.3663328663384 212.11060298471793 1.5056863 1.6457964 4.0373125 12.532011 1.9421101 36.66401 -0.07300913 20.775204679470317 
Car -1 -1 0 0.0 176.18319413785406 135.00921209398965 239.39948970006918 1.5273938 1.6943139 4.132992 -15.173152 1.6279166 19.71875 1.5694706 45.554093128044144 
Car -1 -1 0 649.7431191033813 181.85131932978163 673.8079725310375 200.58026834508664 1.4343796 1.47217 3.4255404 4.221485 2.1885042 58.71483 1.4975743 9.8792678807818 
Car -1 -1 0 867.7984603356848 182.09543808573397 996.0413457886453 227.91027484915105 1.6297706 1.6706815 4.0445786 11.958892 1.9860351 26.921871 -0.029170837 33.1881210567684 
Car -1 -1 0 682.6219452054611 177.27666300437343 726.6401961240833 216.8367097980744 1.6797556 1.6836163 4.06629 4.3077917 1.895797 33.17342 1.6209741 19.62966480847248 
Car -1 -1 0 535.6257011141998 174.88382350161507 568.772696599824 210.5013150414972 1.8917379 1.6337528 3.841571 -3.1736393 2.0110707 40.481354 1.5495056 4.950659649544013 
Car -1 -1 0 213.5727962698166 177.46820066732099 290.8255558944949 216.35184834904987 1.5087013 1.5728234 3.8536377 -14.971329 1.7160176 30.441938 1.5012379 2.126483054411468 
Car -1 -1 0 850.0806767799538 176.29456194570216 941.4125823097228 212.83293270228492 1.6492385 1.6179876 3.7488883 13.467289 1.8172089 34.011433 -0.22970487 2.852666704679038 
Car -1 -1 0 223.78828741656267 136.33858595016764 492.26254703958006 339.2636093830815 2.108975 1.8363116 4.65637 -3.018905 1.7294747 9.873737 1.625475 23.81648649613717 
Car -1 -1 0 524.9620689465598 180.4646691479334 562.6699937248633 213.8391402980774 1.5187615 1.594132 3.5719655 -3.1836452 1.9117563 35.45726 1.5514703 0.2585502564907074 

