Car -1 -1 0 763.5279727596379 173.79469717224947 927.3242369778192 287.1295345601916 1.5159624 1.6097611 3.9332542 3.5962849 1.5338478 11.701687 1.6390548 93.61750510073583 
Car -1 -1 0 855.8919337425406 175.12569801254867 1242.0 375.0 1.4870439 1.6083581 3.8475807 3.445982 1.512749 6.186127 1.6453598 85.20386847571663 
Car -1 -1 0 695.633065613691 177.63745256321906 765.5759218665902 233.92954750918668 1.4564908 1.5304066 3.1756353 3.3692553 1.6033587 20.547745 1.5950314 81.72519211485381 
Car -1 -1 0 84.34415324044298 203.18869256648915 206.85486226185265 255.18350442707447 1.4341917 1.5515462 3.543695 -15.214599 2.515595 23.88444 1.6662256 79.63091390189597 
Car -1 -1 0 277.88992894792915 187.02143107553334 341.9883997334688 211.39742037321167 1.5486386 1.6317638 4.2083445 -20.988861 2.5887392 50.716583 1.980188 12.629895273517574 
Car -1 -1 0 199.25781367318973 192.79269218988605 271.97105936754 220.64154857032293 1.5211024 1.6506236 4.101131 -23.105543 2.8185072 44.753258 1.8431726 11.384812925052906 
Car -1 -1 0 338.55805935822383 186.43099261765963 390.7913781487519 207.4602629255563 1.4948144 1.597522 3.773087 -18.947575 2.5863311 55.96627 2.055173 18.36038815025371 
Car -1 -1 0 410.3781091612814 186.30270880978992 468.10432173045723 205.53747664320716 1.5043585 1.6842881 4.452577 -14.301516 2.6670232 60.628426 -0.46423054 30.452982855886756 
Car -1 -1 0 691.7183608778656 175.6510645564161 753.3711047782595 225.21502963086442 1.562133 1.6656725 4.130184 3.8371496 1.6674831 25.077213 1.6140971 14.027921269782313 
Car -1 -1 0 566.5972509716095 176.77325801775459 614.8263332114791 195.58358659657952 1.5024438 1.5853595 3.6913705 -1.5677445 1.8358738 59.831753 0.4780954 10.543757913565091 
Car -1 -1 0 656.5215394581954 176.722584789993 695.4903629712669 206.7077041803261 1.6046975 1.5736098 4.070716 3.7444816 1.8369958 41.239567 1.4984205 2.887457920356088 

