Car -1 -1 0 706.8969225571063 177.84448111256316 860.1339840761393 280.8460435736618 1.467623 1.6088021 4.262503 2.819426 1.5697756 12.628906 1.5589745 99.56791560250767 
Car -1 -1 0 778.2438805177891 183.2046681125728 1157.4059393231878 375.0 1.4368463 1.6165758 4.248046 2.9428697 1.5685611 7.05321 1.5764267 103.68011280394417 
Car -1 -1 0 664.4314318501346 175.02689052262124 729.924202863908 226.87625454887862 1.5157998 1.5605036 3.4033437 2.7129545 1.5901662 22.966589 1.5359223 57.93268219369865 
Car -1 -1 0 0.0 183.08545473016804 388.05695908999184 328.9892134979385 1.4165344 1.6108261 4.039229 -4.7540874 1.557726 8.577835 -0.30767283 129.24229796742526 
Car -1 -1 0 237.96822101138213 168.4644327478088 456.39282607340164 262.73931926529343 1.645164 1.6337249 3.732811 -5.0286603 1.5685629 13.923737 0.30029172 93.72138742532984 
Car -1 -1 0 646.1072131755866 175.67045955908063 683.9205265212066 206.1007767613284 1.4524801 1.5648328 3.9120088 2.7753057 1.6037035 36.772873 1.5544722 9.909669667077546 
Car -1 -1 0 358.5153075507273 159.6331140707603 532.3855967971562 234.1848279677585 1.9585671 1.8058519 4.5796413 -4.707446 1.6112378 20.931255 -0.5560553 9.747564141119303 
Car -1 -1 0 621.145559758877 171.49432573784017 640.1684355886541 186.87253486465764 1.5831531 1.6241411 3.4425893 2.2024102 1.4431772 76.06447 1.4862351 1.6347441501873143 
Car -1 -1 0 272.002679375505 173.97476182860095 457.20167628056777 243.08356943835855 1.527755 1.5978708 3.7798753 -5.6422777 1.5553784 16.88187 0.05516778 1.7229021304497667 

