Car -1 -1 0 0.0 181.70596768164972 209.75743766475165 291.0856230510853 1.7337179 1.733528 4.382777 -9.637611 1.9244022 13.643562 0.56072783 128.28010293012517 
Car -1 -1 0 408.10827250359137 179.6155133676664 470.66399743303674 216.75473749826875 1.5142226 1.6769841 4.0472083 -7.6965456 1.8380805 32.384884 1.0584277 15.903331807334105 
Car -1 -1 0 0.0 196.6291746169566 80.61485860827585 241.14670188962947 1.3961755 1.5455253 3.8596883 -21.538507 2.349235 26.872173 1.3518063 14.483134818427954 
Car -1 -1 0 174.5963246837092 188.5363166743609 236.18799266776477 236.20568550367062 1.4777868 1.6187934 3.965197 -14.529166 2.0851574 25.846802 0.9816554 8.14209276049889 
Car -1 -1 0 957.3524527687568 163.35708541741437 1042.7368821391685 194.76856547785312 1.5099818 1.5913779 3.7143617 19.460997 1.0534552 35.984444 -0.29378378 19.853369824202424 
Car -1 -1 0 928.3598320717027 163.97572513249395 1007.9638520807872 193.72005151055913 1.5163586 1.6154516 3.9705982 19.048582 1.0637461 38.32091 -0.41330886 11.388169502036735 
Car -1 -1 0 710.4414575019924 170.68532671681717 737.3530155423671 191.17279810806923 1.5259004 1.6330829 3.9310908 8.881777 1.364378 55.85147 1.8386748 2.656027311815549 
Car -1 -1 0 331.3326983582358 183.1866280786443 417.80633252008244 224.87602247192137 1.5077596 1.6433403 4.1262712 -9.547516 1.9544998 29.152477 0.78996444 24.370868889040086 
Car -1 -1 0 223.05818118977598 197.02640562993358 300.74041216988525 227.95594503792705 1.4876825 1.5916145 3.7969875 -18.51524 2.8237786 38.429123 0.38659632 2.0600558493007983 
Car -1 -1 0 575.3155280515726 174.72378485894288 608.2373482512618 198.7512071620254 1.5327597 1.5986876 4.207567 -1.2414435 1.6643898 48.583954 1.3944781 0.8107252107481595 
Car -1 -1 0 906.7479971840411 166.71669281431966 977.0823133736816 193.87125577016613 1.5202495 1.6362727 3.9461894 19.366276 1.1766518 42.025288 -0.47502148 1.175835371017456 
Car -1 -1 0 899.675906186399 166.70820246632633 962.3417645686449 191.50620824385723 1.4923065 1.5874693 3.7983794 20.067669 1.1224614 45.024376 -0.4970817 0.6344220923910542 
Car -1 -1 0 455.6565192336875 179.56774173351903 507.77694984376274 212.8470799613019 1.4683001 1.6367092 3.9717698 -6.229149 1.8125466 34.84899 1.171252 0.27996739745140076 

