Car -1 -1 0 768.3660910921984 185.19464597847045 1051.6901489660613 362.60601645402716 1.4255937 1.6338035 4.2872114 3.0201414 1.6044639 8.279639 1.6163988 34.77654303037767 
Car -1 -1 0 0.0 181.1572903967047 420.64225780808255 347.6606508770155 1.4361211 1.6179051 4.001646 -4.388977 1.5521035 8.242568 -0.6331865 144.25294450853582 
Car -1 -1 0 238.3878721165889 176.15743701905768 482.89067554326346 266.2153010178274 1.5010672 1.6591411 4.2307024 -4.74678 1.5727712 13.908356 -0.50765073 75.76850205227313 
Car -1 -1 0 670.2535645870762 176.5658843209204 727.7497710652435 217.6588321855772 1.4540533 1.5470614 3.4978974 3.3606334 1.6055673 27.65415 1.5018762 29.89557156888187 
Car -1 -1 0 617.7393988058828 173.89694637207973 655.5121109440538 201.30704198011918 1.5315118 1.5846434 3.6237273 1.5453776 1.595509 42.367756 1.4256648 18.795605592549435 
Car -1 -1 0 632.5599474243884 174.84044420313614 673.6219020948772 205.02915230547234 1.4729261 1.5332929 3.68751 2.2047896 1.5810815 37.370842 1.4646587 29.141175809225473 
Car -1 -1 0 378.76782572572165 176.10571590612986 518.7610846614134 228.097784545291 1.4723254 1.6216607 3.9211192 -4.9501543 1.5807161 22.348509 -0.53949577 23.67260197026123 
Car -1 -1 0 344.48388503720474 178.3450374002286 502.86917523057843 237.54268811668928 1.4218531 1.5978255 3.8033495 -4.9476023 1.5824268 19.375122 -0.5925262 25.938992726724564 
Car -1 -1 0 116.25053497144083 177.73513244405444 438.6853827103672 303.96259670579263 1.4968877 1.6275184 4.032878 -4.7367496 1.5810606 10.571877 -0.6523316 44.113566121464835 
Car -1 -1 0 418.8367713157927 173.0149809709468 534.2621501827225 215.0643328282583 1.5257456 1.6414963 4.105163 -5.1122746 1.5322871 27.756618 -0.40551198 11.61053812231957 
Car -1 -1 0 439.3485000492408 169.41156229616408 528.8664974516755 205.8928246181507 1.5928798 1.6244985 3.7174468 -5.7504663 1.4425726 33.18166 -0.5614701 15.095178188024393 
Car -1 -1 0 694.4675254072183 144.6993532772048 822.1663584974252 261.79158020229664 2.1923645 1.8857625 4.771736 3.067357 1.6652137 15.90696 1.5831361 24.954865214732234 
Car -1 -1 0 567.6688157386328 169.51998164029462 596.0778020694203 188.77632105750442 1.5538262 1.6958938 3.8056276 -2.3452575 1.2847984 60.265938 1.3462455 2.4012659376819188 

