Car -1 -1 0 761.1330708531407 177.97893489548755 1130.3096080111961 375.0 1.5207143 1.6155219 3.8911495 2.5792472 1.58157 6.610753 1.5853342 123.87120898007524 
Car -1 -1 0 705.8843672051253 182.35035015189135 856.13475795494 301.23213547357733 1.5311773 1.5706079 3.4898186 2.5091643 1.7033746 11.328657 1.5838265 100.95814408047346 
Car -1 -1 0 253.9053599366735 189.6747964690203 344.4015513079621 235.776172899198 1.4995842 1.7004435 4.109678 -11.50947 2.1786504 27.055922 1.5488288 67.38844573941418 
Car -1 -1 0 428.91208079956436 183.67803759180742 550.406799657548 232.02386771988884 1.4841487 1.5815197 3.623417 -3.8663917 1.8523886 23.567898 0.10671563 52.788794145316416 
Car -1 -1 0 310.3646910828019 188.18350231460235 377.9779785481062 226.17500592202205 1.4850307 1.5560186 3.7794595 -11.54405 2.1971858 31.62618 1.5762553 12.730378577370699 
Car -1 -1 0 343.2435940273206 185.23492221166248 468.6821950282239 252.25072403325694 1.4542713 1.5977358 3.6256747 -5.2137423 1.7993116 18.230015 0.8322639 74.08267382669904 
Car -1 -1 0 617.8082546056365 177.47567031750236 667.3888842020799 208.83010113985773 1.5553865 1.6065803 3.4849153 1.701245 1.812511 38.24711 1.2950736 19.26603006011306 
Car -1 -1 0 655.9531030664597 158.84303527097617 737.1008915385 234.21302517748782 2.065518 1.8632416 4.721927 2.5372903 1.6815467 22.146666 1.5577767 61.65501243994059 
Car -1 -1 0 649.9049235885376 178.91179843653433 700.6117666100588 221.49529220935773 1.4794636 1.5623965 3.5291834 2.42827 1.723939 27.345934 1.5595348 6.347463652198077 

