Car -1 -1 0 753.5379483958766 189.21615151903723 990.1001227090766 273.43968881755256 1.4531717 1.6070794 3.8723927 4.8154526 1.7803519 13.599548 -0.01289347 113.96835718292161 
Car -1 -1 0 435.130742791664 195.42321736515896 486.24700549994793 237.7582055014286 1.50165 1.5327002 3.5559745 -5.991374 2.4766083 29.350891 1.5141482 28.57737803130316 
Car -1 -1 0 465.40702903342003 195.78940963113646 507.9371230177273 230.8829472021736 1.4711897 1.5666121 3.6201966 -5.821455 2.6264067 34.49981 1.526791 32.96539026564093 
Car -1 -1 0 729.5616018193438 189.26034041035 918.3776934618908 258.67806850615193 1.4294503 1.5747429 3.760713 4.7469864 1.8204157 16.24945 -0.08540674 28.17535988306683 
Car -1 -1 0 688.6318162493591 187.46170315586556 843.3372036233383 242.62496525801131 1.5246615 1.6542528 4.188414 4.5113893 1.971036 21.215939 -0.0025351492 42.20134882520429 
Car -1 -1 0 626.1636556179574 183.73278017687917 677.0781234028406 202.9789734200481 1.4685938 1.5956633 3.8128731 3.40416 2.3760824 58.55006 0.51977473 24.290487121373022 
Car -1 -1 0 484.2580727174013 193.76100223315714 522.029244504423 225.2078869713122 1.5249398 1.614537 4.1604643 -5.829282 2.7420912 39.89869 1.5355713 3.726784601244931 
Car -1 -1 0 361.9253312555694 199.56392373872023 441.2670164889407 254.99491153700637 1.4330927 1.5960569 3.2990296 -6.237218 2.3084118 21.961582 1.5252266 3.103704996634223 
Car -1 -1 0 592.6453248803307 186.52899573075644 611.6502002846278 204.24436802883434 1.5166581 1.6989478 3.9738386 -0.7128691 2.8223028 66.88174 1.5447216 1.2428326037107615 

