Car -1 -1 0 125.26844853315355 190.44748085818037 375.26816513001916 324.81010470105053 1.4933925 1.6706082 4.038378 -4.914468 1.8005564 10.57347 1.5651975 94.20906974678104 
Car -1 -1 0 291.36032033328723 183.88368105011904 435.3751364411813 271.95949931195304 1.570629 1.6733625 4.171249 -5.0725408 1.8391255 15.47711 1.5687243 82.20225721325559 
Car -1 -1 0 0.0 187.33927481125448 158.99058411582325 278.4198342046573 1.416818 1.6010084 4.013325 -10.269289 1.727487 13.641141 0.6341891 83.04310017898997 
Car -1 -1 0 101.01573830729843 177.64655619851445 237.6415092806939 255.84392078224812 1.5874549 1.6353306 3.9258952 -10.313198 1.7117305 16.796223 0.7252519 68.84972806356689 
Car -1 -1 0 182.1164489864379 185.95142341121772 337.8648028900899 244.42783276132033 1.4386501 1.5708172 3.7637737 -9.88484 1.8504345 20.669756 2.1188831 10.495418408289789 
Car -1 -1 0 387.3076834574452 184.66383927136533 448.8426776350459 220.04522975294162 1.3954723 1.582662 3.5411303 -8.279723 1.940292 31.476446 1.6238602 8.33836186788693 
Car -1 -1 0 420.7611481527603 176.27985473297284 474.700455358163 213.3407835329834 1.7125652 1.626227 4.12373 -7.956985 1.8925357 35.816273 1.6048146 12.204782113484095 
Car -1 -1 0 480.5213456587182 178.26771006613225 514.404582262602 202.02788275742424 1.4792393 1.5527599 3.9313998 -7.3813972 1.8528081 47.80671 1.5930175 6.491815083900051 
Car -1 -1 0 466.4243774167193 177.9756731754335 494.61696933380654 204.93086192088612 1.5176907 1.5953004 3.5477946 -7.713089 1.8378699 43.223877 1.4018083 4.849217497266391 
Car -1 -1 0 182.34123377973717 167.6163425270927 285.8538991256918 202.24823587215496 1.5202324 1.6236025 3.8341854 -16.875706 1.2903154 32.535496 0.026457816 4.985037198892741 
Car -1 -1 0 264.86906562774 167.93822650759236 366.13606874580677 214.53446411945586 1.6481202 1.6454355 3.8494444 -11.136045 1.4742479 27.262291 0.57858765 0.25159409642219543 

