Car -1 -1 0 332.823875118297 172.06830882551006 498.0457649011012 248.8323110932843 1.6585661 1.6647018 4.159156 -4.494074 1.4762479 17.51258 2.0107038 140.77347364308662 
Car -1 -1 0 198.71708109359764 173.81844692754578 277.72104881515486 222.15851352268956 1.5903561 1.6167169 3.8182955 -12.979305 1.3703201 25.303732 1.3432851 60.4688518600393 
Car -1 -1 0 106.89505618115172 179.96325344757145 196.42137714356795 225.7654704740297 1.4771128 1.5836711 3.5918489 -15.70631 1.4595897 24.73737 1.3233562 42.29150236866469 
Car -1 -1 0 22.098410414653998 181.0998569762214 116.90487856879578 227.8646264308284 1.4842987 1.5122906 3.1152763 -18.170147 1.5060143 24.18291 1.3149049 19.62161114805665 
Car -1 -1 0 559.5493997690819 168.62198148844493 607.6606693038763 194.5104795303959 1.5657144 1.6719388 4.3281703 -1.2447894 0.8469423 45.079403 1.8951287 12.422326706477875 
Car -1 -1 0 709.4313961162514 164.50578129739185 764.5094153359732 185.06323464857866 1.5114412 1.623647 3.9236171 9.918259 0.33501595 52.97679 0.09409495 8.081821234112168 
Car -1 -1 0 428.88764218573897 156.34557798880374 461.85716907208365 194.3232703621782 2.0163023 1.6512046 3.7289805 -8.824959 0.7335509 39.521164 1.389748 4.025444661301816 
Car -1 -1 0 598.2887318872743 169.46665650692202 621.4256466272409 189.09834175652688 1.5164456 1.6570607 3.716861 0.49124163 0.66366684 56.521065 1.6313726 1.399151372625538 
Car -1 -1 0 1098.2102968566562 143.6277212031562 1161.3091003158372 164.3848847501769 1.4595106 1.5692604 3.7011955 38.87818 -1.2163603 52.32408 -0.13221903 0.2571345567703247 

