Car -1 -1 0 667.420797091819 170.56776651606842 737.9982678026851 237.41468552094824 1.6268692 1.6953492 4.1927633 2.4398077 1.5712285 19.71493 1.6468033 59.45364362576635 
Car -1 -1 0 252.04436021005733 179.34872356668228 335.5898921600763 220.0273167516304 1.4509387 1.6649303 3.9932888 -12.314401 1.7248917 28.409056 1.5338426 37.52361832768591 
Car -1 -1 0 739.9542565535039 180.47348489400892 823.7383948061138 218.35631116907066 1.4304672 1.6089602 4.07464 7.244207 1.769969 30.10815 2.3177772 49.881944684318114 
Car -1 -1 0 951.3546406032973 177.7303611981722 1041.972435121634 206.1058611373359 1.5227566 1.6487436 4.184998 21.415756 1.7995082 39.99891 -0.061329495 11.568777895036117 
Car -1 -1 0 1043.7398088813597 183.50707163427163 1161.1446328419931 219.5543270185086 1.5053054 1.6343012 3.9945848 21.41584 1.9818783 31.449648 0.0058778264 10.731422163378424 
Car -1 -1 0 542.1242409470514 176.05007297497616 569.284133432278 197.08939211978043 1.573792 1.6402237 3.9835777 -4.18948 1.8335906 56.62069 1.6216441 1.7187506830061767 
Car -1 -1 0 198.44920432067806 178.8912473233296 251.73111622621695 203.30340770303977 1.4751139 1.6175296 4.020025 -24.808865 1.8832624 46.70298 1.4774302 1.1094994924536168 
Car -1 -1 0 438.10963879271236 179.03397867332126 467.7272512849532 194.27064826703048 1.4831275 1.5700493 4.1725383 -16.066084 2.1372552 74.188675 1.7280186 0.48541828989982605 
Car -1 -1 0 0.0 178.32688304803673 111.15302968404626 216.60181372771567 1.5620483 1.6094064 3.7101417 -23.5325 1.8003751 30.557255 -0.03189898 1.800111221805326 
Car -1 -1 0 634.6479671545059 178.44450289070002 656.6423449968063 196.66166835107896 1.5238562 1.6886363 4.0263224 3.1513627 2.0324795 63.621864 1.5582361 2.7794078089480427 
Car -1 -1 0 717.3085647377366 175.51491866892417 802.4984110407956 206.71417227836537 1.6061602 1.6703377 4.1234612 7.949256 1.751275 38.334026 -0.08920419 0.2839222550392151 

