Car -1 -1 0 589.2857856635169 180.47675515674635 672.9659931592606 257.5208284209419 1.4608603 1.6407849 3.9088774 0.5643884 1.6520699 16.089092 1.6451994 52.242447135994595 
Car -1 -1 0 732.4966359724442 184.38303811803974 876.5742040585124 310.97065171171647 1.5251949 1.6083887 3.5468016 2.757018 1.7288575 10.88893 1.6912308 113.43765270666914 
Car -1 -1 0 357.6604591675302 184.53851448534118 513.9207752406652 295.8535900746935 1.471477 1.5960554 3.6830232 -2.6409388 1.6924291 11.786122 1.5920148 110.22454401236286 
Car -1 -1 0 707.7940856138672 183.67015077932894 796.724621816058 266.07745530197076 1.4321392 1.599355 3.890196 2.964572 1.689943 15.138929 1.7557483 44.862123689714146 
Car -1 -1 0 547.8626324929652 177.27225437034926 600.3958398803442 216.68090670864305 1.5389625 1.6311946 3.8353872 -1.437611 1.7387016 30.621971 1.6832678 44.979445673811455 
Car -1 -1 0 183.35583448230466 188.771872230071 298.4323052432529 230.96605407411474 1.4894227 1.5893598 3.6342206 -13.979121 2.1231506 27.543917 -0.22634622 47.24565976060765 
Car -1 -1 0 629.377233509038 173.48428519579446 697.5031369350024 230.70449494786448 1.7437313 1.6994395 4.2617693 1.9043393 1.7669373 24.301983 1.7880096 50.07004584485671 
Car -1 -1 0 777.601206321439 172.00386087775968 813.8908473594719 198.88499451086338 1.4978993 1.6333447 3.7043495 10.828066 1.4505267 42.152122 1.7068465 21.10752577289292 
Car -1 -1 0 0.0 193.57519144192952 134.68110996757224 236.10125773652598 1.5751848 1.6557977 4.1180696 -21.99267 2.4579346 29.38954 -0.27102125 14.269579316728606 
Car -1 -1 0 23.12659166794249 199.40732703645577 159.09852355525632 242.91136390334762 1.4423201 1.5879598 3.7966092 -19.1551 2.4779134 26.830486 -0.29390413 11.008034557651236 
Car -1 -1 0 102.41829971687376 188.03488561716892 192.41831150886463 219.75443894577327 1.5145473 1.5991993 3.7686605 -23.897388 2.3350432 37.46051 -0.4481657 1.261472807808136 
Car -1 -1 0 859.4820879119172 174.5857782286241 947.0965504827045 223.9051658878436 1.4787914 1.5957048 4.0708027 9.596128 1.5411713 23.88636 1.6693534 0.5632812401367211 
Car -1 -1 0 447.58680808226086 176.68582862404972 506.04215693481694 200.20736989184041 1.5054808 1.6102362 4.0357823 -8.96575 1.7771548 49.017532 2.126339 0.267132431268692 
Car -1 -1 0 338.72591122358386 181.9107420402738 369.3860791536468 206.59235447048323 1.5590816 1.6338829 4.2784486 -17.489025 2.2093 49.525352 1.3136605 0.26657575368881226 
Car -1 -1 0 730.2326280617762 174.17396384267934 755.8268069297565 192.94007349607256 1.469358 1.6372746 4.1345944 10.861379 1.5810337 58.920174 1.6503476 0.2663836181163788 
Car -1 -1 0 697.8292382848741 174.1859572337224 718.0623239298578 194.3188693135759 1.6374593 1.6392399 3.7365546 8.276278 1.7534808 60.896713 1.6921567 0.25833308696746826 

