Car -1 -1 0 260.9950978220671 182.85919775741667 332.60517079004046 228.17969851034601 1.5907162 1.6199142 3.7580764 -12.112476 2.0086844 28.16943 1.4322448 54.11958664131364 
Car -1 -1 0 161.44048671396155 187.42905938878303 263.77498917558336 230.42187339254207 1.4964739 1.6334337 4.139131 -15.618052 2.1177657 28.650223 1.61941 30.117711596701334 
Car -1 -1 0 503.7886605869604 177.5884543964943 562.3311325975727 219.5070640077722 1.5546229 1.6290298 3.8151467 -3.0199857 1.7590659 29.1816 1.6651574 42.23989389198773 
Car -1 -1 0 977.6039955517374 158.18061925857572 1242.0 275.9391364989992 1.621215 1.6908276 4.2517667 8.056616 1.4192023 10.782289 -0.0015338726 106.86659936493339 
Car -1 -1 0 526.1593790976088 175.09937667786727 571.5134828406956 209.96216700097855 1.6723194 1.6350198 3.5124323 -3.0355825 1.792207 36.686592 1.6860881 32.98983686906969 
Car -1 -1 0 673.2685644849206 177.09233287068224 714.122615055999 209.6096767875454 1.5168003 1.5978329 3.395293 4.127575 1.737155 35.80745 1.56026 31.580977829698273 
Car -1 -1 0 358.30420143687974 182.90371801346924 401.4502679995194 208.329287428118 1.5416298 1.5447627 3.7291918 -14.945416 2.2242262 47.12359 1.5976735 8.120453970442794 
Car -1 -1 0 726.8557975318532 172.29609765930758 779.5746414267852 189.7039020204229 1.4485424 1.632161 4.1279783 12.088812 1.4021177 60.87049 0.0066183177 7.095736196540224 
Car -1 -1 0 758.4970463161153 173.57360272859407 794.1388808465045 197.64081276778091 1.4948046 1.5753639 4.092984 10.816482 1.5437815 47.023975 1.62312 0.8257059352321813 
Car -1 -1 0 542.8189529417865 177.23119655729695 582.9693785333416 204.84627473221056 1.5590327 1.599026 4.1452737 -2.7650847 1.8365908 43.587154 1.7141593 0.30297043919563293 

