Car -1 -1 0 438.6480620570791 176.8990585883688 525.1460753293816 227.01680291932422 1.6249824 1.8168626 4.5310445 -4.497014 1.784767 26.138836 1.6985483 67.15675952111945 
Car -1 -1 0 325.4174660093487 186.062324361596 436.07279756705293 228.20212534088685 1.4278324 1.5476208 3.545504 -8.310642 1.9300314 26.29723 0.21656445 17.23425607630647 
Car -1 -1 0 152.4069312799342 184.5207964782336 336.124166344471 255.5488482232628 1.5348134 1.5725253 3.4719262 -8.374628 1.81898 16.722778 0.03798702 43.24228402618312 
Car -1 -1 0 289.96544511450173 187.81840631708724 418.95495726702654 235.2101921927669 1.4329137 1.5683259 3.648991 -8.261684 1.9416859 23.499567 0.14046472 19.72549914452742 
Car -1 -1 0 38.958666789256036 194.8578725915808 281.8441482366866 273.2342360196795 1.4094625 1.578973 3.860095 -8.780914 1.8715563 14.302769 0.031528804 8.754902602268396 
Car -1 -1 0 194.14214306622716 182.89811025409142 363.3369919511345 247.270229547209 1.5750866 1.6013864 3.682958 -8.537315 1.8490701 18.805332 0.041718815 29.88880483110166 
Car -1 -1 0 243.9827483435473 184.57779440054478 392.87616609918183 239.78392744768615 1.5129694 1.5869718 3.717699 -8.443337 1.8707596 21.093912 0.07258193 12.188540647277991 
Car -1 -1 0 358.17523806254144 163.92214222767836 412.6704908874169 183.12685441154673 1.5871358 1.6596774 4.0444 -18.777235 0.8489796 60.53863 0.039255265 10.99026420636474 
Car -1 -1 0 375.717547355675 178.29520534473588 445.9420534336843 209.31969679061515 1.509308 1.5859948 3.7528977 -10.354264 1.8055059 37.501408 0.6593595 8.924614441378283 
Car -1 -1 0 327.28362657766303 186.32301967383546 437.15457110306 223.6310110808765 1.4147518 1.588227 3.9021683 -9.092092 1.9740978 29.008034 0.08465495 0.7970048906827083 

