Car -1 -1 0 0.0 205.16884400219308 304.2246225948531 373.6550524110771 1.4556432 1.6725297 4.111421 -5.5350842 1.9551885 9.089803 1.5604771 138.39629002972532 
Car -1 -1 0 707.5800303180201 180.48949719883998 890.2165483023738 236.96652818747862 1.4295983 1.6831882 4.4527783 4.967056 1.6431286 19.33516 0.0006296107 139.3710892236042 
Car -1 -1 0 246.64177097059206 197.23070876880277 399.8489191919472 286.59956298885197 1.4617953 1.6040978 3.7803938 -5.646164 2.0236034 14.732913 1.5784922 96.08634861586131 
Car -1 -1 0 398.42110505672986 188.71704504523888 478.18417080593247 239.16589542939982 1.4809167 1.6335477 4.1416626 -5.7229667 2.0675046 24.588839 1.5981321 67.66479315105184 
Car -1 -1 0 678.4838055686768 180.0182925137024 804.5870505614313 223.1144459173964 1.4900417 1.6513183 4.2395854 4.716421 1.7585605 26.144608 -0.034723807 32.082739340126125 
Car -1 -1 0 810.1415227882276 190.6485517432423 1242.0 355.3924183255505 1.4419625 1.6501034 4.3054643 4.4480844 1.6468499 7.408746 -0.034624077 96.27814227632877 
Car -1 -1 0 653.9672815771853 180.28782059085955 710.4181463051955 217.73763015040925 1.5266175 1.6609402 4.0936556 3.1852093 1.8823156 32.392117 1.4491256 12.737156289245453 
Car -1 -1 0 471.36804112503035 185.44667555771704 530.6488373293479 219.48871378309224 1.4870512 1.5514429 3.5537775 -5.180827 2.1287475 34.852142 1.8284941 3.499613596682149 
Car -1 -1 0 647.5184271996791 179.59790291134811 719.6568192855918 208.0177711955484 1.5993673 1.6349145 3.9086347 4.3154426 2.0053074 42.289814 -0.17330094 4.073279157891383 
Car -1 -1 0 481.2305070553503 183.5362698095305 529.2507986417627 206.63989041262113 1.48437 1.692596 4.036475 -7.3366137 2.2633257 50.475433 0.9615871 1.687087677121098 

