Car -1 -1 0 735.4925668300115 177.1832957600104 919.5175131023075 304.3197353597868 1.522804 1.6174556 3.8318167 2.986412 1.5985677 10.700343 1.5844218 106.38785102396231 
Car -1 -1 0 668.8083238580807 173.21009832640453 730.7036366264074 225.22091922618435 1.5957012 1.6417332 3.4581838 2.9126997 1.6083506 23.895798 1.5782139 82.10594580637822 
Car -1 -1 0 378.4170898497033 185.31628871256117 537.0877766426669 251.08515414419188 1.4015676 1.5997269 4.0205784 -3.8321927 1.7429364 17.919918 0.6421627 78.19897510802925 
Car -1 -1 0 218.43614083279368 187.5098709505072 335.99911178302926 245.69301856123252 1.6705792 1.7842149 4.60482 -10.956158 2.2089128 24.192284 1.5805041 42.12043934707457 
Car -1 -1 0 0.0 207.18834281370613 324.8321092155787 375.0 1.4198501 1.5465679 3.5151033 -4.146739 1.8015383 6.3152323 0.67948115 92.45762442237786 
Car -1 -1 0 644.9820250871356 169.2614362253957 682.6672972040396 206.2299034380744 1.8217353 1.6240613 3.6130443 2.764101 1.6447004 37.375435 1.5545982 44.167583343416204 
Car -1 -1 0 434.78400542211745 183.08084888451486 551.3757560286872 230.66490591601953 1.4276259 1.5613931 3.6455607 -3.8791606 1.78904 23.91398 0.5214843 14.505881419716589 
Car -1 -1 0 487.72840454256357 176.63497912274644 570.4421804860243 210.95014210341984 1.5515381 1.6060278 3.6161804 -3.8469064 1.7419599 34.665745 -0.58996147 13.752305237767319 
Car -1 -1 0 279.66262621657484 194.25601600467354 494.2222089227635 304.84352448353303 1.4358766 1.6118338 4.0611777 -3.848906 1.8531017 12.098179 0.74379444 99.54762557088435 

