Car -1 -1 0 948.120081631167 171.46481917278362 1181.8172124210826 239.26676261050724 1.4446361 1.6478508 4.199359 10.18943 1.4150372 16.409687 0.10332498 123.34018616282054 
Car -1 -1 0 714.442590249212 170.84648381994535 917.0755360673797 240.84795712122997 1.5326974 1.6904215 4.3950872 4.7345095 1.4887424 17.042845 0.18979672 150.44475885164374 
Car -1 -1 0 601.9022750895022 171.32411039727188 692.2307072601308 214.5596298069332 1.471591 1.5351541 3.3775902 1.4171022 1.4195186 26.336018 2.2879174 64.84447654045802 
Car -1 -1 0 674.2076693897042 170.33695485834704 769.0852552810834 212.79074204428917 1.4175291 1.6093392 3.9489408 4.1255913 1.333485 26.128353 2.2588215 57.53112114044575 
Car -1 -1 0 265.8725200790402 177.92211541019648 377.1965053393636 225.76942369177615 1.5636973 1.5577817 3.2080956 -9.862504 1.7450709 24.808527 0.15234795 53.49360598259556 
Car -1 -1 0 849.7049515503268 164.42506920408243 933.6368613587687 210.6847768989571 1.4594638 1.5807292 3.6114244 9.688779 1.1935364 24.6518 2.2752364 16.901780918367464 
Car -1 -1 0 1120.3817603793402 159.70584710124317 1181.4001829832534 205.61017888071436 1.4701171 1.5950224 3.7006416 18.754435 1.0490385 25.073784 2.1983292 10.994655510113601 
Car -1 -1 0 946.3794544928824 162.47498657864335 1032.885492879897 206.38774223623787 1.439468 1.5681049 3.6557956 13.454782 1.099242 25.46744 -0.74462193 25.78718598969984 
Car -1 -1 0 756.3617963287556 171.63038556151403 843.0452620063386 215.8643425777575 1.4429095 1.5829873 3.6628609 6.763466 1.4029951 25.455872 2.2552538 4.871473067030398 
Car -1 -1 0 556.5755531563921 170.12553874801745 602.0325933156328 207.95246408964863 1.5225685 1.613172 4.0109835 -1.2413843 1.4127452 31.082535 1.616123 1.0331254796039957 

