Car -1 -1 0 538.1779485892795 175.59714530343277 630.6189388915158 222.37671768983387 1.4508739 1.700969 4.4996953 -0.9851217 1.5552962 25.063482 1.1670338 55.50867974978689 
Car -1 -1 0 0.0 184.5044898870774 123.64911558105138 279.3855911484685 1.6485761 1.6909506 4.2407923 -11.975418 1.9166641 14.792387 0.53674847 48.58689204829548 
Car -1 -1 0 238.60798176389275 185.61750739465057 350.36325755655884 232.73756898163117 1.4034119 1.6531123 4.209599 -10.698082 1.8816695 24.854397 1.6796545 38.979335305053674 
Car -1 -1 0 371.62788262285807 182.11532641500003 441.087860115489 232.59015726934282 1.4369999 1.6722374 3.9783614 -6.4889507 1.7641536 23.398441 1.4247527 34.30420584565484 
Car -1 -1 0 603.3084089718229 175.0144636005334 692.1980981482152 216.6139127532952 1.4421905 1.6692998 4.0949078 1.3599174 1.5310066 27.453176 1.1416669 39.488302153319765 
Car -1 -1 0 189.92013674373334 188.77889541708907 291.4832071307686 232.09063186507652 1.3723915 1.6102514 3.9674199 -13.324583 1.9977965 26.335358 1.5928676 23.3538168789789 
Car -1 -1 0 465.73466154993065 189.3046010416992 547.662892973595 221.94473765755083 1.4552236 1.6149706 4.0085487 -5.1333265 2.313082 35.812103 0.6136429 10.640102667818763 
Car -1 -1 0 139.92087424499283 190.23265017129225 238.29324358962936 232.4421037835005 1.3980284 1.6107244 3.7114716 -15.785286 2.1007912 27.307861 1.5528433 6.353761532097197 
Car -1 -1 0 970.80005000488 165.64264864936737 1048.9143655474622 191.644133481982 1.5450801 1.6240699 3.9482694 24.837729 1.1165614 44.85157 0.79237604 1.7502888441085815 
Car -1 -1 0 95.82294328263706 190.23588526507191 186.09498107099796 232.50546048085022 1.4419932 1.6294957 4.1550746 -18.4547 2.1846995 28.628155 1.3593554 0.9657885467577013 
Car -1 -1 0 351.38373584266037 193.0697814758178 398.69858905971904 222.65972209885584 1.4609694 1.6465929 4.043317 -13.112902 2.6555676 40.55435 1.4876926 2.1572405299498665 
Car -1 -1 0 662.7902622884271 173.0789871458941 739.6433784175871 212.1025920237783 1.4688083 1.6596513 3.9296927 3.6342955 1.4786056 29.30157 1.2845628 1.4530584790111767 
Car -1 -1 0 416.4921979725848 189.55341717194966 489.00527982689965 221.02926577279146 1.4827645 1.6137714 3.9565728 -8.270496 2.4201722 38.375343 2.0495448 2.9258851455475567 
Car -1 -1 0 1142.1938711692846 164.06508461822344 1209.7222868813321 183.9263920203174 1.487892 1.6264989 3.9454877 43.70457 0.829478 55.77826 0.55037004 0.7867751242676263 

