Car -1 -1 0 597.3296057354 174.0885852871361 633.8363625094408 207.51430860717662 1.4737628 1.5881069 3.5637517 0.68398833 1.075985 32.99682 1.6227255 39.65640109486905 
Car -1 -1 0 352.9345079369173 177.35885038613722 423.2567693108815 212.77349162767072 1.5048378 1.7046667 4.140588 -9.626879 1.2604432 32.169804 1.6397634 28.390042096560038 
Car -1 -1 0 720.4263516418548 161.68584060166916 910.100450160632 234.10912231684037 1.5835959 1.6481811 3.9953043 4.8377247 1.11513 16.487595 0.10370161 68.34177290160979 
Car -1 -1 0 661.522678362014 173.32311575879046 696.427550375717 204.43327715661343 1.4986794 1.6224296 4.0817027 3.8901222 1.0271937 36.156242 1.6418915 16.817968963879878 
Car -1 -1 0 396.19198902221467 177.4059638972022 452.01370268094377 207.9538404044508 1.5060893 1.6258173 4.1117063 -9.216845 1.224846 36.97034 1.6426616 16.22875232462206 
Car -1 -1 0 700.4788021159866 172.9468357224648 741.8726298478949 205.82906566395522 1.4941305 1.5952821 3.6212711 5.6793203 1.03231 33.986893 1.634127 8.51263781674707 
Car -1 -1 0 432.02693786354513 177.22367909471853 478.55614551871025 202.4131224629586 1.4398035 1.5937186 3.900264 -8.738989 1.1033245 42.444782 1.6848587 5.424733561183813 
Car -1 -1 0 605.1966597918206 172.49146417317849 637.6282750151771 196.37887828261617 1.5005403 1.5668197 3.669942 1.2401763 0.8334887 46.33871 1.4404535 1.006961963266562 
Car -1 -1 0 724.4923381722584 165.49280488105526 865.8963280116991 221.80657107523402 1.6370533 1.6495358 3.944528 5.7964687 1.1249061 21.57605 0.10170932 1.7139358325481602 
Car -1 -1 0 709.941152391856 175.24131397298183 818.6222652751236 213.8098582554828 1.473219 1.6110245 3.9743276 6.344457 1.1726403 27.934433 0.061111286 0.25253933668136597 

