Car -1 -1 0 644.0536254437576 161.15713425917696 809.1980439674877 221.019526711423 1.5187815 1.6542586 4.1104875 3.1463432 1.2220178 19.607002 -0.24487358 67.974255666292 
Car -1 -1 0 860.1860498323841 164.5304120623624 1242.0 351.26345010932886 1.5444665 1.646975 4.0901084 4.776118 1.4756222 7.0551004 -0.13292989 103.39395441121088 
Car -1 -1 0 305.5521553887656 157.3465637231286 391.09384749572797 220.3678197782963 1.8149724 1.6531936 4.1651325 -8.179034 1.3683679 22.945093 1.4530294 71.21082588411434 
Car -1 -1 0 727.2433476867955 164.07766176419034 941.4955800372043 240.60358044757587 1.4423406 1.5898757 3.85935 4.5048704 1.2769264 14.687989 -0.15798664 52.84416931890097 
Car -1 -1 0 602.3290572878228 156.7595479039049 732.6445097647703 208.52521472681556 1.6403284 1.6572138 4.037106 1.9263763 1.1303341 24.236465 -0.29086533 23.969639110772405 
Car -1 -1 0 803.0405673271872 170.31234211690483 1156.758882767959 291.0696778075519 1.4354494 1.6095413 4.0713673 4.864874 1.4052365 9.7003355 -0.16242664 54.53856601798398 
Car -1 -1 0 615.3647496871716 165.73812277979894 749.4706963945608 215.21450605122988 1.4260957 1.5739222 3.75979 2.180388 1.2209892 21.950272 -0.20480303 19.328517864785724 
Car -1 -1 0 580.117174321116 163.61144540779264 686.427976261665 201.9016623877062 1.4626492 1.6040156 3.9536135 0.944057 1.1095924 28.968632 -0.33453336 14.838089318721476 
Car -1 -1 0 537.8078274461753 162.4895116062879 615.7225623168912 191.62895441794623 1.508461 1.6128267 3.8801684 -1.767768 0.9719225 38.75759 -0.33905074 8.504103352749247 
Car -1 -1 0 550.6781522156322 160.6924043513687 639.9201695523841 195.28132519201952 1.5688419 1.6253073 3.9151711 -0.67301667 1.017231 34.277416 -0.4272669 11.598404766703517 
Car -1 -1 0 764.1779810416585 162.03755602056182 1017.7953535039461 259.59030051466027 1.5090253 1.5868088 3.7739115 4.7319527 1.3417077 12.313591 -0.19987485 16.3339361518487 
Car -1 -1 0 512.1697485440658 162.77869878686784 538.4501052527366 187.8513994742714 1.5563211 1.62381 3.8646607 -5.470855 0.9309234 46.803276 1.4505982 12.937571902357877 
Car -1 -1 0 547.1361052735126 163.43910418023964 632.9516511256137 195.1211717760961 1.536741 1.6313015 4.0245895 -0.98710895 1.0800706 36.516853 -0.38945812 4.185622900980021 

