Car -1 -1 0 673.207235345673 185.54286536356614 740.0349592077783 234.77519455086156 1.4705654 1.5889544 4.172166 3.234909 1.9430797 24.755379 1.534402 64.97805798746413 
Car -1 -1 0 703.7101972488986 182.5489569278108 809.700218285544 257.79639336544295 1.6633837 1.6046648 3.9419463 3.6354918 1.939404 18.508347 1.4822495 90.08560651011243 
Car -1 -1 0 149.18328190444734 181.07504038900836 317.0459684248277 254.39113963138968 1.4745591 1.6667297 4.177526 -8.687574 1.6936703 17.1092 1.6123605 121.34753492578544 
Car -1 -1 0 415.8887743243113 180.06318676769408 470.40572993083674 213.28671959362103 1.5053082 1.6769974 3.9580908 -8.1279 1.8806151 35.56163 1.5982461 56.271692059428176 
Car -1 -1 0 667.012822758333 184.39537209819005 714.4751378485192 222.6547777316785 1.4606693 1.5437917 3.4842844 3.3594806 1.9744284 30.36271 1.5521437 19.140441246835127 
Car -1 -1 0 270.62105113309553 181.64516911757076 377.24895965201875 237.66007321340038 1.4848795 1.6649832 4.114902 -8.4963455 1.7763524 21.850142 1.5521798 45.42770803494873 
Car -1 -1 0 858.8201937897987 144.87011571469532 905.0690382337596 169.48066121068436 1.5779476 1.6537334 3.9549155 18.354382 -0.23736322 48.788307 1.5766429 26.78157522693774 
Car -1 -1 0 454.7601865800716 180.32930210600242 500.5270136653383 209.48657790619305 1.5376842 1.5858176 4.1622863 -7.4827046 1.9874312 41.278282 1.6425213 9.038016279075304 
Car -1 -1 0 649.2992201070161 184.17092141114387 698.5211418434145 218.6917313092273 1.5279747 1.5176866 3.4118197 3.0637574 2.1044838 34.941853 1.3892261 2.198587259210357 

