Car -1 -1 0 704.3148190803566 177.99247348026645 843.8454295244546 230.30984938599275 1.5137744 1.6203723 3.8497589 4.9182816 1.6757714 21.895983 -0.021528888 57.267249204537286 
Car -1 -1 0 735.5353515475325 177.24526269161706 980.9367736978836 265.3215933081015 1.5375276 1.641737 4.131602 4.6557474 1.6279526 13.780542 -0.12776509 55.49029253171214 
Car -1 -1 0 775.8259509006848 182.96125771170136 1074.6991710287443 286.88940843027325 1.4300193 1.5895602 3.8927293 4.6904116 1.5975212 11.032831 -0.06779885 52.683700380501755 
Car -1 -1 0 830.7165254678201 184.37978051385107 1232.3781830008409 320.8081656510687 1.4319861 1.5921438 3.8904347 4.8319845 1.5834123 8.600763 -0.042936422 53.598185308770304 
Car -1 -1 0 669.9260805865606 176.3806920955801 773.3478426883183 214.9654339931914 1.5207492 1.6200562 3.92268 4.545022 1.6699181 29.565691 -0.07425215 14.345995456864701 
Car -1 -1 0 691.7411793891405 179.10443154493063 820.2105884487569 222.85820986674082 1.4197618 1.5981616 4.014708 4.941743 1.6413982 24.634958 -0.07659269 14.050220720454286 
Car -1 -1 0 479.0219215459165 181.06803991760768 513.5827632083276 212.49670366547628 1.5166333 1.5598501 3.7096038 -5.878244 1.968146 37.742035 1.4768877 7.3275431533625035 
Car -1 -1 0 510.42410075939677 181.23680772299983 536.8834397374666 204.85499719543444 1.4627371 1.5492034 3.7868302 -5.679721 2.0429833 48.00386 1.5053916 4.994994591071886 
Car -1 -1 0 433.06693094917574 181.51517836655947 479.67601895157844 220.39838847770008 1.482306 1.6005952 3.838148 -6.526548 1.8732246 30.497267 1.2748566 6.68791085957208 
Car -1 -1 0 624.0955084841049 174.04060019608838 671.5718023459298 190.35541536214697 1.4674118 1.6247072 4.085726 3.5364027 1.5800439 66.814865 0.48688617 9.27934528682082 
Car -1 -1 0 494.0234436648052 183.41558203990735 531.5357180487042 210.33823880327793 1.4655303 1.5658333 3.8652678 -5.6882777 2.1203957 42.777145 1.6094439 2.0462775844460004 

