Car -1 -1 0 301.476726034559 181.3813705047971 403.3384967332076 242.41214160891664 1.6222372 1.6107996 3.6413996 -7.5551853 1.8988678 21.552094 1.6154441 87.66377564195113 
Car -1 -1 0 250.3016931908931 187.9272228708475 345.71014954693584 235.01493570947852 1.4739197 1.6757585 4.0881543 -11.066343 2.0586224 25.94233 1.5676364 56.84610737027995 
Car -1 -1 0 0.0 187.69120974166933 147.16331933819455 282.9793004530847 1.540278 1.6362703 3.8884583 -11.211723 1.8732437 14.23283 1.5897584 65.3546191726777 
Car -1 -1 0 460.1313221204626 184.1728529611885 508.0219094660786 215.32779168163236 1.4561899 1.5548294 3.4988832 -6.353861 2.0627623 36.854385 1.6612592 60.70831537431903 
Car -1 -1 0 504.69909409677257 179.8199510859448 542.5559077812691 206.21629673477958 1.6282234 1.6658692 4.0313306 -5.629601 2.1088161 47.69411 1.6664811 10.525153711229562 
Car -1 -1 0 366.4868414672146 179.86201471287814 432.45178000994434 219.27025151596087 1.7722955 1.6425142 4.1165786 -10.202754 2.136369 35.347183 1.6832687 23.147203366821532 
Car -1 -1 0 536.602434568496 181.9158807245337 571.2654567675003 202.10903883651036 1.4793544 1.5389595 3.8470578 -4.335974 2.218057 56.761772 1.8290452 3.497665447693021 
Car -1 -1 0 437.5635245595764 185.83821951390834 477.9157326445423 210.58771055016422 1.4565276 1.5824621 3.8883917 -9.738376 2.3296757 46.53442 1.6287274 1.1944573796190305 
Car -1 -1 0 582.3523839856445 183.20002906649168 609.7612681492086 198.26423151102367 1.4359171 1.522272 3.7912407 -1.3489745 2.5208716 73.62346 1.9240977 0.7466655436574581 

