Car -1 -1 0 744.9221399867747 197.68679005267174 939.2691452616875 331.68429125184576 1.5439568 1.6072018 3.5573568 3.2492657 1.978477 10.806612 1.5178084 111.93720788450392 
Car -1 -1 0 690.2851435089709 194.0707484065556 812.6595866029884 280.1057715327358 1.5262947 1.6072835 3.9822896 2.957636 2.0531044 15.863999 1.4865421 94.80052107188105 
Car -1 -1 0 8.48702355556076 192.45062932109215 363.1282355642196 308.4882323557641 1.4644324 1.6200633 4.099493 -5.8519797 1.77103 10.355085 -0.06109964 55.67449815714392 
Car -1 -1 0 511.4421062023003 180.80785796132605 544.3088456612861 202.7834819012393 1.591476 1.5668342 3.5855117 -6.3280044 2.2262359 55.626244 1.1710593 16.04116663199893 
Car -1 -1 0 279.4960075633589 183.941062266771 444.1946012083669 249.41539878985432 1.6095513 1.6184546 3.8471513 -6.432847 1.9178164 19.067875 -0.09813097 20.492596190791932 
Car -1 -1 0 221.26364117113678 178.2294247950792 429.2789013146146 256.93917205325397 1.6693661 1.6695195 4.0881634 -6.325037 1.798865 16.409315 -0.06874258 36.79151274646823 
Car -1 -1 0 169.54732459937583 189.8859122011489 424.53482490549476 275.34099359636707 1.4418432 1.6153603 4.1095176 -5.706277 1.7863909 13.586541 -0.100539625 35.44238332407631 
Car -1 -1 0 398.73288355151107 180.03922841231673 494.3121219083505 218.36219500108328 1.6561832 1.6404476 3.9403095 -7.2591305 1.9873353 32.381805 -0.026618801 7.6577117365882685 
Car -1 -1 0 380.76766294244135 182.9846371119453 481.8875482772184 222.59104923446364 1.5344293 1.5951732 3.7824454 -7.1889076 1.9599123 29.368435 -0.07436447 10.789312816561784 
Car -1 -1 0 608.7507195575195 184.0076986107544 638.6657787058825 208.69186746963982 1.5534918 1.581634 3.6985407 0.92586243 2.3417552 49.070297 1.4643482 3.6859704478636703 
Car -1 -1 0 331.6500666498233 187.00315184012766 462.22193909520973 234.8781756226977 1.4741411 1.5896708 3.9177387 -6.9282556 1.9610131 23.82045 -0.11138721 6.108298343307208 
Car -1 -1 0 618.917089767423 178.24927457356904 657.259576778487 214.14732635793592 1.9582777 1.693076 4.3001013 1.6155788 2.2907658 42.2465 1.4785845 15.691250182125183 
Car -1 -1 0 348.6881194437267 186.04442993862494 464.08130032899015 229.09746818649128 1.4791347 1.5854393 3.8864715 -7.368882 1.981912 26.464172 -0.13034214 0.8317324024888132 
Car -1 -1 0 472.29461676199304 184.61132150020333 528.3294408058107 212.51215732071282 1.5288135 1.5677526 3.7018085 -6.553735 2.261588 43.058502 0.85546744 0.43951818346977234 

