Car -1 -1 0 341.8949417626425 185.02810139571602 420.5128578566932 224.18570651301604 1.5018227 1.6697841 3.9992015 -9.069864 1.5871882 29.399218 1.6765449 39.20617701303154 
Car -1 -1 0 677.0457454594917 180.84618769780002 714.5452514135291 212.77109531502256 1.4032102 1.6390916 4.046688 4.372803 1.3036903 33.183968 1.6872495 24.06726111913634 
Car -1 -1 0 763.9408914985538 160.55210505028165 1005.8397051281574 254.26663805416072 1.6433884 1.6695688 4.030463 5.224023 1.2478037 13.539553 0.15716842 73.39188366656295 
Car -1 -1 0 613.9356093780742 180.2769633608627 649.952103402938 211.5728829449488 1.4452779 1.5967613 3.406808 1.5045801 1.314427 34.42149 1.6592737 39.172601672829735 
Car -1 -1 0 430.5264081754453 183.28539518008375 479.1925389424308 210.11469957821066 1.4315879 1.5942323 3.9879205 -8.212714 1.4419506 39.81376 1.6601932 28.0629062611132 
Car -1 -1 0 751.0812121112232 171.52058223898646 924.5661059857559 235.90877390620759 1.6229978 1.655313 4.0700493 6.143422 1.3308597 18.753628 0.051023707 17.7101547148909 
Car -1 -1 0 388.5749760725726 185.4176769709754 451.69643208016106 217.7837921648295 1.4609772 1.6471671 3.9497876 -8.725349 1.5795149 34.26903 1.68883 5.392104569993561 
Car -1 -1 0 461.9928021721802 181.0044793029271 503.2609739711126 206.08631318911398 1.5424038 1.6097078 4.149823 -7.636959 1.4129007 45.62365 1.6646004 2.2093725838650284 
Car -1 -1 0 725.6985306076243 180.4501094179874 782.34286905681 223.70380377307652 1.4747447 1.6121917 3.792571 5.531003 1.3840415 26.072926 1.6662619 1.5165714600289302 
Car -1 -1 0 678.5890959981771 175.1525133269573 703.1948748383976 195.2192055368908 1.4875134 1.6728468 4.0371933 6.898486 0.89760756 54.550385 1.7487701 1.1738580688400377 
Car -1 -1 0 719.6105774077015 179.15978405377084 770.6632946935696 215.28339988683473 1.4769218 1.6076518 3.6645823 6.1667056 1.3154001 30.771042 1.6087422 1.3916883271882086 

