Car -1 -1 0 310.69354804126215 183.61618113334342 473.2827242209301 267.4193720665868 1.4527208 1.723453 4.5822153 -4.4203014 1.7188761 15.479588 1.6688944 136.42373659222935 
Car -1 -1 0 508.2878985203485 181.22984126805133 571.2587829672898 222.48581476003844 1.4680088 1.6830621 4.014906 -2.684616 1.8244288 28.613525 1.6850941 56.38108188112618 
Car -1 -1 0 593.5201895303127 178.5545085272793 650.6358724677256 232.8022129004588 1.5398253 1.6533332 3.5500736 0.42020148 1.7330911 22.661005 1.6039836 64.98919205022086 
Car -1 -1 0 542.6238024996502 175.66280752946014 594.7129184915204 211.78073722964388 1.7364347 1.6662402 4.3101454 -2.0444999 1.8905709 37.3192 1.7665879 13.858620452704812 
Car -1 -1 0 570.4933428307918 179.94056969832457 601.8142568697386 205.35079690654823 1.4768151 1.5266194 3.8492587 -1.4200755 1.9384235 45.0197 1.651996 3.2506433199998344 
Car -1 -1 0 578.559544904093 168.0686216569784 610.1921693023023 190.7034021512911 1.6096804 1.6308758 3.7910886 -1.0842302 1.2693663 53.32084 1.7455044 2.5534299479518614 
Car -1 -1 0 646.2165102859287 175.9817601118493 662.5469285545861 191.63651945506683 1.5188682 1.601343 4.042795 4.541324 1.8438787 72.90478 1.6392817 1.0667400777049503 
Car -1 -1 0 1094.8985383160032 175.3483946148227 1231.971462491369 222.40675741492697 1.5255849 1.5830522 3.5818288 19.47169 1.6206341 25.54618 1.2552757 0.6271282217042413 
Car -1 -1 0 955.1003228826604 165.4200035710541 1029.6305611349758 201.65600178737674 1.533629 1.5611732 3.380138 17.070818 1.2189971 32.14448 -0.60850346 1.1790346795362734 

