Car -1 -1 0 752.8855333188371 173.0219563467068 1001.1561632613023 325.7041297931473 1.5138626 1.616545 3.8661356 3.049016 1.5164385 9.112303 1.5442134 119.41237964700571 
Car -1 -1 0 672.1009776748301 180.1992342853744 762.2225635254589 246.07930932262653 1.4598294 1.5854853 4.137029 2.6380432 1.6699102 18.54571 1.5413307 100.68390375269558 
Car -1 -1 0 651.9565862685187 182.87079312037477 720.0836153743975 231.9427517545196 1.4355531 1.64134 4.3536615 2.465839 1.8025131 24.221907 1.5261825 36.697920177530854 
Car -1 -1 0 222.4049676442397 197.02100771353224 293.0321494229603 230.478104382407 1.4714615 1.6623186 4.1287184 -17.853634 2.774496 36.822273 1.5495656 33.57163616500487 
Car -1 -1 0 0.0 205.6873479193713 129.61565437304236 261.66320895822787 1.4868513 1.6458006 4.2769203 -18.18964 2.672173 23.879318 1.6099436 40.58176431179417 
Car -1 -1 0 634.9616802309376 182.44775142150547 672.7315502158281 215.38334760854468 1.4517753 1.5961107 3.5778067 2.0791388 1.9361091 34.636837 1.5715436 18.519836042103922 
Car -1 -1 0 127.395411743904 200.80764889930018 225.0316682862086 243.34959868084718 1.5087047 1.6178017 4.001998 -18.042288 2.759469 30.264208 1.5955973 22.444859149377926 
Car -1 -1 0 610.4943221786712 182.09886320425932 636.3774006770416 205.7365851189223 1.5071933 1.5363342 3.6151946 0.9161354 2.1622868 49.28756 1.5250801 11.212379993653705 
Car -1 -1 0 293.05624947398877 192.8215702801306 344.45046569418867 220.00459861661963 1.5182948 1.6113367 3.9427042 -18.13884 2.823243 45.179276 1.5761766 7.226018091513267 

