Car -1 -1 0 451.25999234323723 177.93195534595114 528.5119352321663 226.36598986316628 1.6978583 1.8003732 4.4364924 -4.546208 1.9117742 28.086756 1.6891696 57.323457070271814 
Car -1 -1 0 197.28582735314328 186.57665677321157 359.87433372546565 252.39554355013001 1.5928185 1.5825148 3.4731572 -8.460642 1.9628309 18.630257 0.019525815 26.71281074592279 
Car -1 -1 0 348.67473404140407 187.22637430334836 449.1209591696664 226.5176635949326 1.4181561 1.5407937 3.5078735 -8.227321 2.0055943 28.228775 0.30563146 8.435434008156193 
Car -1 -1 0 270.8227537949404 187.1667346011663 405.86735537206687 236.5138491335166 1.4868346 1.5831513 3.7241278 -8.614424 1.9620563 23.097744 0.0366498 12.891714140051992 
Car -1 -1 0 381.6629298633828 180.93702584472965 454.9070197704455 209.53293634844331 1.4544065 1.6119047 4.0952034 -10.513052 1.9180853 39.56136 0.60649 14.82625444063553 
Car -1 -1 0 117.13954997557654 194.51858659108768 319.9375625567173 263.7706902458342 1.4144152 1.5687723 3.7410889 -8.685978 1.9278775 16.200478 0.06286766 8.604779094425671 
Car -1 -1 0 309.2610812308792 188.13266104117176 431.52692170709344 231.40712965662797 1.415411 1.5726779 3.78962 -8.386143 1.9764084 25.424038 0.15485436 5.598184065098921 
Car -1 -1 0 235.61542968561798 182.08320491250296 388.7905497103683 242.39504582003315 1.6510632 1.6151558 3.7525532 -8.491959 1.9276632 20.812714 0.0022717246 25.992704385918344 
Car -1 -1 0 369.51408636711733 165.08453473826583 418.0075724107203 183.14899876409513 1.5416623 1.6119882 3.6946414 -18.669136 0.8785982 62.498848 0.06326939 13.675441320530076 
Car -1 -1 0 409.73055968679097 168.78895815265605 456.71440483769436 183.82155015329897 1.4637194 1.6499107 4.212833 -17.362087 1.067907 71.14386 0.030078089 0.9302470619271597 

