Car -1 -1 0 679.6415717382423 174.7165393006049 735.6160882382932 217.34338595059032 1.440402 1.5594584 3.9723563 3.531252 1.5140846 26.550005 1.5813253 43.8426587687534 
Car -1 -1 0 203.23781813537855 198.02703405605888 399.915526212238 264.292156159689 1.4039912 1.6017671 3.9340463 -7.118395 2.0253296 16.89568 0.058135528 126.40945595138882 
Car -1 -1 0 614.7938758016788 173.69140142805352 649.4803985694806 205.50710803157486 1.5404619 1.6284475 3.7689996 1.2007918 1.5856228 36.975086 1.6417453 21.794561386721586 
Car -1 -1 0 713.0835894020051 160.58454348108626 799.4890744534694 238.35359068896094 1.6860166 1.6277859 3.8078015 3.4628441 1.4200172 17.607094 1.6530104 120.80370543261468 
Car -1 -1 0 337.9344078226283 183.20634274397952 481.1896730498601 236.01783136746812 1.6661546 1.71424 4.3093715 -6.6541567 2.0291119 24.238255 0.095732264 70.57365684603158 
Car -1 -1 0 433.6037085803513 183.2639395386954 514.5242008565771 215.62139229939365 1.4658308 1.5569972 3.4896789 -6.3707676 1.9708601 34.1278 0.057213698 15.81697205806649 
Car -1 -1 0 444.8101450372251 181.8886838947071 530.8240251909233 212.5381016767748 1.4990946 1.6318592 4.062299 -6.160013 1.9709222 36.758503 0.05337197 8.324753136277943 
Car -1 -1 0 466.0316665481268 178.87807676874652 540.7666171199038 207.00024763954707 1.5291948 1.6125684 3.9043336 -5.934733 1.8757583 40.57309 0.067860276 6.637351797803906 
Car -1 -1 0 677.6999348985255 172.45656003554606 718.3960796807651 210.01133419890573 1.5906031 1.614505 3.874868 3.9355817 1.5737697 32.547848 1.6386096 9.514829719473537 
Car -1 -1 0 527.1951425430426 175.85691869815662 559.0802903464453 200.63293895227184 1.607044 1.5952332 3.9104748 -4.494934 1.8204834 49.285393 1.6309531 3.511619418695306 
Car -1 -1 0 387.7194687456669 183.24121927660818 490.7582733574414 222.96416139954124 1.5166271 1.602361 3.8855648 -6.7968526 1.9502761 29.102547 -0.11589438 2.2796933716269985 
Car -1 -1 0 251.75398986797742 186.77516511661494 351.5646420216785 221.26168110413766 1.4489087 1.5860803 3.7524452 -13.588295 2.0828838 31.952705 0.06125322 0.6282982722110481 

