Car -1 -1 0 766.2100917889221 181.81624766220207 897.4457796202178 268.4102380294897 1.4697801 1.551268 3.3644888 4.2463136 1.6680851 14.28042 1.567439 81.61550656001228 
Car -1 -1 0 142.74218885053872 178.10585098139975 457.5603257107211 375.0 1.6487693 1.6380697 3.9052198 -2.925664 1.7199483 7.803423 1.5999842 107.67486213422889 
Car -1 -1 0 728.1196088291724 179.99490980781178 819.1941616913939 243.29241511907014 1.4526886 1.5470438 3.3843973 4.1341405 1.6540511 18.644781 1.5586547 62.340917141123846 
Car -1 -1 0 398.15748236459376 167.026988979568 518.4851276861914 265.50124624830954 1.8138039 1.6464914 4.0524054 -3.0453413 1.7064757 15.329498 1.5872167 130.8520692335568 
Car -1 -1 0 226.47404683482358 180.2478879269434 311.4712231853239 215.9279470782302 1.4352057 1.6278638 4.316397 -15.032898 1.7866664 32.11313 1.604536 20.181743271012632 
Car -1 -1 0 134.19817424287734 182.85707075206724 240.9559000512068 229.02064159379628 1.4642802 1.5610256 3.7302675 -14.821037 1.8448782 25.576578 1.5857283 41.454775713784755 
Car -1 -1 0 699.7802905830033 177.14921337972586 771.1950712631082 227.26070867877488 1.5199466 1.5797381 3.6451433 4.1116753 1.6742661 24.063805 1.5207393 17.87376209800691 
Car -1 -1 0 513.5231049346279 179.0080831008759 560.7548067554513 220.17749254865342 1.4770536 1.5831349 3.7044253 -2.7812343 1.7345892 28.321012 1.5425099 13.539589827849174 
Car -1 -1 0 667.9060353636579 172.10656067980165 703.0728306896501 197.92166910527325 1.5559738 1.6288882 3.9249008 4.8393183 1.5109226 45.59521 1.8291998 16.94418034560161 
Car -1 -1 0 686.0581096629184 177.29919463753572 742.9380708295001 216.3621348441109 1.4540666 1.662061 4.27424 4.2053695 1.6489773 29.492123 1.5605459 20.841304231562347 
Car -1 -1 0 338.32638686617054 178.12508290816103 386.8450592387736 204.64058374629184 1.4899347 1.5195191 3.5090728 -14.680001 1.8175969 43.05543 1.6308774 18.01609193671169 
Car -1 -1 0 297.4530151664439 178.4125976757201 353.8464701426143 208.35615142865615 1.4572042 1.5306413 3.7918243 -14.7738085 1.7626563 37.736645 1.5480741 6.292517716633125 
Car -1 -1 0 472.5641301121407 168.34622856381597 556.4858668185404 235.1691628456245 1.8524837 1.7048793 4.3279166 -2.805767 1.727518 22.22601 1.6481228 28.479648138637398 
Car -1 -1 0 373.9340488980102 176.66187791659013 416.3572266436398 200.1904526490285 1.4926409 1.5692528 3.8939474 -14.32209 1.758409 48.385986 1.6058623 9.302908990578576 
Car -1 -1 0 529.5687717366483 174.7035018662502 575.8263738687522 210.3727218729763 1.6123984 1.6140999 3.831435 -2.6835673 1.7066731 34.800392 1.6579064 9.335879695473686 
Car -1 -1 0 792.2688094611507 172.34082807885665 876.071893551424 200.60306414108453 1.5103197 1.6448466 4.0616407 12.2126465 1.4828959 39.38453 -0.0017202279 7.866462517853237 
Car -1 -1 0 756.5867659918906 173.0553261778066 796.120728002326 195.8388280779887 1.520952 1.6587375 3.9198008 11.553117 1.5355184 50.204414 1.5171582 5.74508072634744 

