Car -1 -1 0 763.5460351048152 189.41965744651236 1069.632301936118 375.0 1.426721 1.5874681 3.8667822 2.8933606 1.6495 7.7559576 1.5526683 117.32483433825303 
Car -1 -1 0 666.1674375702285 177.24499766416113 731.939551263295 233.70067999385748 1.5229622 1.6451755 3.6022193 2.5930798 1.6654181 21.578844 1.6071637 81.53220591751905 
Car -1 -1 0 720.0283303406069 184.40910635152323 863.9278761412462 284.9342215597695 1.4267807 1.53016 3.3488078 2.9513855 1.6513156 12.325668 1.5430146 63.58046705934336 
Car -1 -1 0 0.0 184.83996717717122 135.74930633765072 251.6423997315757 1.4178443 1.6615356 4.311898 -14.1741905 1.7583394 18.300022 1.5172913 87.0556565604118 
Car -1 -1 0 576.6692416659579 170.61899317866636 638.4314840649347 232.2365148561803 1.6567222 1.66105 4.2834573 -0.042565033 1.596629 21.54634 1.5762389 33.47223880806588 
Car -1 -1 0 282.62647138415997 175.84107939322763 350.02602280956364 211.58577749027847 1.5845087 1.6091661 3.707543 -13.801613 1.7337295 34.171288 1.5960329 60.27356319745854 
Car -1 -1 0 207.01128059706946 178.63441010452615 297.1934487403022 220.60173644890662 1.5171206 1.6156638 3.763569 -14.009182 1.760794 28.512318 1.5994515 27.127182918684277 
Car -1 -1 0 360.941605181243 175.88496600674148 415.419645445479 203.10493911904413 1.5698404 1.7527611 4.4769 -13.542672 1.7659891 44.40811 1.6297313 16.54985794314557 
Car -1 -1 0 648.830364708315 174.86945983356208 682.247504799987 207.981043264812 1.6058279 1.6296273 3.900424 2.865972 1.7154253 37.236153 1.6371322 15.464525996314153 
Car -1 -1 0 402.88301323130725 176.83841464255084 437.957277873394 199.78247967809438 1.53191 1.5778502 3.7806528 -13.257436 1.8227351 50.752518 1.5409033 2.5691994963023705 
Car -1 -1 0 629.8594563633156 178.26392509108405 657.4704241677902 204.581388969215 1.5316776 1.598756 4.1122046 2.0834336 1.8839645 44.91516 1.5891464 0.6881828720655626 

