Car -1 -1 0 729.4872266595777 184.14511166081545 988.3894887222433 348.16183050083714 1.4474013 1.6158803 4.033431 2.6462426 1.6153238 8.689592 1.5392579 122.46648980236067 
Car -1 -1 0 676.0756755772375 177.0598892743734 753.4280086938269 240.96600389302395 1.5803161 1.6203989 3.774603 2.8121865 1.7078518 19.985628 1.5787299 71.57300261444126 
Car -1 -1 0 705.2121913395425 182.75817910216963 818.1250691036945 269.4288144443042 1.4689355 1.5522022 3.463334 2.892519 1.6900221 14.366604 1.5816267 72.13704713675558 
Car -1 -1 0 414.39488738302157 181.27586560759718 526.1734944969209 221.32341268418634 1.4078602 1.6008713 3.9293027 -5.3472347 1.7540332 27.884748 -0.60296226 81.38785268280705 
Car -1 -1 0 148.40268675976597 183.6644839832151 409.3224864366088 288.0929214767499 1.5241389 1.6079313 3.8061564 -5.4813232 1.7307516 12.313428 -0.39666745 50.54886910233037 
Car -1 -1 0 656.2478431548785 176.83879881684211 698.7146688135556 214.37854279338032 1.5550851 1.5574678 3.354548 2.955918 1.7406647 31.924757 1.5690137 30.172660681802842 
Car -1 -1 0 0.0 181.89420493702661 348.3493264236366 323.01054215476216 1.5247128 1.6181275 3.8558598 -5.549011 1.6629455 9.5119 -0.417328 59.660458090263596 
Car -1 -1 0 455.0161043786454 177.40331621614612 543.9301318435679 211.99051407446368 1.5154607 1.6152835 3.779017 -5.1284122 1.7387629 33.736565 -0.5532211 27.926850232691017 
Car -1 -1 0 486.2854922557263 174.69954674206502 560.5000623987474 205.66621157563787 1.6181815 1.6332581 3.7015202 -4.712014 1.7237563 39.590523 -0.5691187 18.090101954106075 
Car -1 -1 0 647.929926278477 177.60236009425347 685.6164525271366 210.01327899745638 1.5486634 1.5399722 3.5768118 2.873273 1.8028626 36.81694 1.5418018 4.683234037975828 
Car -1 -1 0 641.9631009014887 173.84943420435164 674.9977064337921 204.02457561202348 1.7104282 1.6091001 3.8920312 2.8710237 1.7724556 42.994698 1.5453973 4.542413838442891 

