Car -1 -1 0 295.73108401355734 187.27683134183198 500.1175933645336 327.1298621959102 1.4361342 1.6056728 4.30871 -2.6317677 1.6795428 10.016112 1.5624193 102.98610503804684 
Car -1 -1 0 120.11702156587747 175.8768548710529 234.5298379228475 223.0888251718339 1.5152397 1.6495252 3.9381464 -15.050305 1.629852 25.38369 1.5763689 77.33852913984275 
Car -1 -1 0 756.0517999585452 179.2805636110312 926.7326268359955 283.3668085528332 1.6694324 1.7400482 4.492202 4.2802877 1.8156338 14.134464 1.5293801 130.97077374376724 
Car -1 -1 0 430.5898784141396 183.37270412077615 526.9918888224951 259.14431396461293 1.4677621 1.5510975 3.3639474 -2.8104541 1.7274165 16.127699 1.5688506 71.19312661377967 
Car -1 -1 0 223.17675706497172 179.89349483805896 330.0573033208869 228.58480136303496 1.4825205 1.6848432 4.3052526 -11.259006 1.744961 24.745756 1.5691326 66.5473136003736 
Car -1 -1 0 517.4923415056112 178.27410630301176 561.1228452336303 222.22709461070866 1.6240578 1.6394378 4.017421 -2.8109856 1.8592302 29.238754 1.4904995 33.918846234177295 
Car -1 -1 0 1029.3724789218677 192.99025534127605 1242.0 263.936487484249 1.5598054 1.6781529 4.213127 12.705818 2.0749655 17.448544 -0.08311757 99.79545362900356 
Car -1 -1 0 667.1556115304803 184.33638376030436 709.0965874678803 213.88998354962297 1.478122 1.5520784 3.5949378 4.241505 2.1349964 39.40844 1.4661646 24.941416508081392 
Car -1 -1 0 469.24936147635015 173.52668613269125 546.0129653437806 239.63132400234747 1.7607497 1.6469202 3.9178426 -2.8956552 1.782381 21.23063 1.5867003 62.414578639679036 
Car -1 -1 0 733.5158357156657 183.49972611217316 775.1611664694864 212.95473960043742 1.5153626 1.6014302 3.9604075 8.079586 2.1430802 40.552845 1.5859703 28.012849735765602 
Car -1 -1 0 368.2165403408998 178.10080550175076 407.58992755549957 201.89619439159236 1.5271513 1.6074502 3.9105575 -15.049332 1.8990846 49.164913 1.5344808 4.934333447246482 
Car -1 -1 0 326.91869150205474 175.86315409495694 376.34131501842825 205.52809039199988 1.6746633 1.614284 4.0864825 -15.37926 1.8635381 43.22046 1.5385772 14.230519056403947 
Car -1 -1 0 563.5219283442945 181.42925454784418 584.1461992245479 200.27701896108795 1.4802562 1.5533447 3.7167723 -2.9552257 2.218122 60.223648 1.566418 2.166639736511109 
Car -1 -1 0 417.21758983173805 176.4195202526883 454.2542695617121 202.6422251566651 1.7317762 1.7263678 4.1736383 -12.074316 1.9910331 50.345978 1.5320646 0.2609623968601227 

