Car -1 -1 0 103.03526255646284 201.51270920939433 342.44877938402254 334.30724446140846 1.4701211 1.5962374 3.738165 -5.4155884 1.9693309 10.68477 1.5519505 128.75962238480196 
Car -1 -1 0 296.51377265429215 190.78174852053237 415.78437145801064 274.51881868283226 1.5295179 1.5819912 3.623394 -5.4102235 1.9695258 15.843577 1.4964952 91.00925862469039 
Car -1 -1 0 440.85335091229973 187.04417848064725 500.7837559011204 227.64977198514467 1.4253736 1.6526349 4.294191 -5.486454 2.0382013 28.999718 1.553375 36.36438093645713 
Car -1 -1 0 378.3398744806857 190.77668014721303 463.8531557544549 250.24952494710666 1.4606525 1.6708417 4.2564707 -5.4122305 2.0418012 21.215633 1.5022358 37.106763814703456 
Car -1 -1 0 649.9639705259368 175.13495805370988 739.6906482382365 207.51798334090373 1.4707161 1.6217847 3.9605682 4.081281 1.5854715 34.65133 0.4914438 65.90176112888551 
Car -1 -1 0 593.9749330802357 178.70503623248416 630.3725693523206 206.94259874361907 1.5712289 1.5954661 3.8268628 0.20026717 1.9362638 42.9997 1.729973 16.622472175788932 
Car -1 -1 0 737.1703582935239 165.90408403756044 797.387716892655 190.29093632608758 1.5036166 1.5813003 3.6362205 10.0109825 1.0751064 45.748928 0.27926707 6.023681437003903 
Car -1 -1 0 516.383229631247 181.3050524226691 555.8201657971963 203.4410412997702 1.5092227 1.5705032 3.6124334 -5.3931484 2.148875 52.651882 1.0657576 1.6708672228809638 
Car -1 -1 0 681.0047855476606 174.66954985494036 767.4685718368154 205.49937865301854 1.4688535 1.6130326 3.9901729 5.7350297 1.5636487 36.116962 0.4245648 0.9393487490547988 
Car -1 -1 0 544.2640046244978 180.905415584811 565.995632052105 201.80631889306483 1.5936389 1.5756704 3.965293 -4.4539676 2.2713513 58.669884 1.4480374 1.6260754669436703 

