Car -1 -1 0 18.670601719966296 195.17922388017985 330.95350813401893 345.1756634531475 1.4833829 1.6513292 4.1493206 -5.503689 1.853826 9.867379 1.6095872 118.64449315899773 
Car -1 -1 0 780.9100145875697 183.43025489638993 1107.721106768835 282.8250434170071 1.4049743 1.6529754 4.35221 5.0576963 1.5832446 11.274977 -0.027984744 158.40323168741858 
Car -1 -1 0 697.1098071763986 179.07751541719577 861.6129079223886 241.37736663146654 1.5391906 1.6186987 3.9209692 4.435974 1.7132294 19.108788 -0.1366185 29.02258354189807 
Car -1 -1 0 682.8712958799742 179.27685450804637 794.6251170544209 222.12658370787625 1.5516462 1.6370564 3.915676 4.8083477 1.8011904 27.204926 -0.005179099 30.62462196384237 
Car -1 -1 0 723.808231567875 181.0439404262813 912.3787635760316 249.7149718028326 1.4469818 1.5810138 3.794116 4.644424 1.6432837 16.360373 -0.076911345 34.583006751487666 
Car -1 -1 0 750.3205213894998 184.4067879475559 987.498853194124 264.52151677187317 1.4145503 1.596314 3.988275 4.8756084 1.6511434 13.8865795 -0.04651638 37.151160181360034 
Car -1 -1 0 654.5161228222314 178.63173985025327 747.8299352893715 211.47293319648298 1.5194898 1.6427362 4.187898 4.4151783 1.8091965 34.990723 -0.18291889 14.175817728903274 
Car -1 -1 0 496.39690288128025 183.13886179278086 525.728528461189 210.28012825736542 1.4967202 1.5302782 3.6084719 -5.8398814 2.136949 43.056843 1.4923756 5.624997204784286 
Car -1 -1 0 622.1448993744468 176.536012784025 665.038409764244 191.65940275059543 1.46032 1.6074748 3.9988208 3.396283 1.8374939 72.20715 0.5305755 10.017970975562799 
Car -1 -1 0 676.6878296693807 180.56133824304092 779.8515805883205 217.67216931582385 1.4754151 1.6157823 3.9675653 4.8970466 1.8066425 30.047035 -0.078772046 2.4422451003232233 
Car -1 -1 0 456.4042480606103 182.71555627642493 504.3293480602668 215.39754832076022 1.4828227 1.6669549 3.7983706 -6.3461294 1.9980879 35.793907 1.5795078 0.69709712266922 
Car -1 -1 0 508.24343534984746 183.95600501191367 538.4792017673196 208.67987685547268 1.5208638 1.621049 4.094597 -5.727275 2.295855 48.303402 1.5488604 2.0000279167129986 

