Car -1 -1 0 244.4077509769075 189.21651475915237 409.5337604344941 260.5084862079863 1.452219 1.6078947 3.7312858 -6.757103 1.8988075 17.661732 1.9751372 90.03938537145433 
Car -1 -1 0 706.774924158454 201.75324162119108 839.6985557460414 287.0135133722734 1.4052974 1.5495282 3.666607 3.5458221 2.0917208 15.179383 2.1487677 108.24814488673171 
Car -1 -1 0 787.2330769832712 197.2980254849734 888.9386282173363 266.2446061109197 1.5375636 1.6127166 3.9034584 6.299886 2.272719 19.62968 2.1602907 62.84558945646558 
Car -1 -1 0 169.95187802749453 188.49907754262944 351.2510389730685 253.7325891068368 1.4150362 1.658776 4.335009 -9.015684 1.8791753 19.085146 1.9495645 54.60465351525822 
Car -1 -1 0 101.46797859648707 190.69873267494407 261.59328654854886 250.17053144205013 1.3917606 1.5325947 3.577026 -11.718626 1.9344302 19.997513 2.0051465 38.45462306531171 
Car -1 -1 0 867.9029740244974 187.39173243349788 915.4759412521779 230.17179171926927 1.7778535 1.6388273 4.163806 13.234713 2.502156 33.72336 2.0496902 33.96146173405193 
Car -1 -1 0 1129.618380416433 196.01699451455318 1242.0 248.55571017029362 1.5561635 1.6518338 4.0583186 20.201508 2.3882508 24.341549 0.41789335 28.093095498225455 
Car -1 -1 0 52.072843972352295 190.82786529340993 223.1872578007921 249.92229233257152 1.4508749 1.5775259 3.9157073 -13.633934 2.0286703 21.093956 2.0504947 7.285573774961919 
Car -1 -1 0 1063.3792747493396 196.29703671094637 1131.7977701876305 232.4250902766449 1.4975395 1.5971473 3.663523 23.206741 2.681007 34.449047 1.8328888 3.9573224358717862 
Car -1 -1 0 1052.6858746767928 196.48764272214035 1107.4612997168736 227.90842010214647 1.4828651 1.6251776 4.217707 25.80989 2.857605 39.711227 1.9236469 4.182785874776717 
Car -1 -1 0 1012.6779436261135 192.03184713553898 1041.3038649467255 217.17777262031873 1.6036022 1.59407 3.8807817 29.630901 3.0223465 51.289154 2.0517845 1.2911191862408848 
Car -1 -1 0 1107.456346719661 195.1013216839377 1188.2541578470943 241.66344204108327 1.5464041 1.6191492 3.8949454 20.836597 2.477472 28.087885 1.965142 5.483737212734863 
Car -1 -1 0 1037.415266849854 194.90255005286633 1119.312731444712 223.3202635886904 1.543793 1.6188242 3.7881901 27.683098 2.891738 42.72793 0.33262235 3.015012612721548 

