Car -1 -1 0 124.48748471058147 195.2722180770935 319.8117951488283 265.67685926845337 1.4254122 1.5591044 3.5724773 -8.571604 1.9550949 16.122755 0.083178 58.91560418054745 
Car -1 -1 0 481.2201889817194 180.41189781832335 526.0771553346336 213.28496644536267 1.5603725 1.6541736 4.2060194 -5.4149895 1.9735684 37.33383 1.5833158 17.308712463850533 
Car -1 -1 0 307.17396040148435 176.24654690357087 471.21385620771434 265.4992579771624 1.6676166 1.79225 4.3990536 -4.6393995 1.7534589 15.9567375 1.7064123 116.44049378246072 
Car -1 -1 0 280.02162676308603 183.12948358226336 371.7297041514432 224.4540786526678 1.4123368 1.5514343 3.5838094 -10.71805 1.8236035 27.189413 0.6370896 30.334726311728954 
Car -1 -1 0 0.0 189.93524670957012 205.3656355575973 304.7337500772559 1.5748584 1.6189849 3.8188171 -8.549779 1.8584459 11.073528 0.05092513 36.71526222377211 
Car -1 -1 0 19.107484334252934 196.31321802374964 276.5364589838546 282.82617202360086 1.4403926 1.5856336 3.7637827 -8.392568 1.9010267 13.320295 0.02923134 18.721288986226778 
Car -1 -1 0 302.74611961377013 162.95505730654463 370.97444377165556 185.65258142852804 1.5559077 1.6625769 4.128828 -18.979374 0.87733823 50.318478 0.012635841 18.85856956722194 
Car -1 -1 0 431.38371174528265 187.3623935662844 495.4884383015024 232.7205360117066 1.462934 1.6080494 3.9386344 -5.28249 2.035975 26.518597 1.5571151 7.875309943445813 
Car -1 -1 0 172.04153544845968 193.4345277167691 346.1164628895932 253.68552958514377 1.4228897 1.5865947 3.841628 -9.0648155 1.988661 18.79359 0.1335121 6.711838619990446 
Car -1 -1 0 235.8112908227993 174.30263082490094 290.0611479285611 210.622552053892 1.4373664 1.5546248 3.6287465 -14.661931 1.5028911 30.67416 1.2727778 2.6839254905818235 
Car -1 -1 0 418.19161132616625 165.59293080603638 469.3224611552019 185.47961220306064 1.4421904 1.5892986 3.923838 -12.460937 0.91561437 54.14287 0.6469753 0.9014819895242293 

