Car -1 -1 0 936.4009259927788 168.6671139408248 1161.691148441252 234.43749577614918 1.4406434 1.6440682 4.184302 10.061675 1.3489332 16.765186 0.06713113 140.36448282664477 
Car -1 -1 0 591.0187082965138 168.3952654524926 687.1697867247156 210.966380099472 1.4601318 1.5696157 3.7871966 1.1561371 1.307203 26.703083 2.2684927 77.05548878261384 
Car -1 -1 0 664.2605180625178 168.69957414744707 756.6354963325845 209.92424014241257 1.3907073 1.5876982 3.8537521 3.7472043 1.2505583 26.339867 2.248332 68.6177834790153 
Car -1 -1 0 702.8312759332352 168.55755518833428 904.1730505881402 237.7480734015569 1.5422876 1.699151 4.4572654 4.5286922 1.4465178 17.321781 0.18173677 148.68420639891465 
Car -1 -1 0 254.57916632726344 177.55780198827182 369.3624151158035 222.0481030733042 1.4661041 1.5543785 3.3581023 -10.275505 1.6358258 25.013657 0.15088245 56.35597318508873 
Car -1 -1 0 1105.4828648550283 156.92808879644295 1165.0837340192606 203.5380640882354 1.518008 1.5999126 3.6014628 18.485794 0.9993279 25.430033 2.1898036 14.794977300725709 
Car -1 -1 0 935.1694323306328 159.3449011812974 1013.6572577103533 202.24262496529246 1.4261137 1.5958748 3.6147268 13.11935 0.97701025 25.859383 2.3115969 14.293772977967475 
Car -1 -1 0 743.6917012069382 169.293247122315 831.5280768163899 213.35930195942663 1.4402456 1.5898719 3.6922047 6.3529963 1.3238666 25.515911 2.2544656 8.797056483381967 
Car -1 -1 0 837.5702756934787 162.14036154491353 926.7273028766348 209.04218874054942 1.4919833 1.6118381 3.9740942 9.497929 1.1511741 24.981709 2.2854261 7.8474317363759285 

