Car -1 -1 0 202.82289221797848 193.25750451526991 384.41358183673645 298.84635316656687 1.427969 1.5838908 3.5916097 -5.1455812 1.8262956 12.272547 1.5476558 89.89839133327145 
Car -1 -1 0 302.9070234855871 186.92548784456304 416.7857219356285 261.73388972292133 1.4652745 1.6693408 4.082516 -5.7330213 1.8390734 17.04848 1.4639043 50.8317426305395 
Car -1 -1 0 404.1401603209881 184.28221135123755 484.88005309614954 237.53501209569376 1.4909945 1.6448879 4.099007 -5.1769958 1.8898731 23.13299 1.5724236 46.71330065999451 
Car -1 -1 0 42.4659249984067 182.72723716463764 209.06920490597457 257.9333222670079 1.4054692 1.5756001 3.8144836 -10.504412 1.642031 15.606829 0.5604859 85.70664853643429 
Car -1 -1 0 122.21835183010005 181.27107800275542 261.0385018003319 244.91681125914005 1.4227102 1.5731044 3.7381277 -10.625354 1.6557608 18.278164 0.59558475 59.431322801356245 
Car -1 -1 0 0.0 186.44561195409554 125.90739412994517 279.29945399494 1.4059763 1.5752096 3.8025088 -10.51379 1.6880305 13.207841 0.63849914 65.00145529339696 
Car -1 -1 0 177.7110243916894 179.36054354339691 301.5978736886847 235.0715781742683 1.4234881 1.5758467 3.8224 -10.602055 1.6250829 20.600895 0.6227825 20.528271397557855 
Car -1 -1 0 331.15816235604046 178.93784126323405 422.49818672394116 213.36320253908167 1.4418285 1.5795132 3.9028962 -10.575063 1.7378958 33.034103 2.1126068 10.942433306719217 
Car -1 -1 0 231.76029409383284 174.09353845812132 339.44730049311147 221.4962494034494 1.4162089 1.5770382 3.8378403 -10.570382 1.4595877 23.450932 0.66058344 9.948922941391414 
Car -1 -1 0 355.1520306034174 165.97277633719176 426.7653164447617 196.06448853098198 1.5903349 1.614533 3.8095145 -12.066964 1.2266648 39.787315 0.5258857 8.127631474498916 
Car -1 -1 0 289.6579443085926 163.84370408784406 367.6846749839297 188.77155156184432 1.5161486 1.6531267 4.208273 -17.4077 0.9681288 44.81639 0.050342657 2.281700230957421 
Car -1 -1 0 438.29941190038966 179.27350562349366 505.2527458266449 224.57671558024347 1.5937424 1.6374223 3.9591274 -5.253331 1.8606706 27.979351 1.6275051 1.123524748999697 
Car -1 -1 0 294.96594576564587 170.92242623555035 379.9786961015691 209.13723912192094 1.477664 1.6057807 3.9070332 -11.269723 1.4029751 29.782015 0.7098362 2.503473667591337 

