Car -1 -1 0 0.0 193.93946389543498 161.5284609590385 338.3832241797813 1.4659808 1.6932633 4.461683 -7.851634 1.839684 10.403571 1.170794 74.20420526548179 
Car -1 -1 0 596.866707528629 176.54484012644497 725.7040116034653 236.4073118060805 1.4152328 1.6555624 3.9819655 1.4961205 1.5253714 19.424719 2.1793752 78.06491735201028 
Car -1 -1 0 1025.2002568108219 152.00912461850942 1239.4806715470763 237.32834247268096 1.45713 1.7497995 4.534976 10.303701 1.1011293 14.710386 1.7509491 66.14399699943709 
Car -1 -1 0 763.1588875892988 172.84619827707232 850.4503546302063 245.1917319471534 1.4031937 1.6590563 4.185576 4.4325743 1.4030423 16.233143 1.8415031 51.428449159689066 
Car -1 -1 0 201.8070590098208 181.95932954319312 286.56985919106245 244.83169523893585 1.6801403 1.7380558 4.3655744 -11.33377 1.9895614 22.231949 0.9621164 75.5784253019923 
Car -1 -1 0 513.450344147247 180.88420428523537 622.169834827726 227.31965636886247 1.3930897 1.6113844 3.8673055 -1.3277164 1.687371 24.39782 2.1857061 19.165441660424413 
Car -1 -1 0 552.9269804948727 180.36064351221694 664.9309693695031 231.88911688714427 1.3860625 1.6046374 3.8101163 0.07096495 1.6364956 22.036577 2.1458068 29.82384709498584 
Car -1 -1 0 867.723738285197 178.97114899903883 968.6229804156457 221.78637336840993 1.5058397 1.6294736 4.0384746 11.8777275 1.7559376 27.696127 -0.59272516 29.221991324809057 
Car -1 -1 0 445.0537208831304 181.26993735044513 528.2786808954984 220.1629218987165 1.4088118 1.629504 4.140194 -4.8931046 1.7766237 29.315323 1.8739545 14.529555831123059 
Car -1 -1 0 817.6409811671768 181.5355708268029 908.9809012864667 220.9368489684476 1.5125488 1.6139063 3.8406153 10.643178 1.8966887 30.194199 -0.584196 29.517108963198183 
Car -1 -1 0 990.3921554964019 170.78314479771348 1113.0723604028085 222.28598000687845 1.5599837 1.6401691 4.1073837 14.478088 1.4972589 23.583319 -0.51734054 10.48885073197728 
Car -1 -1 0 471.5786614573489 181.301072039022 556.6780764506807 223.48539924075803 1.3826435 1.6097751 4.0008345 -3.4265249 1.7198645 26.657213 1.8645205 9.929668229591554 
Car -1 -1 0 365.8136734913953 181.7673407887123 445.0729979513282 212.04271528732997 1.5185215 1.607229 3.8031785 -10.9957485 2.0211136 38.94875 -0.59935933 9.969245031886047 
Car -1 -1 0 934.9553030813615 176.22431510118918 1035.8686632496629 222.00704159205762 1.5009327 1.5980107 3.8117056 13.395237 1.6289291 25.65701 -0.60871744 3.4745275633161086 
Car -1 -1 0 624.9511686503635 164.1994337537827 681.1693619321661 187.6320957993917 1.4762254 1.6053561 4.112405 2.820111 0.9309994 47.623127 1.0077794 5.361726768134599 
Car -1 -1 0 738.0205151570268 183.15889684960044 790.3653768687655 216.9498644651607 1.4516373 1.6833814 3.9344022 7.2536707 1.9680581 34.181225 1.5838459 7.587157791333921 
Car -1 -1 0 418.20030125599476 181.4990353675401 500.1691931610075 218.1663988585678 1.4412364 1.6521401 4.0346336 -6.4861536 1.8455169 31.564837 1.9126532 0.26696091890335083 

