Car -1 -1 0 786.2662517137308 176.57247852345486 896.4164522289549 246.49027871001718 1.4641361 1.5866716 3.8197587 5.397601 1.5631603 17.265839 1.6233894 70.92047145710067 
Car -1 -1 0 332.374790326148 187.17335333534825 427.5886996027848 218.5867536775489 1.4879313 1.6986151 4.52187 -11.92467 2.267376 37.524216 -0.45182532 51.94166242672802 
Car -1 -1 0 199.31515996012507 190.41541737115807 303.4677615921186 225.6591870826491 1.417576 1.6422851 4.0399957 -16.44137 2.2804189 33.305603 2.136035 52.47613273463031 
Car -1 -1 0 59.83419974115819 192.11886802194624 202.5369066699706 235.94121040838417 1.453625 1.7027208 4.4193416 -18.647635 2.2739568 28.365963 2.0287476 48.94090946039154 
Car -1 -1 0 515.1292488403632 179.39617967019893 587.12580206527 210.40412349277656 1.5840224 1.6098435 3.6451826 -3.185933 1.9541023 39.18244 0.5454892 61.22312027436617 
Car -1 -1 0 627.4577470668004 174.77017622326338 659.3825266258452 197.28586106976394 1.5445709 1.649428 4.1325545 2.3975163 1.6883996 52.010914 1.4545527 4.3622851058950625 
Car -1 -1 0 446.3574967276507 183.10204193077638 485.94582303938955 205.7562926637668 1.4481146 1.6978241 4.161756 -9.917262 2.1910152 50.177017 1.6316915 11.211304124807311 
Car -1 -1 0 264.7599766408572 186.56185772991566 346.4292038158751 219.4267661491371 1.5905789 1.6324323 3.672897 -16.069681 2.3507931 38.21769 -0.68898785 6.777379841380764 
Car -1 -1 0 170.92362220759856 191.42261595275258 264.5877613560746 224.99770204067892 1.4318978 1.5162636 3.6764047 -18.846931 2.3778327 34.830147 2.2113016 2.8501062401806103 
Car -1 -1 0 3.916056024232642 183.5788546288021 132.22109777406237 231.03913673634878 1.7908907 1.6396188 4.0001616 -22.654165 2.274016 30.351372 2.0543034 0.9561393656561326 

