Car -1 -1 0 853.8285683033055 130.9303076963407 914.7799622150416 161.07646004760977 1.4624205 1.612317 4.183637 14.783102 -0.6659261 38.713806 2.316801 12.999512042712528 
Car -1 -1 0 813.791958798413 135.16830121288626 875.7281862606425 166.24354637825644 1.4257069 1.5455585 3.6253767 11.687864 -0.34452426 35.74917 2.3164394 26.250343215447845 
Car -1 -1 0 486.88180865446793 156.93754937793875 617.1720544737562 215.95234941277778 1.7624075 1.6819128 4.0320907 -1.8110415 1.2870814 23.514343 -0.7251073 46.69306280959916 
Car -1 -1 0 604.6648021472739 148.41719393373967 692.3660947909505 184.18567090939297 1.4672438 1.6297336 3.8535352 1.6486614 0.4648316 31.593327 0.86566687 7.940477378954159 
Car -1 -1 0 158.06080013001525 171.17035347529836 438.8223190434379 342.0860753115887 1.5578296 1.6424831 4.0061693 -3.8466027 1.5424838 8.559196 0.7684651 108.78507184835425 
Car -1 -1 0 697.205342157331 140.51838817693482 780.5557792901494 173.30413972418776 1.5157975 1.650886 3.8272002 6.282721 0.02081132 35.343544 0.8530592 10.942485579493749 
Car -1 -1 0 1081.3288833979732 126.80029144003758 1222.2024270954994 220.1869229542889 1.7123089 1.6910324 4.2056494 11.56731 0.867882 15.286093 -0.7543589 87.00814375640599 
Car -1 -1 0 904.4790341418802 127.66013958557859 951.7956708766626 155.15329630720183 1.4832077 1.6479342 4.18725 19.40146 -1.1287866 43.85724 2.2361324 3.150378212948299 
Car -1 -1 0 476.0875109547233 164.3200394607353 571.424417114098 202.59940909179883 1.4843751 1.5807912 3.6434534 -3.5008643 1.15345 29.76656 -0.71037054 2.924318178030495 
Car -1 -1 0 648.9226994876549 140.2323502462881 737.4987011348138 177.8756364560448 1.6413112 1.6432217 3.9664745 3.8257253 0.2189517 33.47336 0.82338226 0.5929309365404009 

