Car -1 -1 0 498.889295180154 180.45138760177366 552.2477152400355 229.2169450962365 1.6133397 1.6237602 3.8456647 -3.0040622 1.9120938 26.42558 1.5390207 76.32728100671777 
Car -1 -1 0 714.3992113058717 169.30476919228724 968.3147014459195 264.6184243489654 1.6506604 1.6902535 4.1997 4.2227745 1.589194 13.511104 -0.082539424 129.18411021067635 
Car -1 -1 0 65.91514212977116 171.62228383150108 422.5036606407532 375.0 1.8141699 1.6801519 4.3055787 -3.3189163 1.8048817 7.6160507 1.5433184 98.94196344504194 
Car -1 -1 0 702.7884103625754 180.62182202839423 842.2997793595341 233.4645353292124 1.4995811 1.6054949 3.8269944 4.790988 1.7409463 21.572517 0.023470193 35.295415199169724 
Car -1 -1 0 238.6595632994486 198.30586856053912 377.15332176157983 280.7042316027207 1.5066807 1.6484706 4.2357087 -6.7710547 2.1717918 16.692495 1.5117381 18.38450098019164 
Car -1 -1 0 556.5768532892791 179.45676294494015 584.3386512919413 204.88793518138888 1.5219536 1.545216 3.6924665 -2.457086 1.959784 45.99392 1.5775517 5.520246493678188 
Car -1 -1 0 684.4099795265538 169.26813136501877 805.9943918482928 223.92452993305014 1.7801803 1.6568856 3.7656257 4.5247774 1.6633871 24.405533 -0.04091666 37.04649685589679 
Car -1 -1 0 536.2635630662444 174.75063415400348 573.888084194184 212.98424264172144 1.8440344 1.6187146 4.035967 -2.7428174 1.9466534 37.02005 1.5725693 6.337286689604274 
Car -1 -1 0 667.6607148009487 177.29244333035197 745.8413850433415 207.6184318355392 1.4975922 1.5765371 3.7080197 5.0325336 1.736125 37.405304 -0.34709162 1.2682327217471518 
Car -1 -1 0 694.2468428097692 171.6275314350919 806.3278013553859 220.2412933987373 1.7581693 1.6585517 3.8115735 5.259429 1.7138126 27.185633 -0.14188594 2.9264622130508777 
Car -1 -1 0 567.3072092855652 178.91746316529506 601.194238025557 200.10870633127416 1.5628746 1.5970076 3.8510041 -1.9416307 2.054725 56.462803 1.831507 0.8323765564995751 

