Car -1 -1 0 476.89122903645494 184.4942790398796 611.6846315961207 243.80303643839505 1.4531429 1.6155778 3.890989 -1.7569158 1.816993 20.516094 2.2208095 92.46614771900168 
Car -1 -1 0 0.0 190.94925747299718 96.78996833991052 295.4706919753039 1.5942863 1.6647689 3.195428 -10.62122 1.9745806 13.391716 0.910079 48.36801786439159 
Car -1 -1 0 417.84084890956956 184.13014671667554 557.8908733246196 237.817244629408 1.4285271 1.6539657 4.4024715 -3.6551332 1.8144279 22.422806 2.193812 45.98402508350362 
Car -1 -1 0 368.6458657547133 185.25016998267378 486.18407890896134 233.38681328780942 1.4029615 1.5085056 3.6439044 -5.9574747 1.8468432 23.925388 2.211606 44.593949618462325 
Car -1 -1 0 235.47905290199878 182.90162241406566 340.6555878160049 221.27906032631856 1.4421741 1.5695935 3.7178757 -13.338005 1.8886931 30.10352 2.2063913 36.5608701516202 
Car -1 -1 0 888.1027712430869 199.97644624075258 1032.4250506052306 280.7253105750623 1.4055867 1.5492918 3.6081405 7.615435 2.056653 15.538499 -0.7317881 87.16067040478916 
Car -1 -1 0 1080.3653113469927 186.79445197340044 1138.624033482937 233.07357105899388 1.7778525 1.6135387 4.058855 21.531727 2.4169111 31.017832 2.2891204 25.236471242052566 
Car -1 -1 0 980.226969289239 196.45454696274422 1096.163464199952 264.51717048427884 1.5098916 1.5804994 3.6948073 11.3857975 2.193377 19.080791 -0.7235795 50.19373422281025 
Car -1 -1 0 203.95943474261261 182.77950835060082 305.17549853301415 220.0272656872036 1.474556 1.5833431 3.6294804 -15.415912 1.9331455 31.452852 2.2939172 20.995524589240006 
Car -1 -1 0 0.0 187.3143443903321 85.3401703670553 262.7736871536148 1.467944 1.5658078 3.8240426 -13.228258 1.8444968 16.794909 0.91759163 5.78221190453073 
Car -1 -1 0 977.9016435843347 188.65427121816523 1020.4853901309261 216.53142466701624 1.5107377 1.6154263 3.9759986 23.519703 2.5139608 43.671616 1.8950922 0.3558424711227417 

