Car -1 -1 0 699.2618283208117 175.2185566987865 813.389970203508 230.4945470016881 1.4509602 1.739375 4.498676 4.215608 1.5292588 21.517874 1.3768415 57.04051952078833 
Car -1 -1 0 516.0770103554524 184.69534291002716 590.3811439088201 239.6214654605685 1.3893176 1.6107429 3.9003816 -1.5512199 1.7687023 21.115614 1.6407766 43.95084361011864 
Car -1 -1 0 381.7168878723314 187.1861629476506 496.53360585232434 239.0760854544652 1.4293725 1.6825942 4.178479 -5.3820124 1.9381185 23.364748 1.8888073 42.42205350000484 
Car -1 -1 0 761.2908358736065 174.46213763863722 887.7281723417262 223.31237054746617 1.4185051 1.6987306 4.2631764 6.8214293 1.4757645 23.397057 1.2116227 31.98956525743654 
Car -1 -1 0 13.144124535517676 188.04133920578687 152.46777989277913 269.87530186235426 1.6332853 1.7047237 4.41606 -12.669606 2.0401647 17.251503 0.7040752 90.13866146040156 
Car -1 -1 0 336.9634248083137 190.14922428946102 445.0155361081839 236.92763038338578 1.4016993 1.67225 4.069569 -7.575123 2.063709 25.42895 1.8629242 27.48033744474367 
Car -1 -1 0 297.9807652770698 190.7325025388837 404.8123793182417 234.79791594913533 1.4197744 1.6428251 3.983907 -9.593366 2.1456974 27.145145 1.908037 18.279108783732 
Car -1 -1 0 824.0617718139563 172.11520047018433 946.155982623874 218.5061317026566 1.4501965 1.6638268 4.168059 9.323513 1.4271013 24.7951 1.2533184 29.959545939472743 
Car -1 -1 0 254.71512667841415 188.5690766537647 346.2353056522441 231.082936228823 1.4805858 1.6936213 4.0646086 -12.191473 2.1521893 28.752226 1.6366129 14.352993589096089 
Car -1 -1 0 200.54388083570814 193.17144466836723 296.17253738745785 234.3799649693599 1.49562 1.6190679 4.052147 -14.873077 2.3801074 29.661697 0.55011237 3.8133644666310667 
Car -1 -1 0 569.437296684738 191.6585313207865 648.5371106060835 223.51746607111016 1.4647405 1.5832764 3.6429887 -0.042149264 2.4346237 35.9441 -0.28427935 8.374329907645915 
Car -1 -1 0 613.8679780666655 189.64800689423703 692.0097820958896 224.5689470111555 1.4492861 1.7468529 4.1613746 2.1233199 2.29782 34.258045 2.19584 5.362506073585613 
Car -1 -1 0 499.9132976294147 196.75745344516608 575.4749289130207 227.8683618744942 1.5175004 1.6221427 3.758074 -3.8630362 2.845755 38.70869 -0.3360589 0.2680163085460663 

