Car -1 -1 0 0.4066233630520166 188.87875383636995 166.9745697947931 252.2009766262702 1.4855659 1.6548699 4.0090957 -14.317237 1.973594 19.960476 1.5820075 88.67929551929286 
Car -1 -1 0 675.3356180832225 179.27670451127702 762.9519514050775 242.14660923541427 1.4241159 1.5910732 3.8985384 2.7251673 1.6082218 18.714527 1.5461833 92.84717645200526 
Car -1 -1 0 712.153579847027 186.95096349328122 869.0964997188107 299.66148508609365 1.4022607 1.5756917 3.7613225 2.6405983 1.6608479 11.342888 1.5862641 63.254271805685846 
Car -1 -1 0 759.000017393021 191.94946476321294 1134.6782486197064 375.0 1.386709 1.5884997 3.9603233 2.5870974 1.6148133 6.635259 1.5661231 95.58935142099978 
Car -1 -1 0 207.35478472477863 185.47935593254334 297.0899469473142 225.23326811869924 1.4170722 1.6518896 4.1294966 -14.294718 1.9631476 29.125511 1.5484965 38.2849029152954 
Car -1 -1 0 574.6411653270621 171.03394095030575 632.3946982017214 227.8843204157408 1.6329772 1.6595938 4.32524 -0.15703988 1.5806975 22.89454 1.5785675 46.635683298779554 
Car -1 -1 0 360.98069285710096 177.28511115861988 406.4938786789979 204.48501862882478 1.6045899 1.5743265 3.7083955 -14.044192 1.8928411 45.057514 1.6046212 34.053306300482916 
Car -1 -1 0 643.8651559547081 173.80230278157774 684.9896464499959 211.1393806248775 1.5875685 1.6372993 3.4872391 2.4232192 1.632621 32.524124 1.5852343 39.58732761936951 
Car -1 -1 0 667.3344329752251 178.05246422101612 734.7070991228696 227.36420337146654 1.4421859 1.582269 3.5533276 2.8712852 1.6230366 23.292755 1.5277961 16.21952560586784 
Car -1 -1 0 632.2945707892103 175.13849357188607 660.875717959545 200.026094379594 1.5817821 1.6156608 3.7998264 2.4326782 1.7402532 48.131577 1.5448251 4.002508658053836 
Car -1 -1 0 681.2995508380079 163.98322050686977 711.8384714668248 187.1049263302745 1.7028415 1.629283 3.5635633 6.5939865 1.049536 54.981354 1.4890506 1.4908182011292004 
Car -1 -1 0 404.7732980129246 176.81036088745546 441.58972225277984 197.87853059169296 1.5216765 1.5896773 4.0915365 -14.148689 1.8345048 54.97326 1.6145475 1.5645050944653613 
Car -1 -1 0 306.8799141411807 181.20441466088135 372.56942156527214 211.37287786752088 1.5033369 1.5771561 3.8713117 -14.554351 1.9798979 39.132988 1.7504894 0.33838313817977905 

