Car -1 -1 0 416.0255311212916 185.8754756135665 493.9719068794492 251.12172372432255 1.4951721 1.6215866 3.8279488 -4.029507 1.8794992 19.31145 1.4719527 88.69740045499617 
Car -1 -1 0 474.76120492727097 184.78998176605802 517.0868798116668 222.76132454967697 1.4743032 1.5717592 3.9900005 -4.880017 2.0273085 31.369724 1.4770508 32.44969856438046 
Car -1 -1 0 711.1080710337811 188.17389476798866 851.4349121793164 244.7494528572747 1.5567911 1.6093605 3.716166 4.987636 2.0270562 21.245995 -0.05334033 36.460336341885075 
Car -1 -1 0 917.3116074130111 203.40066185255924 1242.0 363.4440277212463 1.4698987 1.5973734 3.8372421 5.6898723 1.8584732 8.1071415 -0.1471228 42.35478946450704 
Car -1 -1 0 789.5797708603724 199.18200933474193 1105.961072587411 313.9260258907188 1.4391279 1.602618 3.984644 4.860772 1.8653933 10.611494 -0.13953127 62.19660973433424 
Car -1 -1 0 666.0659675718626 191.26633998843792 777.0343209170906 229.98703114476956 1.4198331 1.608509 4.043964 4.346533 2.167039 28.324509 -0.07668528 17.265001677146486 
Car -1 -1 0 783.732430314382 187.92170924843202 1021.7881056532262 279.9756528653838 1.5479233 1.6128452 3.8324528 5.399868 1.8519076 13.5152855 -0.12632382 34.243725249903676 
Car -1 -1 0 728.1960904122982 198.67359624481415 896.1357270283537 260.2784179842327 1.422555 1.5776317 3.7847035 5.034211 2.105345 18.228401 -0.03385122 21.770486898201483 
Car -1 -1 0 577.9731403000926 184.9716281549436 606.0032326560686 205.53248685085683 1.52087 1.5617214 4.031453 -1.4481187 2.5310016 58.016018 1.3678362 6.3467365886244025 
Car -1 -1 0 656.5293187703098 182.10754104813083 755.0540526914691 220.60712957474877 1.580012 1.6326153 3.938363 4.1091223 1.9921715 31.119524 -0.10506247 18.199842850652768 
Car -1 -1 0 690.5587504761509 187.7412244844275 822.428994375111 237.10735828364957 1.4968276 1.5982751 3.90422 4.724699 2.0015411 23.469181 -0.101449184 2.788993438546562 
Car -1 -1 0 630.6723738284587 183.898993249882 669.6458678043605 214.15901426400274 1.5089569 1.5525157 3.6615055 2.1626859 2.139199 39.27029 1.4664755 2.1377522759909864 

