Car -1 -1 0 937.077439671293 170.52010148549658 1162.6390238313609 237.12103587107393 1.4544735 1.6440934 4.175229 10.0624275 1.4035043 16.741941 0.079153605 134.63116799208635 
Car -1 -1 0 728.6355454390024 169.20342614001547 913.4301133065109 237.75825344643513 1.531943 1.6493757 4.0530252 4.9103155 1.4503663 17.2427 0.1504128 95.82238785005758 
Car -1 -1 0 526.4420888901464 173.56744695784806 837.7141056230437 285.5570819205516 1.457521 1.6458917 4.233337 0.9279722 1.4689052 10.458755 -0.11214803 88.59726948889826 
Car -1 -1 0 591.0022654865068 171.36568338085326 686.0589027001872 214.24692043304864 1.4711927 1.5757245 3.7040446 1.1313446 1.4201306 26.680023 2.269002 42.873966396128 
Car -1 -1 0 1103.9864455669026 160.16110035290552 1170.143888409798 205.3793512892785 1.4652464 1.5496469 3.4538617 18.381725 1.0539472 25.260967 2.1072378 20.761301374068964 
Car -1 -1 0 250.52332761463177 188.94196722009622 988.5779185103358 375.0 1.4536461 1.6819905 4.4740224 0.030451685 1.5930679 5.1954317 0.098809935 131.37903539422803 
Car -1 -1 0 255.29607641366414 178.847744187541 366.8872372004624 224.77375606381588 1.5150371 1.5491812 3.2215655 -10.288304 1.7303672 24.984528 0.1037979 56.128614458591386 
Car -1 -1 0 933.6580043624972 159.9788055947757 1020.4267862729843 203.8614080819174 1.4590011 1.5799279 3.6920333 13.190976 1.0309287 25.820961 -0.7439801 21.212810798846796 
Car -1 -1 0 835.8317367407764 162.4439594784675 920.8450650838056 207.86973277970012 1.4584682 1.5937691 3.6472375 9.387985 1.1242368 25.066484 2.2842925 11.926380601138135 
Car -1 -1 0 747.2248678729065 168.0012272574649 827.5948364584854 211.14865883787633 1.4265677 1.5729007 3.6397688 6.4161015 1.2661221 25.79643 2.1850305 3.4760008212905054 
Car -1 -1 0 665.0381217478814 171.48144873584258 756.0211503689114 215.32417164891373 1.4746554 1.5431545 3.7018828 3.7222643 1.4284893 26.183384 2.2680748 6.783635910698574 

