Car -1 -1 0 867.9455884604316 155.533942782533 991.0112293265979 194.43573481158975 1.5737512 1.7059485 4.3832903 13.274593 0.8730774 30.093363 -0.023362838 112.48859427567706 
Car -1 -1 0 618.3155477810069 165.90921287241733 727.0160631158877 205.19407770989199 1.6045536 1.7231388 4.4587417 2.6708417 1.3209001 30.561451 0.10520638 73.40371146919472 
Car -1 -1 0 749.7368910766958 163.2059259440468 862.0701790255861 199.0573344211056 1.4708824 1.671242 4.2967896 8.22389 1.0750489 30.469675 0.014653928 84.2475902126805 
Car -1 -1 0 551.9141650842332 168.56507071095155 613.2433105342426 197.37310117276243 1.5020753 1.5533139 3.4002202 -1.4371831 1.2784467 39.44689 2.2162535 43.68624532950903 
Car -1 -1 0 1107.8176645334636 147.98322465702117 1242.0 186.24449400078655 1.5081358 1.6804056 4.3263597 22.994719 0.5278099 29.368101 -0.04064734 66.11847579836373 
Car -1 -1 0 598.8390407330415 166.86911085495674 665.8793756375328 194.39626292170934 1.4258391 1.6562049 4.164738 1.3067725 1.1158363 39.55317 2.1845021 21.23734857464485 
Car -1 -1 0 712.2694176604273 160.304221786803 770.414070292752 189.42982081262522 1.4836116 1.604502 4.1697326 7.164769 0.8443457 38.939384 2.1468627 7.7986818904279 
Car -1 -1 0 317.322133515667 177.28653596935058 397.4881599212934 210.56500202470673 1.6503205 1.6221707 3.520888 -12.86672 1.8827708 36.931248 0.05552616 14.668133712181284 
Car -1 -1 0 977.8256368063782 155.9201720168633 1093.7042751108484 193.7394493981892 1.5156 1.622172 3.8685102 17.556423 0.83698004 29.819256 -0.048430987 1.088493279243685 
Car -1 -1 0 870.5798559389223 154.89792122765778 925.2070870954329 182.38796252497087 1.4376482 1.6536999 4.1065125 15.964699 0.49859795 39.849113 2.2533426 1.0447591055583387 
Car -1 -1 0 914.3318218230054 153.20435332865912 1007.9862371863258 184.81097096364047 1.4647524 1.5677102 3.7143946 16.723692 0.55412436 34.45504 0.12923096 0.27928879857063293 

