Car -1 -1 0 986.3548739226524 173.43962589462777 1241.914585526259 245.6284323661677 1.4571153 1.6553098 4.2681885 10.753238 1.4706795 15.646845 0.11421409 146.20928239799275 
Car -1 -1 0 733.4286586513019 172.3261380688719 946.23349872424 245.4133052150225 1.5345128 1.6941897 4.406471 5.0858064 1.5234299 16.42977 0.20638648 148.4095109337966 
Car -1 -1 0 619.0699272148278 171.78085541881103 713.7146735445523 215.19015480068688 1.4447582 1.542441 3.5562165 2.089735 1.4090414 25.85429 2.2998078 74.82739910827324 
Car -1 -1 0 278.3724925308766 178.74689039248437 392.31069296933384 225.8477851164753 1.5157712 1.559439 3.2939825 -9.295126 1.72503 24.554636 0.18370536 72.16674869072119 
Car -1 -1 0 695.1083333977114 170.690691474967 789.9572570332817 213.79638232864866 1.4023807 1.575938 3.8055563 4.746871 1.3320005 25.428371 2.2845461 54.823526169595155 
Car -1 -1 0 978.5120856531893 162.1271721315659 1067.151856024178 207.6650380090762 1.4394026 1.5715872 3.713001 14.15462 1.100339 24.640398 -0.74151605 32.434392729145834 
Car -1 -1 0 1151.2468342729503 161.4577154739357 1238.4058957194943 210.98137905597488 1.5060232 1.5913696 3.615388 19.276373 1.1594601 23.911211 2.063006 4.804522070475648 
Car -1 -1 0 780.070469309121 171.07619540659283 868.6427544433609 215.92910768042327 1.4249446 1.6061487 3.6185298 7.442757 1.368465 24.823202 2.27204 4.0185074451337925 
Car -1 -1 0 876.6657152474307 167.78642709497427 961.1328343555933 215.25457700307518 1.4467955 1.5642073 3.594245 10.281668 1.2923393 23.865313 2.2796094 5.176342091587431 

