Car -1 -1 0 110.6569378194206 180.6918065103183 446.77446450908326 309.008983216077 1.4075623 1.6050587 3.9791658 -4.443085 1.5352831 9.946934 -0.6214743 153.11091478351545 
Car -1 -1 0 289.16656700540955 176.65923881620333 501.09771689709925 255.03018538293483 1.5009627 1.6521192 4.167247 -4.6296434 1.5930336 15.722818 -0.50807273 68.41713773095883 
Car -1 -1 0 631.2684153389152 174.70707890463365 671.5990726217511 203.6615435007003 1.4848965 1.5395639 3.5932484 2.2236233 1.5902102 39.125168 1.4409978 29.88757724059354 
Car -1 -1 0 667.1245138404337 176.10035440072966 720.7877309279282 214.9704082675635 1.4689506 1.5867126 3.657816 3.3779433 1.6098397 29.44696 1.5194623 33.1923140411841 
Car -1 -1 0 619.5368723977872 173.5884690792554 653.2050845615412 199.61421984795416 1.5189711 1.5832586 3.6560647 1.5986006 1.5658063 44.11489 1.4740716 13.459611232559253 
Car -1 -1 0 367.59645031977885 176.8930091286046 512.4128304379971 230.85519872429487 1.4323839 1.598161 3.8101034 -4.9259467 1.5602417 21.125156 -0.5828251 21.64122974683539 
Car -1 -1 0 744.3355381251223 184.42271901336872 947.1789805231368 323.0601607519136 1.4541376 1.6423646 4.1866007 2.9920688 1.6495402 10.055511 1.6207578 29.302373042393917 
Car -1 -1 0 397.67310398130047 176.5017474284721 525.9151781551897 225.5423281666712 1.5101012 1.6275414 3.889673 -4.920002 1.6405376 24.133545 -0.51590085 15.572050234794649 
Car -1 -1 0 416.2600361689976 174.33239943448802 529.7126641479263 214.6101467449112 1.5458254 1.6683043 4.285576 -5.562936 1.6094168 29.423256 -0.40615124 4.535863481734556 
Car -1 -1 0 171.9155978639938 175.9058969435149 449.28184835741735 281.5474029476384 1.5018766 1.629847 4.0759764 -4.9591055 1.56128 12.204278 -0.6138409 15.546433014555541 
Car -1 -1 0 687.3967500651911 151.14592750908196 797.8429538262441 250.59196186139465 2.1001635 1.9098439 4.8382707 3.0731616 1.6417187 17.676828 1.5921177 19.40836199758934 
Car -1 -1 0 573.1463681602653 169.29626816448248 597.895802766199 187.944349898774 1.5544045 1.6498485 3.674024 -2.0973299 1.2578506 62.09267 1.4026887 4.024412192684522 
Car -1 -1 0 445.8774898614364 167.09882928446623 531.610195226504 201.9352600989911 1.608269 1.6356208 3.7615993 -5.8411093 1.3425739 34.9779 -0.53895074 1.5798989128718781 

