Car -1 -1 0 533.024453105458 181.41284059392356 595.5502577544806 231.78048108774496 1.3914881 1.5617818 3.3671484 -1.201915 1.3445903 21.316256 1.420131 68.01749970966628 
Car -1 -1 0 519.5697366468477 177.89153271261554 555.9787560273994 213.07385303318947 1.5534897 1.604613 3.808195 -2.997576 1.3230486 33.18742 1.4855086 26.856561744326548 
Car -1 -1 0 65.8840690630211 200.4439853831398 225.8537907724464 260.6650393076149 1.4153767 1.6491575 4.197636 -12.6618 1.9579651 19.992645 1.6261632 76.43232890519143 
Car -1 -1 0 1120.6237173317213 146.93064624717385 1242.0 197.5736328407963 1.5338845 1.6231087 3.961305 18.940403 0.43806526 22.393179 -0.084941074 30.40612937387648 
Car -1 -1 0 980.6214299577066 154.0544689559301 1136.5442980669068 204.5577735386496 1.5294435 1.6290953 3.8679264 14.287228 0.64951295 22.255016 -0.013950273 84.38284775743969 
Car -1 -1 0 349.1639008042406 178.85530247066026 457.99439518152565 244.2955909708664 1.7323828 1.6333575 3.9827724 -5.907248 1.6197388 20.779734 0.8893955 118.30022246936275 
Car -1 -1 0 331.22957190139914 190.33195847163768 388.39967642498056 222.62335705336707 1.4374303 1.5940926 3.660483 -11.618109 1.8051634 34.154945 1.543602 6.283164857785004 
Car -1 -1 0 595.1660437820015 168.21457717494886 679.1214874473134 199.9425042460153 1.5205593 1.6354368 4.0261745 1.711832 0.8066779 34.760597 0.027764114 16.575163407812017 
Car -1 -1 0 569.7510629942349 174.69426935700835 592.5709271176897 195.1198621987366 1.5062044 1.6826506 3.9289768 -1.5673584 0.8855904 54.12234 1.5510656 4.011946553670694 
Car -1 -1 0 584.9032019604809 165.73812033070112 626.026416015406 183.05214446190902 1.7421114 1.709944 4.139124 0.36701906 -0.006005645 72.025345 0.008728469 1.7950594402556408 
Car -1 -1 0 322.6506602107477 181.7811344818198 361.0572334066452 202.18749916775596 1.5119739 1.5759313 3.5895727 -19.882914 1.4134845 54.197857 1.5868096 0.25362399220466614 

