Car -1 -1 0 210.7904673506549 181.45729650736533 304.80383555861124 233.52784085169304 1.6066597 1.6193001 3.834 -12.005419 1.926964 24.889383 1.4935172 78.0911482017523 
Car -1 -1 0 496.7316564973383 174.97390691148863 558.3972988083351 221.15970345408158 1.5905058 1.6566839 4.0706024 -2.996141 1.6762643 27.113626 1.6225455 44.374791378653946 
Car -1 -1 0 523.1499434123989 170.63379725439094 567.8588101848544 209.1221990084437 1.745233 1.6356859 3.7107217 -3.016625 1.6445591 34.612408 1.6219075 32.506262288459894 
Car -1 -1 0 124.16312347618783 185.60876010089 233.1770131645456 231.8195183497697 1.4977255 1.6357241 3.9602284 -15.651807 2.0004816 26.460032 1.5698003 36.02952547466611 
Car -1 -1 0 347.2821499176013 179.7891776146169 396.9796319078249 206.37612714176336 1.5440357 1.6097078 3.8822734 -14.719337 1.9949896 44.929 1.634439 12.367560108465954 
Car -1 -1 0 680.9604282941275 173.70559790023464 726.2824514128337 206.66971465436222 1.4528141 1.5274385 3.3854535 4.3301296 1.4945247 33.614864 1.5253656 14.86051046719009 
Car -1 -1 0 537.8453575215069 169.85062646984701 574.0670672964195 202.86381132140224 1.7977097 1.6409231 4.192013 -3.0245256 1.6341629 41.411507 1.6021267 3.4680875143289938 
Car -1 -1 0 735.313598994099 168.37984321677172 789.2186983334849 187.36254604283033 1.5199902 1.6416242 4.024004 12.375668 1.1617335 58.616173 -0.01001952 8.781994282719948 
Car -1 -1 0 174.42345385064723 165.45123118930954 233.39743607482754 192.60751496431538 1.6442409 1.6285144 3.4890969 -25.494286 1.1960226 45.47095 1.6217539 9.023084568206105 
Car -1 -1 0 668.0810991597492 170.82471954597204 698.8729008822238 197.261367512987 1.5122318 1.5566792 3.4733782 4.370511 1.3961525 43.02751 1.5936711 2.877401768084788 

