Car -1 -1 0 785.8817089636644 194.78210322561463 991.5345537066395 312.7830024876548 1.3807337 1.5343847 3.3346167 3.9620132 1.7624261 10.823675 1.470407 118.51905028912499 
Car -1 -1 0 115.05779889333415 184.32884923256267 422.33418401340646 375.0 1.4705712 1.5545827 3.3544357 -3.0640814 1.6127626 7.2487698 1.5510759 84.27160929530984 
Car -1 -1 0 508.12538767919756 178.209827015328 552.4537710920927 216.7419055921254 1.5578759 1.634051 3.9513726 -3.4243233 1.8082376 31.728529 1.5395403 33.69516929542434 
Car -1 -1 0 743.303087851733 190.1666528004787 865.7303340051835 271.36838147794856 1.4146272 1.5731364 3.5127566 3.9288335 1.819047 15.089004 1.5584395 57.15289006928796 
Car -1 -1 0 201.93676947858498 174.19061110826246 282.92683432812186 213.62407536478867 1.560174 1.6084288 3.5668056 -15.394849 1.6198933 30.453293 1.5689828 27.78766570714181 
Car -1 -1 0 0.0 171.2923072282913 145.32012219771323 231.1182905677061 1.5421591 1.6120131 3.8078384 -15.210143 1.5019026 20.514622 1.5565016 64.53905500684948 
Car -1 -1 0 665.5476824594153 182.93443950833563 706.2663909651942 215.0603233237973 1.5389432 1.6601315 4.356243 3.9721646 2.102006 38.118874 1.5635843 36.34311998464439 
Car -1 -1 0 537.9131918242799 176.8812069809151 578.6382135810679 207.01870749381203 1.6976284 1.62814 4.135626 -3.0285273 1.951799 43.37977 1.7065501 20.061118064279345 
Car -1 -1 0 714.2885076302882 186.38269916403442 799.3257989210147 247.60600574691458 1.4696962 1.6083647 3.9587874 4.002488 1.8854585 20.186726 1.5809903 23.86223777083525 

