Car -1 -1 0 643.1792152820252 161.54535899217024 726.9471979595804 241.22959186893715 1.7626858 1.6750672 4.215997 1.7686076 1.5125285 18.07277 1.5752599 97.49126693089698 
Car -1 -1 0 602.573623270521 179.3721700830181 644.186855793985 200.9443850360094 1.444804 1.6559975 4.288119 0.94516706 1.9353769 52.008663 1.2477369 16.650852118325666 
Car -1 -1 0 419.0726882663015 178.1657869961761 458.8792242124109 200.38944793387233 1.4890141 1.6204314 3.9132967 -12.194538 1.8830678 51.435493 1.0210246 9.576260589439142 
Car -1 -1 0 382.2727931560055 177.1519952372343 418.27544399456883 199.6851780435645 1.5106966 1.6366175 3.5991373 -14.84829 1.8267608 51.092503 1.0474522 10.745507782250776 
Car -1 -1 0 947.7647628927848 182.47705913120058 1059.6249814721605 225.2718767043046 1.4069129 1.5890285 4.052178 14.476147 1.7920684 26.773506 1.4528775 5.073712657575283 
Car -1 -1 0 240.34805030410055 180.4645704158917 332.02557982250465 222.25442270444208 1.4567261 1.5830945 3.7782702 -12.389829 1.7662661 27.572292 0.6509416 5.600542406236818 
Car -1 -1 0 32.90442989574775 187.39956555869838 101.51618979970395 231.53652534664062 1.48139 1.6495761 4.016792 -20.783243 2.084891 27.785952 1.0445219 3.098503851657942 
Car -1 -1 0 985.9361278414284 184.20121704574504 1095.548067691882 225.9230892221966 1.3927749 1.5234033 3.8871887 16.108738 1.8520405 27.192064 1.4682498 2.23607818795764 
Car -1 -1 0 493.4339858785153 178.93588043016044 581.731284375233 209.9288522648234 1.5223217 1.6702535 4.30717 -3.6030488 1.8381736 36.622864 0.006437074 1.5107559185463455 
Car -1 -1 0 328.6951638308765 176.71400256058075 354.98736721421966 199.16084637867982 1.514369 1.5609288 3.523234 -18.980923 1.7987794 51.25022 1.2701039 0.937623397392629 
Car -1 -1 0 484.3346738780861 176.7840863791632 519.5025259886652 201.6160084986565 1.4540019 1.5528972 3.657045 -6.6212416 1.7074167 44.6792 1.5940881 0.3052731156349182 
Car -1 -1 0 1003.316330220136 169.37178535727764 1073.7241637194616 192.8553546302017 1.5682437 1.6583408 3.8883133 29.828375 1.3356996 50.27203 1.0100799 0.2681856155395508 

