Car -1 -1 0 690.0556647110651 189.16562775549733 795.5451141716983 271.370948091443 1.466777 1.6434984 4.3842325 2.78681 1.8778358 15.968136 1.5996013 135.357687442871 
Car -1 -1 0 136.03934600057184 191.36473159554566 433.45104282753454 359.15514111452785 1.4142255 1.6557833 4.392666 -3.4934092 1.6956142 8.7677145 1.5655323 104.7905765368252 
Car -1 -1 0 760.6808141371713 199.08337837515523 1059.8961433386987 375.0 1.4137471 1.5652866 3.6030087 2.7622914 1.7529709 7.5169477 1.5536186 80.62677653206772 
Car -1 -1 0 670.9599319592875 186.77015812026664 745.8852617425484 241.67722526024744 1.454184 1.6129926 4.2323995 2.9518614 1.9262524 22.335464 1.5389954 38.96987498852374 
Car -1 -1 0 648.8115196475578 183.8246541019314 695.785261898719 221.5210761633099 1.5200975 1.5913312 3.8828442 2.7397661 2.040049 32.22144 1.5251818 36.80032759921552 
Car -1 -1 0 402.5135061572854 180.52415327041223 458.1745981020185 216.22345107400267 1.5261676 1.6971139 4.133579 -8.323616 1.9080923 33.836464 1.5405282 35.46309890101129 
Car -1 -1 0 505.3377605744021 183.99588557336523 551.2217130906984 221.44956388769577 1.5441678 1.673804 4.4196157 -3.679395 2.0925078 33.289574 1.5579065 14.362214957748515 
Car -1 -1 0 643.0532362378777 185.94349342657006 671.4380937594101 213.245345323156 1.4888818 1.5587426 3.651379 2.8801153 2.3044639 43.06194 1.6731212 2.6440475628857465 
Car -1 -1 0 551.2444137726934 186.89350603772294 573.0997667994071 208.07924204635844 1.5927446 1.6353655 3.9270647 -3.8358212 2.7767487 58.863823 1.5421209 2.588605368302884 

