Car -1 -1 0 882.2318244839171 148.89950565283888 967.8558671502335 221.42031394711395 1.6576574 1.7213633 4.301686 8.307049 1.1101131 18.79591 2.059148 85.52929916721841 
Car -1 -1 0 630.4278011380429 145.27290215892 686.2284409138819 177.494598436223 1.637607 1.6247958 4.0806704 2.6847398 0.23584947 38.86282 2.0108256 27.904791281936358 
Car -1 -1 0 1004.0666239279617 155.05606263465114 1098.4368179711812 231.28682306232287 1.5411577 1.6402587 3.8812392 10.076761 1.1813366 16.685265 2.0624375 37.21630366128114 
Car -1 -1 0 358.20803134125043 162.29172227259428 461.7341035489724 201.0549421594723 1.4331475 1.5930436 3.8453262 -7.8300357 1.0426406 28.262825 0.47395968 38.839784771797525 
Car -1 -1 0 591.0319650588103 151.100297458821 652.4577631990959 184.44579959161797 1.5297141 1.5595624 3.5047665 0.6416461 0.5317699 35.013752 2.058776 45.98349846841208 
Car -1 -1 0 202.6348167993574 166.5553482239081 365.4477899965381 241.46414702062623 1.7976469 1.6034603 3.729167 -8.585073 1.646493 19.327534 2.1080258 40.66550462629272 
Car -1 -1 0 679.8297000885667 147.7655565578976 730.7624511285319 172.30182495885484 1.4524944 1.6623907 4.2886534 6.034014 -0.03624749 45.09041 2.088874 5.8918157270905605 
Car -1 -1 0 986.5922242570393 129.6604231942497 1014.3736184366364 154.4055215092749 1.4897776 1.5425367 3.8047087 26.256714 -1.2932632 48.53537 2.040739 1.7687822771881456 
Car -1 -1 0 990.5865221921908 147.64901888781515 1049.5870389529857 193.42211301909168 1.4831004 1.640254 3.7813315 14.387683 0.6664302 25.435402 2.043337 5.765538526971456 
Car -1 -1 0 476.17249762099976 154.2434576561834 562.8695219841027 190.0923836069994 1.5585635 1.6174424 3.7579274 -4.141968 0.74945366 33.046753 0.55485344 11.756027036539335 
Car -1 -1 0 990.9076801952725 137.8076143809089 1035.4455132147084 169.02677272149026 1.4526438 1.5457422 3.400218 20.022968 -0.2003107 35.8976 1.9632735 1.5223828548181726 
Car -1 -1 0 407.7114521791795 148.01020607420494 512.281346500738 196.8539593555999 1.9587975 1.7542773 4.268833 -6.3958383 0.9624783 30.75336 0.51686054 5.765275389644064 
Car -1 -1 0 180.13152737026263 233.4198172836417 533.7572212850082 375.0 1.6091055 1.6063623 3.7363813 -2.5317097 2.4651022 8.166018 2.019068 0.3255811631679535 
Car -1 -1 0 487.32410682579376 152.52201375022483 570.1183733249597 186.83415678247925 1.6075864 1.6159639 3.817437 -3.9845066 0.6549956 35.445698 0.51266855 0.2708112895488739 

