Car -1 -1 0 686.5016718636565 173.41252815107265 754.5062797912187 224.8224960319532 1.4366424 1.5841672 3.8586326 3.3145866 1.4552991 22.153772 1.5953726 68.33801503964317 
Car -1 -1 0 733.8379215927881 155.8058218323193 865.1531939965453 262.58100872551995 1.6769669 1.6210793 3.8389866 3.321529 1.4092152 13.297259 1.6314366 137.2027785145098 
Car -1 -1 0 56.42883126451356 206.10019918780822 324.2899997331924 301.4294270094628 1.4410105 1.5918955 3.7800574 -7.146227 2.0606737 12.506264 0.07877062 143.67518449921087 
Car -1 -1 0 612.1315665512648 173.56463056419102 645.791175899162 205.05631838615255 1.5388544 1.6289656 3.734446 1.0441843 1.5774264 37.254375 1.6268744 26.819854148859864 
Car -1 -1 0 676.8354519527953 171.15112465490236 732.0579627520069 216.61819199032502 1.654434 1.6225036 3.9734704 3.6385703 1.5924704 28.245293 1.5663506 28.0987129176069 
Car -1 -1 0 419.42643478519045 182.28006285747364 517.9778934923993 217.3198226945735 1.5004706 1.6335407 4.0523887 -6.287503 1.9371154 32.42854 0.089891225 9.631520725984107 
Car -1 -1 0 348.23291354370343 186.62840208849585 470.88153203390067 231.54695405623056 1.4605073 1.5840352 3.777682 -6.8706007 1.9554169 24.981699 0.08136669 17.679102697970922 
Car -1 -1 0 270.8943076035974 184.57986039308975 447.50532069043294 249.47596525513174 1.6523561 1.696671 4.241863 -6.76842 1.9896863 19.74691 0.07766158 69.61334785518818 
Car -1 -1 0 1039.033614905949 136.07728771958702 1242.0 201.3980300042849 1.4716101 1.6229095 4.011541 13.43203 0.64306796 18.413332 1.1126528 6.3178962700945815 
Car -1 -1 0 488.4372707427939 179.16623910653794 536.7018895172852 211.00366453020834 1.5198795 1.5999907 3.6979203 -4.933904 1.8616562 37.138947 1.6862348 2.694864490360492 
Car -1 -1 0 401.7648572771632 181.69339341357565 498.2879394629233 220.7931182706209 1.5408106 1.5829787 3.581798 -6.5600233 1.9184598 29.85078 0.105570495 4.815896218013508 

