Car -1 -1 0 573.5471250120339 172.47875501672655 606.0206292570051 203.63121399657152 1.5785859 1.6455723 3.9675899 -1.0294968 1.5595709 38.557373 1.5570034 28.12026566639659 
Car -1 -1 0 65.27764632237115 184.3445949603831 335.2821169593877 272.226999417363 1.570227 1.6829803 4.3054633 -7.7983985 1.807471 14.010661 0.02113114 102.0875802359392 
Car -1 -1 0 393.56283421840783 177.29901522525486 478.34240709299297 208.1553503175553 1.4999994 1.6186886 3.8927553 -8.660419 1.7284834 36.208935 -0.036483552 31.67911373764433 
Car -1 -1 0 252.83607505221417 182.10507385266826 413.49974456121294 234.9301655907003 1.5010142 1.6484475 4.194844 -8.203891 1.7898866 21.667616 -0.018556349 61.16326153867705 
Car -1 -1 0 512.7464129119276 177.38797331224058 555.1947254500559 206.15088897858655 1.4055858 1.6956708 4.041604 -3.9169736 1.656904 37.949852 1.6004233 8.375114215035971 
Car -1 -1 0 319.66443285294645 182.1874429262368 436.3671140697602 226.85912496447133 1.4498986 1.5486047 3.468731 -7.829235 1.7784703 24.581066 0.026355494 30.38575862802024 
Car -1 -1 0 150.46509964405303 184.69314937263047 351.5001206184457 254.56383262413092 1.4796886 1.5906702 3.8254251 -8.09493 1.7648666 16.482414 0.05419694 19.731528954480595 
Car -1 -1 0 0.0 183.0217561148654 247.15344894237887 292.3296326733918 1.6247883 1.6036603 3.5902333 -8.0684185 1.8009102 11.687134 -0.0051526753 52.80477909902517 
Car -1 -1 0 215.37092023122528 187.80762808462055 377.5770356750364 245.66871439887666 1.4482002 1.5797356 3.73206 -8.408858 1.8731964 19.534359 0.100118846 5.947260902730541 

