Car -1 -1 0 354.8166925835621 190.28265497431076 422.92038973608777 238.74333557826841 1.4652431 1.6966712 4.188714 -7.723467 2.1363928 25.59019 1.4255607 28.260715782942835 
Car -1 -1 0 773.4565811797925 180.45843496144275 1076.6570114565884 285.7967568449594 1.4759228 1.6355636 4.0844927 4.8220706 1.6061028 11.306305 -0.11445949 126.60520233838561 
Car -1 -1 0 403.58862107332925 189.13972344611247 447.18396032114646 224.94012156895553 1.5626925 1.6398313 4.368606 -9.081124 2.4232192 35.846954 1.4282625 17.020911644029443 
Car -1 -1 0 663.625922220799 184.89045228504276 814.219763309105 239.57897145532363 1.4537015 1.6037955 3.9684503 3.688932 1.8202322 20.827675 -0.18012094 28.31619460333225 
Car -1 -1 0 608.5086705600825 181.97418827099798 705.0278799194209 221.6305438979563 1.6036557 1.6335609 3.8271859 1.9984181 2.0100045 30.940735 -0.2156281 18.974622611550377 
Car -1 -1 0 693.3591797709262 174.11126860857328 888.2738462851777 255.67037939724196 1.6996949 1.6595898 3.9222646 4.0200596 1.7300546 16.248201 -0.18427938 48.815377369603844 
Car -1 -1 0 722.4019898937825 184.97071338606838 957.6194675914277 268.1923069147247 1.4581099 1.6118369 3.986611 4.3123016 1.7062986 13.846483 -0.06459376 35.090268976156736 
Car -1 -1 0 651.1574622370359 182.5303185502732 777.6825336182004 232.2904275411341 1.506597 1.5932146 3.7503922 3.369001 1.8362137 23.434832 -0.1943886 20.967492078007936 
Car -1 -1 0 126.30835104578499 207.85375525618844 233.05377998213356 257.24964895259103 1.4374654 1.5731535 4.2050905 -15.441737 2.8117285 26.184956 1.5104171 11.133951358382946 
Car -1 -1 0 248.32880924435418 178.5024768524606 394.3831401958238 277.1923743156535 1.8476949 1.668556 4.201624 -6.128398 1.9887042 15.882594 1.5341308 71.66032285288767 
Car -1 -1 0 580.1043477904453 181.86617664281346 658.6893324583222 214.04015226066377 1.6480618 1.6789898 4.0859714 0.49593246 2.1379082 38.33613 -0.021014836 13.553556524483131 
Car -1 -1 0 629.858537998622 184.77598779095166 749.1528978601011 228.8362249360516 1.4812038 1.609034 3.9924645 2.873589 1.9342456 26.17436 -0.23343176 5.585413594686622 
Car -1 -1 0 625.1358114458831 185.00262810349187 728.5551663035418 225.35045259219888 1.4993854 1.5961676 3.7919445 2.6480823 2.002281 28.694305 -0.20890999 7.281129044321141 
Car -1 -1 0 551.2559312776688 183.76754107655745 581.7287122215708 203.02589895112658 1.5437696 1.7479055 4.111866 -3.689377 2.5216236 62.476273 1.7396793 0.9147855789386 

