Car -1 -1 0 500.2711270268413 187.11373714076393 640.795087091212 292.5229797567869 1.5940449 1.6226618 3.521671 -0.8560706 1.8964424 13.367855 1.2137207 113.89887861552873 
Car -1 -1 0 205.61027074798594 201.29587739731923 303.46077258348436 278.76060610496154 1.4096816 1.6612353 4.319714 -8.278327 2.1766615 17.143457 1.2139885 110.94550719974853 
Car -1 -1 0 269.3166938871111 195.61548614847916 329.73188196087915 244.89480289697968 1.4532607 1.661112 4.038641 -10.853463 2.325533 25.47139 1.24008 40.32744552928145 
Car -1 -1 0 575.6538747575814 190.85044575558405 895.275732812884 375.0 1.4674989 1.6420822 4.281006 1.1148071 1.7362473 8.483822 1.1700398 97.77637176018239 
Car -1 -1 0 887.1175681260096 200.11848326115023 1174.9576847707178 292.3798752358683 1.4003581 1.6143358 4.0848684 7.2224073 1.9248617 12.750206 0.16435188 116.50174049183501 
Car -1 -1 0 471.7041040585723 188.86069737716153 556.3325274947761 261.9473227628716 1.5393987 1.4498044 2.6981065 -2.360476 1.9586304 17.380062 1.2117078 38.74238847673471 
Car -1 -1 0 721.8811636581456 195.3656852878763 858.7063831241094 250.97089079398492 1.4155461 1.5509827 3.585066 4.969614 2.0787725 20.229208 0.14618565 27.93206148448768 
Car -1 -1 0 287.9817946878086 193.16609633119708 333.61123599112614 234.2515271504928 1.5036817 1.6369114 3.9999814 -12.644509 2.4287868 30.702488 1.2178028 5.442125584720132 
Car -1 -1 0 624.9930616514912 190.8680287871683 733.3938407722857 233.47546022417345 1.4261701 1.5826333 3.7984986 2.5476518 2.1056023 26.137869 0.15569557 16.827721736284964 

