Car -1 -1 0 22.32612025624158 206.86845712435803 336.40127950861466 360.53471394796753 1.4636177 1.7342495 4.5243163 -5.5536575 2.0485709 10.142074 1.5659297 136.7154134811119 
Car -1 -1 0 345.8490796908695 199.8464312657245 438.08993685189523 261.32023052807665 1.4021093 1.6331176 4.125551 -6.02586 2.2455468 20.430445 1.4996808 68.60292613113965 
Car -1 -1 0 736.0288901688075 185.00269500409786 1035.7820255263916 292.76191288900054 1.5072416 1.646827 4.1204476 4.135469 1.7158617 11.357745 0.10390938 101.57968261692285 
Car -1 -1 0 411.7068280848283 197.22571757503792 479.0125174310078 244.8843473439172 1.4793062 1.5544313 3.841812 -5.894017 2.432462 26.292496 1.5776587 37.264629755090134 
Car -1 -1 0 699.7309022298135 187.98339858929256 816.2780852368038 234.21072529586877 1.4778447 1.573148 3.6020255 5.0617933 2.0198987 24.802298 -0.15118977 28.179975421340632 
Car -1 -1 0 637.7041405784325 183.87003767735104 704.6446554857109 209.32723887090756 1.5775733 1.685371 4.2194343 3.923596 2.30075 46.44111 0.03988843 16.604913372929424 
Car -1 -1 0 463.2000747470438 193.7744666419797 501.949842568727 227.9477763848123 1.4825063 1.5928258 4.0531383 -6.2723393 2.5858407 35.959545 1.4741166 12.188800867612155 
Car -1 -1 0 678.5687155994639 184.97401183718728 783.48571710685 228.5049659345622 1.5680044 1.603278 3.655159 4.5793266 2.04564 27.478771 -0.086313285 25.927718520453386 
Car -1 -1 0 738.6411368475118 171.89938888282668 985.1797467297702 271.70216613790365 1.781581 1.7087619 4.1449537 4.674613 1.7645402 13.829823 0.046425037 30.92282037526803 
Car -1 -1 0 642.6658013386484 188.960765922828 731.5683220702399 222.17482837335547 1.488138 1.6342853 4.1170235 3.6951609 2.2800107 34.414516 0.120752454 7.434275916574842 
Car -1 -1 0 476.21263150121393 191.30122486298202 513.3562183383152 220.1285686104372 1.4966791 1.5961461 3.7715096 -6.5976906 2.6134062 41.783447 1.5580156 1.0289694436580392 
Car -1 -1 0 498.0411745873911 188.23109347982574 529.5606655235702 212.84442339291604 1.5933497 1.6181815 4.0380387 -6.763359 2.7298493 51.290947 1.5935676 0.3011135458946228 

