Car -1 -1 0 701.7114820898337 176.931737288178 793.5591164451362 242.83308168803813 1.4284465 1.5952607 4.006512 3.2987456 1.5410823 17.910076 1.5928278 84.78686111809431 
Car -1 -1 0 683.3290751931092 174.81574460810498 746.2093481952506 225.24221202149164 1.5166678 1.628781 4.1443563 3.4029758 1.5875375 23.965607 1.6074175 55.44659135904693 
Car -1 -1 0 611.1274449016532 174.00403048153007 644.0898376069235 205.77510667992763 1.5641427 1.630413 3.6651616 0.97328985 1.626927 37.524567 1.6151378 20.106576557677315 
Car -1 -1 0 158.5106155767731 188.45768957470509 398.7136434032556 272.8170640812879 1.63922 1.7213304 4.3940763 -6.9713597 1.9956931 15.444424 0.08280024 129.3196215811148 
Car -1 -1 0 778.3730100334509 146.07979404307852 1023.8003151421416 324.678209410538 1.7389148 1.623559 3.8447409 3.2950997 1.478229 8.977049 1.6088083 113.36367270749466 
Car -1 -1 0 361.0770827781892 187.63471397569722 473.37969214495126 231.79524009976967 1.4540756 1.5562215 3.518238 -6.7814302 2.00013 25.570583 0.18328884 32.88753645146332 
Car -1 -1 0 301.8765291179048 189.7678391589353 442.5657955066721 244.29784125135805 1.4445544 1.5593053 3.512337 -6.768309 1.954163 20.737759 0.1307387 31.84612482167789 
Car -1 -1 0 386.1417241791792 185.91756350175584 495.8457038977148 225.2344282982464 1.4409642 1.5926242 3.849065 -6.512723 1.9669898 28.07454 0.09721656 19.36666082334071 
Car -1 -1 0 415.85625126187506 181.66099364486297 510.34836383575464 217.4680044332514 1.5078897 1.6075828 3.784175 -6.4605017 1.911555 31.993408 0.15028898 12.371804381265257 
Car -1 -1 0 453.54820369257186 178.6523107806026 531.2170914143317 207.5273718131298 1.5292095 1.6289154 3.931093 -6.3882427 1.8548031 39.557156 0.0750334 6.389786013082911 
Car -1 -1 0 241.1777101022112 192.37586866883294 420.9760375836606 254.12530210024764 1.4280093 1.6070058 3.9713712 -7.008876 1.9519289 18.346909 0.11041637 4.309130934115748 
Car -1 -1 0 474.70293444674536 176.72016482813 545.8076732185832 202.14963232011195 1.5988373 1.6869383 4.29766 -6.390127 1.8542984 46.673477 0.07541402 6.450620074799679 
Car -1 -1 0 884.9362176284762 156.33914767465532 994.2207347298784 202.54484300103766 1.4238105 1.5519824 3.5341089 10.9080305 0.9149116 23.808434 -0.5404026 1.779719007509209 

