Car -1 -1 0 663.9195012100354 172.99736902318134 730.1634199601516 229.4603442628819 1.6251636 1.6425318 3.4322505 2.6486087 1.6299744 22.494392 1.5687771 83.4181442468898 
Car -1 -1 0 741.9411060225314 177.77620154000297 968.0436647020451 326.920783923926 1.502497 1.6167957 3.808905 2.8649058 1.5789307 9.299444 1.5702783 104.45779013017294 
Car -1 -1 0 179.83808367980993 189.85956532134492 301.01688105402144 253.6915704768948 1.6880832 1.7397001 4.395255 -11.332928 2.271738 22.520605 1.5138297 59.74069562029113 
Car -1 -1 0 354.7264145066183 187.79721450000042 523.5671699065276 260.72631121141757 1.4016101 1.5888481 3.9205046 -3.9395385 1.7790304 16.415924 0.64007163 85.40726962111003 
Car -1 -1 0 413.1623250349029 184.6073813162602 541.9517958614355 235.2913524264283 1.4085329 1.5686395 3.7761366 -4.111376 1.7988117 22.373276 0.49407053 16.431304398639536 
Car -1 -1 0 638.3424102835547 169.31877287094946 675.6213603722031 207.73541825418002 1.8215454 1.6216472 3.5872102 2.3201764 1.6539205 36.006367 1.5699658 49.768213003145384 
Car -1 -1 0 234.9745021891677 196.67303502076874 467.02209145333285 324.6686519839182 1.4095851 1.5984651 3.9805162 -3.9344752 1.8246925 10.623475 0.7608034 71.96522882541365 
Car -1 -1 0 475.8117902041727 178.1759794265905 562.0604131205296 211.93912122100647 1.4480859 1.577772 3.6248856 -4.142702 1.7054436 33.18772 -0.62884575 11.930618283172397 
Car -1 -1 0 363.2209632724369 185.89404368598582 498.36540335503156 242.8798001959913 1.4193243 1.554176 3.6412697 -5.0514994 1.8148623 20.293114 0.53179675 4.223938950436086 

