Car -1 -1 0 0.0 175.41774543337186 383.94230786269645 375.0 1.6612179 1.6249511 3.9674718 -3.4492147 1.6918305 6.609352 1.5420957 109.09292442070544 
Car -1 -1 0 708.8377281003189 166.32981850092872 874.7576958864657 232.68209096638054 1.5248351 1.5865282 3.5879805 4.3674636 1.3749034 17.563276 -0.107806526 104.24754558348071 
Car -1 -1 0 484.6126364616881 170.29646090434454 540.908234729947 222.54573218562732 1.7524729 1.5817741 3.9059894 -3.4337866 1.6666913 26.167198 1.553506 38.21707455776875 
Car -1 -1 0 401.4500492845191 165.81393572232173 502.6932334550081 253.8485305432324 1.8306537 1.6140809 3.8691292 -3.5640404 1.6842575 16.956312 1.5484085 95.11642342366046 
Car -1 -1 0 500.29260861775543 177.46911667645503 561.2564097777574 209.96305083493442 1.4605024 1.5373172 3.6484382 -3.755507 1.6967854 34.966434 1.8990213 17.209497172809545 
Car -1 -1 0 676.5872272220001 171.74491476424598 815.9840604983547 222.24186260925435 1.5043006 1.6178112 3.9951034 4.1575747 1.4712609 22.336119 -0.016402313 11.03932179691877 
Car -1 -1 0 454.256555671595 177.01285674111742 522.697861509026 233.17692016622055 1.5562949 1.5356002 3.0040512 -3.574716 1.6902053 21.724842 1.5784616 11.823302844039482 
Car -1 -1 0 696.0994282544877 169.3811201360609 836.4461979040883 226.3400933288418 1.5187966 1.5783591 3.5438328 4.2854214 1.426193 20.066984 -0.021655934 11.761889262682118 
Car -1 -1 0 655.5238876929195 173.4470765830501 757.8294013763463 210.80942686713706 1.5204036 1.6247475 4.021116 4.034247 1.5461074 30.331589 -0.0642965 9.142671294330896 
Car -1 -1 0 865.0683012660786 142.23082779350446 1242.0 335.5604738839328 1.7309716 1.6412642 3.6684825 4.7906656 1.4567878 7.5170307 -0.13308349 27.315300005303985 
Car -1 -1 0 648.1486151997619 170.240736558261 739.8435212139857 206.78646481841935 1.6135273 1.6397966 3.8923438 3.8033752 1.4981492 32.848907 -0.0904606 5.681784544807506 

