Car -1 -1 0 299.66294094241624 188.71886744247834 430.27219977888 265.2858319539741 1.4530495 1.6618233 4.1831517 -5.460665 1.8658962 16.670925 1.5537453 102.21177570408054 
Car -1 -1 0 463.2211228460541 181.5773737372291 509.99565917847184 217.8824173319044 1.4705539 1.5846165 3.8248308 -5.4077926 1.8822211 32.10556 1.5277375 30.608531657599517 
Car -1 -1 0 395.8490869922526 185.1402519084861 477.55709045729475 239.44147238439365 1.4836476 1.5587168 3.6950028 -5.270139 1.8974116 22.429731 1.6000351 79.11412913470343 
Car -1 -1 0 735.3332707284818 177.60021682001187 880.3466590323703 232.64004475480854 1.4899573 1.5922209 3.7040963 5.666419 1.6338841 20.799551 -0.15984955 58.764031359363464 
Car -1 -1 0 822.2003543381643 174.76733037676232 1242.0 353.3121711723242 1.5411253 1.6558257 4.100585 4.4081597 1.5634156 7.328529 0.12518059 102.49932443677442 
Car -1 -1 0 709.221505728273 172.90524369984755 829.1144967253788 224.86785662159895 1.6172886 1.5979806 3.4898045 5.1035833 1.6190087 23.340134 -0.047650337 32.10186814663265 
Car -1 -1 0 482.3133403748961 179.49706659341996 523.9822749317589 209.722458197838 1.477737 1.5941026 3.8665366 -5.558943 1.8461099 38.07019 1.5802479 18.61462682695344 
Car -1 -1 0 660.7597145313613 172.6299492106319 733.0485831450934 198.8034606546763 1.4998571 1.6545335 4.132177 5.0808516 1.4870178 42.332455 0.07771628 14.908149298424739 
Car -1 -1 0 666.3488705124712 176.40715804792316 764.793230805934 211.8809358998376 1.4600406 1.6156957 3.95716 4.4522467 1.6151984 30.684975 0.007601369 21.17480760635903 
Car -1 -1 0 826.3143580872171 156.26519240859972 1228.7063738407094 309.70046640333044 1.8197507 1.7350607 4.324319 5.2846785 1.6230065 9.648518 0.105815426 34.71370299828381 
Car -1 -1 0 777.3521858610333 166.49807216446095 1033.0674517132907 264.8562337101035 1.6118975 1.6232568 3.8632293 5.0599995 1.5077362 12.748555 0.05892075 1.7794612451053369 
Car -1 -1 0 43.473861123021265 122.40708478867829 181.6445947999717 168.2395902021553 1.5317191 1.6289276 4.034371 -17.95402 -0.17931598 26.255857 -0.57705945 0.9540851736615167 
Car -1 -1 0 646.9681216385208 172.53121247481118 710.7988894145817 195.2087901537857 1.5237808 1.6569834 4.187359 4.7055244 1.5020914 49.342644 -0.015170765 0.8307552259061091 
Car -1 -1 0 137.23002173806267 207.25519839940145 264.0653571543713 262.2948978282838 1.433037 1.5773624 4.1600227 -13.182313 2.6584616 23.574326 1.6375394 0.8352875848306005 

