Car -1 -1 0 682.2924514806044 170.26351081071 786.2735465204 242.95970434204943 1.5087852 1.6234343 3.7586064 2.7871733 1.4550204 16.890657 1.5237712 91.97007885616486 
Car -1 -1 0 753.6265099364546 174.00093211442024 997.1552781009511 329.691798080048 1.4865999 1.5739985 3.540156 2.9097552 1.5032692 8.701279 1.5508313 80.84147091855695 
Car -1 -1 0 643.1574586237991 174.4689215669434 702.9216428010926 217.53408380968483 1.4375253 1.5723135 4.0756884 2.233985 1.5011113 26.325672 1.5063306 50.38242002293883 
Car -1 -1 0 131.2261809175735 194.3253399167362 227.84047300804562 234.3108565497213 1.496724 1.6942227 4.2948556 -18.618464 2.4977517 31.482115 1.5591875 33.402601545881375 
Car -1 -1 0 220.3368227965588 191.02595113102373 285.7745474962892 223.56280119922536 1.5226562 1.5960612 3.7216868 -18.549583 2.5194526 37.714165 1.5658567 18.74706925862129 
Car -1 -1 0 280.3514595629641 188.33865601957265 335.50860660917454 215.87042783183537 1.5282001 1.6283888 3.955315 -18.447296 2.5220392 44.3067 1.6034379 17.162782602731653 
Car -1 -1 0 635.4948385597089 176.96158552289842 679.7118715226061 212.33024494470362 1.4510453 1.5575252 4.0714808 2.078809 1.6457726 32.143425 1.5349114 17.07067468155816 
Car -1 -1 0 333.5517180742359 185.0370522417194 373.56938043207623 207.92235923546136 1.5523336 1.633434 3.6761866 -18.662476 2.4740067 52.744484 1.5667882 8.195064926785161 
Car -1 -1 0 381.70968708212575 178.62494391127643 420.762014443974 204.6229171714183 1.7683415 1.6696966 3.8980105 -14.93112 2.1990345 51.89697 1.5748202 25.431165073658722 
Car -1 -1 0 623.2036195837779 174.75299006757868 652.6016304006666 200.73372203103696 1.4601388 1.5642855 3.6904256 1.6388197 1.5773215 42.673183 1.5626779 5.9401973431579895 
Car -1 -1 0 705.2460453813109 157.7015760189568 740.4966698905918 182.30237396427597 1.5161177 1.6069796 4.0177283 7.2509613 0.5822917 46.483353 1.562008 3.0159280524752354 
Car -1 -1 0 0.0 201.3509862926947 125.68964498483628 254.92530577884264 1.5050905 1.6277896 3.9659214 -18.62072 2.5508726 24.452614 1.6281767 4.8272245373251215 
Car -1 -1 0 600.906547322946 173.2947413822467 624.5076060991963 193.21524929001222 1.5221658 1.5386114 3.6843405 0.22027001 1.5582185 57.120354 1.4837915 1.5135268560589892 

