Car -1 -1 0 691.166018070995 185.50934599654823 795.65810314733 259.2400508085403 1.4606448 1.5896003 4.098721 3.0221856 1.7966094 17.080494 1.5379592 106.14774115072771 
Car -1 -1 0 348.13501010597014 175.4472896815515 426.01277277299465 219.3968906104452 1.5611233 1.6777653 3.9770327 -8.49108 1.6685655 27.880579 1.601594 75.91334944515496 
Car -1 -1 0 748.8579121355776 180.55891437833486 970.7713808706835 317.2149347878896 1.6334811 1.6551423 4.155058 3.5093465 1.7738477 11.005396 1.4871047 107.38505515768745 
Car -1 -1 0 679.9450723543519 182.0627403189786 741.9896604826463 234.80619273275155 1.4946675 1.5509293 3.287548 3.1170087 1.8053707 22.68565 1.5909444 52.998906273615766 
Car -1 -1 0 41.87085386033016 178.22264133026366 261.7712741631745 269.32876988157284 1.4925795 1.686267 4.1376467 -8.651458 1.6131485 14.134549 1.5696808 94.66718005043701 
Car -1 -1 0 408.4180901583098 177.7437798810462 466.7976327696836 212.9331433260916 1.5031867 1.5825442 3.9170651 -7.8762474 1.7429035 33.374954 1.623896 22.930287007438665 
Car -1 -1 0 647.5073469787023 179.9356428454573 695.5521972334723 216.32124447786506 1.4924774 1.6319857 3.7632425 2.7103012 1.8280499 32.267918 1.5165923 6.99892342114357 
Car -1 -1 0 0.0 162.5901543364337 128.61495513838778 217.5711642649192 1.5272782 1.6273556 3.8975194 -16.430248 1.242166 20.953373 0.05012277 6.372425317729371 
Car -1 -1 0 660.727520857107 181.01418137278685 716.681406811603 225.35383936740934 1.5277092 1.5521667 3.5343657 2.9312534 1.8572518 27.332054 1.5165033 5.5546268904946485 
Car -1 -1 0 438.97157033020176 178.06565527224657 484.4378258936669 207.57512983625037 1.4862833 1.5850738 3.7545383 -7.91514 1.7810569 38.911285 1.5995046 6.487320639755903 
Car -1 -1 0 502.4257569770421 176.96500860764726 532.176607163664 196.45471679999142 1.526185 1.5520605 3.8700461 -7.552095 1.8758438 59.359764 1.68371 0.4151221215724945 
Car -1 -1 0 463.1137022949557 177.71675227893465 501.09161660434825 204.07146543339863 1.5108786 1.5514299 3.8654017 -7.7281957 1.820792 44.034805 1.5942254 1.0827470898938765 
Car -1 -1 0 182.5442294007697 144.44458163586097 281.1987994855392 175.25256128030247 1.5083265 1.6380104 4.1314726 -18.925068 0.117430866 36.247826 0.050428517 0.6484527635183621 
Car -1 -1 0 648.8682479836133 176.71805441106085 718.9543892393698 204.5456581490368 1.5801518 1.6228951 3.8361459 4.3223352 1.8116685 42.23919 -0.09631562 0.5343750777221339 
Car -1 -1 0 307.2188474595892 173.39463144102214 366.70192393587166 209.5266897558729 1.509491 1.5714759 3.7938683 -12.073356 1.5350715 32.17159 1.4656084 0.2524217665195465 

