Car -1 -1 0 1039.387554901178 177.77509317450173 1242.0 321.89941096283474 1.4821966 1.5840865 3.6557686 7.0235515 1.5608206 9.542 1.9011927 84.28025811600777 
Car -1 -1 0 0.0 189.19519216192535 229.61352462369592 288.0806989591687 1.4093623 1.561872 3.5527973 -8.691244 1.7422464 12.804056 1.7663596 56.64045753178958 
Car -1 -1 0 775.9218240572565 173.1525593355445 833.2072725520355 220.0473115713326 1.6493526 1.6084771 3.7945952 7.479619 1.6615694 27.464417 1.9698718 26.320569224674248 
Car -1 -1 0 1029.3272965028877 172.496058826548 1212.0902560991144 232.69706678096972 1.6083484 1.646485 3.9262912 14.414299 1.5987854 20.580217 0.26186258 11.52133111686932 
Car -1 -1 0 937.8532609839189 174.60859870275868 977.4663709352994 203.29783823355805 1.4632206 1.6096874 4.111284 18.888653 1.5641022 39.277737 1.9380095 6.419620005772771 
Car -1 -1 0 1019.1095352212874 170.96436477918286 1176.5448981285772 224.0860475017731 1.6065083 1.6444937 3.8954487 15.557744 1.5493617 23.21527 0.3208172 8.962841536247277 
Car -1 -1 0 908.4805578394581 171.40884935501484 937.8793117808583 190.63391821435917 1.545702 1.6282543 4.2135344 26.145061 1.4295111 60.256374 1.8277583 1.0213873452523599 
Car -1 -1 0 980.6243829220354 158.237664530097 1110.4523344228805 205.77304502622133 1.863136 1.7446424 4.274568 17.829557 1.2902527 29.722282 0.28708676 0.3481080234050751 
Car -1 -1 0 838.4749484634441 174.42088394504606 859.1613684556783 191.66718991710115 1.4929173 1.6225603 4.02073 21.525625 1.638773 65.008514 1.8542647 0.25766077637672424 

