Car -1 -1 0 296.4449621905626 197.99975263554163 425.4440252983295 278.9647559529753 1.4546676 1.5805668 3.770112 -5.3528895 2.0789704 16.025291 1.5662951 99.36376889587272 
Car -1 -1 0 114.08058194086567 207.33238372412757 332.7634082377348 335.026751395634 1.440532 1.5388463 3.5169854 -5.5599327 2.0467272 10.896141 1.5279171 118.79757480979563 
Car -1 -1 0 383.8296864495316 189.42580501401986 464.9379802198772 249.26482224784235 1.5248902 1.5653385 3.5681276 -5.3380065 2.0532 21.195383 1.5400591 61.03887299108743 
Car -1 -1 0 646.0042149333406 168.57983152271999 725.6770161902397 196.4229123620428 1.4761058 1.634765 4.077719 4.2094812 1.2495098 39.98005 0.5238175 65.24277753745781 
Car -1 -1 0 469.7973760868827 182.0366243768886 519.3999637658877 217.99944868041254 1.5567584 1.6213746 4.252902 -5.4190297 2.0226488 34.467514 1.5885403 20.112448188055737 
Car -1 -1 0 433.425020523577 187.40699918535063 493.56821985804044 235.43319197923392 1.5383469 1.6164995 4.2081976 -5.288437 2.1175923 26.567413 1.5066464 17.514293734351583 
Car -1 -1 0 599.3449766047345 175.44442622266016 626.1381847632414 199.92049425581334 1.5576019 1.6596521 4.0105042 0.17660195 1.7385627 48.375736 1.540873 5.121794661090676 
Car -1 -1 0 531.5897416654014 179.13330399614753 565.2702476168314 199.35589396216403 1.5286121 1.6240993 4.1359296 -4.964158 2.0539343 58.141792 1.2061458 0.33267849683761597 
Car -1 -1 0 677.7312536815797 168.98889666321134 751.4089275347282 195.5739132377483 1.4649212 1.6028583 3.8783514 6.006052 1.2519412 41.296307 0.43025512 0.8127645103442278 
Car -1 -1 0 391.7491574639699 178.84792394135226 429.29901043878215 200.6415378093587 1.4995561 1.5981826 4.02067 -14.506264 1.9547509 52.776546 1.5818173 0.2689606845378876 

