Car -1 -1 0 936.7515122644011 171.1101365399128 1164.0296805644189 237.42984089704888 1.4465996 1.6488929 4.205989 10.070466 1.4085615 16.741556 0.08647874 125.62385641564568 
Car -1 -1 0 317.524499709329 177.09475426462302 678.8955107687148 309.7853856975259 1.4437153 1.6732323 4.474583 -1.4580684 1.5096232 9.584265 -0.39295283 149.49442344102624 
Car -1 -1 0 701.2089467672124 169.37206196821035 901.7847468361539 238.83335961758 1.5505308 1.7054651 4.448715 4.4909177 1.4728061 17.349335 0.18286398 160.79290435777793 
Car -1 -1 0 257.748123132408 179.13114453670127 369.3339926737336 224.6821176193691 1.4981049 1.5484589 3.2273867 -10.198021 1.7237077 24.964674 0.12385853 72.7625074610421 
Car -1 -1 0 1108.5148196764876 158.70482230499312 1170.331918046617 204.62614029135702 1.4892502 1.5334649 3.256761 18.418005 1.0303855 25.184673 2.140051 21.816253038623913 
Car -1 -1 0 665.7661686903392 168.81751399385908 757.4540700913362 209.967259063349 1.3881222 1.5894935 3.8108423 3.7858863 1.2519575 26.32347 2.2469976 55.80991600369889 
Car -1 -1 0 592.6704802036537 171.14342572719002 681.9954542842953 213.21437991597173 1.4424022 1.5222853 3.3606172 1.0687737 1.3837551 26.509342 2.2788436 41.17317236889308 
Car -1 -1 0 930.6151975825591 160.95797378233803 1020.4103331397087 204.05719126232626 1.4357301 1.5872773 3.844479 13.183535 1.0394471 25.908909 -0.7295704 19.358247818889268 
Car -1 -1 0 834.3297097485749 163.97295930215324 915.0878087414139 208.4698130655554 1.4313705 1.620476 3.582695 9.282441 1.1456859 25.120817 2.233961 7.630744876660221 
Car -1 -1 0 746.977955653366 170.11446461387658 830.184217184649 213.20632832797125 1.4248153 1.6256293 3.6877246 6.466488 1.3342335 25.827023 2.1986709 2.811910911040972 

