Car -1 -1 0 238.09158037228184 189.31190178424896 403.3086445975326 278.5867712374931 1.4703172 1.7082634 4.4837446 -5.736146 1.8633716 14.974009 1.551352 107.71883694656061 
Car -1 -1 0 392.31194867242874 183.55019006317858 464.7546046217659 231.38838942219832 1.4777822 1.6783674 4.0591497 -6.237851 1.8830705 25.275913 1.5277505 109.66561559975635 
Car -1 -1 0 828.6598652355967 163.56715571987175 1223.6511417454483 313.8067207745101 1.6410351 1.6496503 3.905927 4.886435 1.5395968 8.805872 -0.05171119 69.54038032095721 
Car -1 -1 0 781.2127605741351 175.763065617492 1068.2222143592971 276.4464287766159 1.48197 1.6061625 3.9063497 4.9076552 1.5321691 11.561376 -0.044708937 37.120659260103686 
Car -1 -1 0 693.6248004729089 171.3183531445682 891.3587595142618 243.6148486812381 1.5444893 1.6595186 4.129365 4.022154 1.5116827 16.393892 0.0736769 60.409783594882484 
Car -1 -1 0 471.34189520940186 178.39558415419168 505.64310635698814 207.43609336601057 1.5271451 1.6087015 3.9046278 -6.785818 1.855423 40.727825 1.4829283 6.032981074503937 
Car -1 -1 0 702.972660924547 164.27270093103837 869.9631341805666 235.76821067562867 1.7549274 1.6834202 3.9089787 4.4571185 1.5442909 18.596996 0.0228494 9.489742333476903 
Car -1 -1 0 435.13577591200306 181.35891095729647 492.33109195823204 220.79342160202012 1.5486281 1.6038496 3.8747802 -6.2163105 1.9386601 31.134151 1.5937896 4.984124568797817 
Car -1 -1 0 677.401898484345 174.06975958601205 779.0592879279316 211.63269016235606 1.4970269 1.6048905 3.8538442 4.872288 1.5490913 29.861458 -0.12598458 3.1586184375389745 
Car -1 -1 0 660.5159919430785 171.90428875045077 746.5344624254792 207.89798428284374 1.5734005 1.6018178 3.6142669 4.177397 1.5318854 32.411236 -0.038850754 2.0493405740496993 
Car -1 -1 0 620.9749558686045 171.6622517666374 679.24352200377 193.00096125158234 1.4939916 1.6463804 4.079432 2.8641279 1.4105532 51.399853 0.029343002 2.8005259070413073 
Car -1 -1 0 483.0929466378378 176.61790590156266 514.1886893810456 201.98609132204285 1.5551379 1.583492 3.8136096 -7.1443458 1.8091063 46.746593 1.5278921 0.2958010733127594 

