Car -1 -1 0 721.1479726046899 178.49219060976506 932.7208619927867 324.0303609130262 1.4934156 1.5937957 3.6572053 2.5628586 1.5811876 9.389603 1.5524989 96.61485347401586 
Car -1 -1 0 319.62423113535124 189.26891842283896 483.35005862563304 304.93866939517653 1.4550238 1.5934949 3.5988603 -3.0822234 1.755574 11.400606 1.5567446 100.3937357916598 
Car -1 -1 0 662.0601100312292 178.90476202926158 738.2436019318868 239.21565677352984 1.4743283 1.5533308 3.560261 2.3931603 1.6554688 19.800077 1.5437572 37.755676476043575 
Car -1 -1 0 689.8027525661242 177.12707136785787 808.3352626414002 267.0774588089802 1.4815315 1.5549525 3.4590259 2.5249076 1.5734947 13.789015 1.5576046 60.025221844625776 
Car -1 -1 0 0.0 199.99093681924572 279.4359754083043 321.6068787828741 1.4142355 1.6014042 3.9847322 -6.76469 1.8083535 9.6253395 -0.02678598 94.58049846995185 
Car -1 -1 0 644.6745563364755 175.1007930426909 702.9494649963893 223.36016528522484 1.5750812 1.6203794 3.477857 2.2003765 1.659942 25.483248 1.5319309 41.00262862794639 
Car -1 -1 0 79.56114301575668 180.00757076341068 356.4395407123229 286.76524334758744 1.7179234 1.6664047 3.9249237 -6.674497 1.8517005 12.611182 -0.025063643 89.20671663484015 
Car -1 -1 0 313.21759039619764 181.14177496892123 454.14159292661327 236.77975203328387 1.5560665 1.6114444 3.7279444 -6.6115227 1.813013 21.416796 -0.08055385 10.247168105770934 
Car -1 -1 0 637.0107646734016 177.63743270025128 687.7552168845141 217.33090488211928 1.519029 1.5343306 3.2862957 2.1224601 1.7275393 29.738682 1.467926 5.324137817432873 
Car -1 -1 0 361.28328976382545 181.7379059967828 478.74484466939776 222.74234262350862 1.5508233 1.6608927 4.203725 -7.416068 1.9119251 28.49022 -0.0035697308 4.514897419334114 
Car -1 -1 0 200.74267597544252 180.53334899032035 391.3015055529764 244.89385794436294 1.5301077 1.6362658 4.1002173 -7.8053913 1.733286 18.225271 -0.022969158 0.25777167081832886 

