Car -1 -1 0 660.6831353480362 188.24459514905215 730.9743397200299 242.077452646122 1.4534574 1.6314809 3.8920293 2.6054301 1.9769545 22.574436 1.5428882 89.86955490867659 
Car -1 -1 0 649.0393150637498 185.91743349821758 689.3231172320177 222.9349087765303 1.5766385 1.5969585 3.717904 2.7498107 2.2242208 33.906754 1.5739017 24.950894783362216 
Car -1 -1 0 347.24622349962135 195.73609269210172 485.5826518870317 253.6685653118628 1.4160882 1.5530136 3.4880314 -5.459218 2.116929 20.500061 -0.57438606 83.71971800447548 
Car -1 -1 0 397.1866725391738 192.86038911244856 511.5704677607192 239.30112498090938 1.5188029 1.6088066 3.8802536 -5.652817 2.2863004 26.253311 -0.35380396 13.446594999382825 
Car -1 -1 0 479.72160231052476 190.31518472973724 553.2880112692085 218.09531559751267 1.4636321 1.6169488 3.922746 -5.387813 2.5199564 41.91987 -0.56254876 22.608641979669578 
Car -1 -1 0 507.75598743473483 187.36721340187023 565.9309359078222 212.68042217218857 1.5547068 1.5888267 3.5032003 -4.80785 2.5498967 47.836716 -0.59539545 12.668514449990653 
Car -1 -1 0 659.6278820148511 187.63935498254006 708.0269466264795 229.74830870736517 1.4880978 1.5771476 3.475267 2.8716002 2.1071494 28.466633 1.578441 7.86184786923316 
Car -1 -1 0 376.00913952389703 190.57788871036306 499.7479257334377 243.55878465916294 1.5367477 1.5997016 3.6515446 -5.5777416 2.1508594 23.474905 -0.45864874 12.685277338427738 
Car -1 -1 0 516.8982782788165 185.874603001636 569.6147502154636 208.1433114666767 1.5471544 1.5855793 3.551663 -4.905814 2.5388737 53.433464 -0.47959366 2.8377888652113055 
Car -1 -1 0 642.8847517591574 186.19508711884302 670.9806356564994 212.44866938729487 1.5420041 1.5545049 3.4754455 2.9788299 2.4225593 45.8852 1.5696013 0.540151220376721 

