Car -1 -1 0 780.0005960711009 168.99323317791098 917.4217262018229 274.307084565127 1.6244023 1.6307471 3.8845398 4.167023 1.5648522 13.153887 1.6885393 119.46473957294454 
Car -1 -1 0 744.4563530362988 163.198780652825 812.7483162367384 212.38532708007062 1.4252763 1.6088431 3.9240754 5.27806 1.1454973 22.938951 1.668231 51.33489559985304 
Car -1 -1 0 268.21893514287177 143.73428725611868 353.711523165638 185.26291511318433 1.4551687 1.504396 3.3117237 -11.0914135 0.43480992 27.022781 1.7019322 56.850260939731854 
Car -1 -1 0 668.1054692028108 150.82843416505636 725.8024453432274 208.2826536313871 1.6682377 1.6700197 4.474017 2.7613447 1.0287044 23.25804 1.6680349 38.69475167769311 
Car -1 -1 0 399.44152029944837 145.18897095364534 460.3830154112372 174.8800426753333 1.4890924 1.5981729 4.0322123 -9.462826 0.10161165 38.31722 1.7590581 12.267543108106215 
Car -1 -1 0 330.91498191891253 144.13290036277576 406.39236420628026 180.48038056387284 1.4776193 1.6323642 4.0373187 -10.388221 0.31003198 31.417063 1.6621256 34.779570263823516 
Car -1 -1 0 766.6563416274889 168.93695547167073 859.5244617601033 232.84886234640038 1.4119091 1.5668457 3.768185 4.920843 1.3253757 17.889725 1.6657512 23.075989004577394 
Car -1 -1 0 721.250481469096 149.17730448704899 750.9907828470807 173.12808361220866 1.5537333 1.620055 3.7510352 8.509261 0.01778008 48.73902 1.6465976 9.946847690978407 
Car -1 -1 0 70.07825040396007 138.23452507505422 219.52080596036265 186.1337045280048 1.4811797 1.6193483 3.9935064 -15.019913 0.41064635 23.400919 0.14457752 14.559948197300418 
Car -1 -1 0 734.0607399191896 153.55983676734462 780.6480708669039 185.66377794469605 1.4612582 1.564915 3.6865587 7.0482407 0.58305573 34.702934 1.5941957 11.81402203163202 
Car -1 -1 0 0.0 130.0471083819263 127.47264774567587 192.66404082060652 1.6855991 1.6287123 3.6925838 -16.001987 0.5332708 20.510708 0.15373464 0.823282675639328 

