Car -1 -1 0 291.19275102430777 192.05702641449565 429.3510541284837 269.2087804099533 1.4545395 1.6975601 4.5274916 -5.655196 1.967165 16.996143 1.5689192 114.8273040693482 
Car -1 -1 0 412.58417350415755 186.7102884321039 476.6825211313945 232.16164316799552 1.5111523 1.641992 3.9807386 -6.136527 2.0730152 27.239101 1.5346162 93.40873973076519 
Car -1 -1 0 691.000404327938 180.68036600737653 860.9780231011762 243.65543449976363 1.4847715 1.6312563 4.0148067 4.094927 1.6937966 18.266098 0.09616713 59.33605436415277 
Car -1 -1 0 759.7788888186548 180.67420650925322 1004.9964737692018 267.65920921572376 1.4985051 1.6123924 3.9744606 4.9792857 1.6544298 13.488979 -0.0464217 26.97049554784255 
Car -1 -1 0 791.7256116691144 174.17466245417603 1091.1553043726728 293.65854069275815 1.6229553 1.6291614 3.7552657 4.8301234 1.6444931 10.79464 -0.08578496 74.66901255045656 
Car -1 -1 0 887.6977186386098 180.37218428827788 1242.0 331.34856207113995 1.5438735 1.597008 3.6615639 5.3615646 1.6402009 8.355843 -0.049950685 64.30633817684851 
Car -1 -1 0 659.2173439058295 178.71557623370126 740.9229817235206 213.13394671632514 1.5855823 1.6100243 3.6410728 4.2821646 1.8728294 34.453598 -0.055894505 14.309480126992312 
Car -1 -1 0 694.3095990241486 170.86392501842295 845.6744268693137 235.32595933857326 1.7707877 1.6863742 4.0204425 4.516949 1.7161198 20.755827 0.0461412 15.214871306033752 
Car -1 -1 0 478.67996370161677 184.2373545104368 509.8653717147344 212.8703198930068 1.5472457 1.5840602 3.8882182 -6.7633595 2.251091 42.60155 1.4733725 3.7280069563587914 
Car -1 -1 0 672.8890671483122 181.24017010727246 765.9980380873797 216.66987935036002 1.4794276 1.5887071 3.7447171 4.8299084 1.8635929 31.87096 -0.21905826 1.251679720277557 

