Car -1 -1 0 406.0481759092512 185.01675711656958 518.1747543221448 266.4747012520175 1.5021803 1.6731013 4.05278 -3.1004066 1.8051966 15.944356 1.5644631 119.69998123223992 
Car -1 -1 0 83.89352557040137 198.6347314269742 431.92242122218215 375.0 1.4283078 1.660898 4.206217 -3.0062344 1.7636132 7.23297 1.5075576 131.83896760257764 
Car -1 -1 0 802.8993605210587 195.07488302109005 1183.6835642916242 375.0 1.5090837 1.4841294 2.8224766 2.6946015 1.7304286 5.756877 1.5442379 88.15203598826177 
Car -1 -1 0 1047.1191712761477 210.8256804087644 1242.0 318.8620855816819 1.4949746 1.6149454 3.8100648 9.9814415 2.2454243 12.678202 0.4693708 69.08547293868865 
Car -1 -1 0 466.3909182652559 183.47887557354966 538.2671669857705 240.1798027877288 1.4761657 1.5772479 3.6958656 -3.0772424 1.8174138 21.325832 1.5701832 32.88607143842281 
Car -1 -1 0 959.0778091922592 206.9633663184876 1166.838724200898 285.41557509597857 1.445555 1.5892333 3.7393022 9.893143 2.2765596 16.085949 0.42355776 20.472713002383166 
Car -1 -1 0 619.2455262046013 180.4703344352345 640.3432752369816 197.16917850867543 1.5099788 1.5614672 3.689832 1.9588387 2.2584152 68.96033 1.7256498 3.677760004953223 
Car -1 -1 0 766.2001214885643 172.9433182782728 791.9540150025603 190.1702066590779 1.7714534 1.7035656 4.0183926 17.877079 1.7811419 76.243515 1.5502657 0.6432069705409118 
Car -1 -1 0 489.64239725809085 181.5091230495687 546.9777990845475 228.30700422401262 1.5145515 1.6254197 3.9479299 -3.2182133 1.8510988 26.071173 1.5566885 1.5814403350852058 

