Car -1 -1 0 957.4901348084423 169.50404444071842 1177.8128867932464 236.37352739842225 1.4601138 1.625706 4.0168743 10.46154 1.3869665 16.706787 0.07024257 87.36281946045385 
Car -1 -1 0 581.5986503933685 194.44929966526684 1242.0 375.0 1.4044241 1.5988222 3.9523904 1.8792046 1.5809209 4.904537 0.09991154 117.46202149606398 
Car -1 -1 0 592.317369133779 170.93119191570702 682.0870893501364 213.42193540525784 1.4586067 1.5381699 3.3877234 1.0668274 1.3926011 26.557743 2.2746177 63.62286175853198 
Car -1 -1 0 666.7247485161818 168.75407301464705 757.5501983772291 209.7298529205859 1.3824285 1.5815847 3.7399807 3.7983449 1.2441063 26.29422 2.2509756 50.30516306492284 
Car -1 -1 0 1107.5041401318415 158.7415694458247 1170.7390795328024 204.23578764358783 1.4747089 1.5289319 3.294198 18.40992 1.0172501 25.191456 2.1262953 20.875290619688887 
Car -1 -1 0 255.55300131404013 176.70552629907218 368.5256208994818 224.0777091656094 1.5647997 1.5657306 3.2692478 -10.254859 1.7033824 24.977858 0.12725839 60.52089482898179 
Car -1 -1 0 654.891956663025 178.36700859582982 1083.1712968064253 338.64464540353026 1.4528737 1.6059511 3.9161205 2.4609997 1.5183192 7.5866704 0.0916394 45.22885411443985 
Car -1 -1 0 735.8415036913386 170.6495064115124 1052.8952063362074 279.24091466429957 1.4534001 1.6124003 4.0181885 3.9722605 1.4238949 10.573297 0.05536989 31.464548885284685 
Car -1 -1 0 749.0563215464591 170.50198358115 827.4571641521416 213.38692757974846 1.4168468 1.5878558 3.602312 6.441249 1.3391399 25.776787 2.1607256 7.2249181246677985 
Car -1 -1 0 741.226365231909 166.9276696216293 923.7770641037293 234.82319474794662 1.5101336 1.622159 3.9900823 5.1687727 1.37832 17.199718 0.17786418 10.223866419327399 
Car -1 -1 0 937.5839033941095 158.8781032767396 1016.1633531944287 203.3964204050072 1.4794483 1.5640696 3.5858421 13.1862545 1.0149963 25.820177 2.3255994 11.252508397706535 

