Car -1 -1 0 725.4497723352158 174.42781413770916 808.6740445906008 232.80113585637548 1.4752518 1.5730462 3.3148317 4.2668734 1.5224614 19.984343 1.5679594 86.84117433496607 
Car -1 -1 0 370.800941495245 172.80736793552524 515.1568907036808 274.60044325729996 1.6239083 1.6266606 3.90137 -2.9258447 1.6231643 13.499701 1.6209207 107.02304859684212 
Car -1 -1 0 225.4168876706582 177.94703476366166 306.9726309836057 214.91284859794825 1.4792053 1.6206582 3.8974311 -14.824866 1.7146001 31.381733 1.5940431 39.58656383412423 
Car -1 -1 0 702.068426489575 174.24900680730912 771.5748448899722 219.67705288359568 1.417315 1.5742319 3.770146 4.239109 1.4684594 24.5411 1.5346148 26.06471472077491 
Car -1 -1 0 462.094369382785 165.27755568976005 540.641847183859 232.27596165858702 1.7595123 1.6655391 4.067878 -3.0359876 1.5605396 20.984911 1.5731406 90.02740340284562 
Car -1 -1 0 291.952028671331 174.08857911403783 363.8050371080697 206.25913697709765 1.5838399 1.615719 4.238196 -14.701283 1.652497 37.90971 1.7216204 18.62211379598731 
Car -1 -1 0 674.7363437066863 168.68821942889687 721.5624752501145 201.3944648913209 1.5010991 1.6763858 4.3219566 4.2637806 1.3099046 35.293602 1.5504122 10.059389873041917 
Car -1 -1 0 662.585579591676 167.66327557374146 695.7952236706271 190.87825928086633 1.584965 1.585077 3.4442806 4.967527 1.2305765 51.148056 1.9019277 7.375529213510324 
Car -1 -1 0 530.260630961745 171.29731903674056 572.1768671127542 206.2004384766154 1.5551944 1.6150198 3.8320808 -2.7000852 1.4858325 34.07772 1.5856614 4.313761924161697 
Car -1 -1 0 772.4682004567825 165.59775070217782 843.7291681395031 189.6452077090427 1.4716263 1.6241298 3.9818182 12.388258 1.0275671 45.136215 -0.086197935 6.519870042702779 
Car -1 -1 0 821.564918084158 170.8786849505967 897.9090662864777 206.70650423581398 1.4436576 1.5858113 3.940615 10.689779 1.3640635 31.116644 1.4654294 3.4236701948058226 
Car -1 -1 0 344.8856851612859 173.6560443876625 395.7817739542246 200.53441899128146 1.5499103 1.5785062 4.138164 -14.4602375 1.6009642 43.830685 1.610521 4.009735323897745 
Car -1 -1 0 499.9392673774208 165.09002872469324 563.9257700097077 216.194054567766 1.8251581 1.6711135 4.258539 -2.9177194 1.5478711 27.963932 1.6588905 5.760001752495563 
Car -1 -1 0 372.5047591344413 172.89525802493102 415.94579132874003 196.2419181811515 1.518107 1.5741313 3.725354 -14.523155 1.5210096 48.844784 1.6518736 1.8578496975383774 
Car -1 -1 0 685.698159399069 172.9035050142444 739.6960904450525 211.56039298620246 1.4931515 1.5690979 3.4759405 4.174364 1.4953072 29.647911 1.5230583 3.160916426393719 
Car -1 -1 0 559.9470859859133 168.85965465822252 585.746864124119 194.1197001792779 1.5787005 1.5931082 3.9573975 -2.360466 1.329062 47.095078 1.5424718 1.0096953087770566 
Car -1 -1 0 552.4170450319175 169.22285667268198 586.9622367943289 198.6865889956114 1.5640489 1.5953281 4.115773 -2.1826067 1.3712935 40.381153 1.5984291 1.0561838616331172 

