Car -1 -1 0 675.7587535935012 179.81585669353328 783.4044050571731 251.10274253164445 1.470657 1.5973921 4.1796346 2.7526302 1.6597778 17.452862 1.4892653 99.9770028561071 
Car -1 -1 0 745.4649880250136 180.4806436014686 942.1176444633275 314.1743448223456 1.5122666 1.6091706 3.850056 3.0858743 1.641798 10.318579 1.5847518 81.76788592866916 
Car -1 -1 0 320.3596114816405 175.73781027291005 507.0383382525807 240.59320472999406 1.5466592 1.6780114 4.3128643 -4.832828 1.6235677 18.268253 -0.063661665 77.76899151662018 
Car -1 -1 0 653.4267656304784 179.71035096808646 700.5444733822321 219.68981240494503 1.4976511 1.5585251 3.6700726 2.697076 1.795471 29.500984 1.5636947 27.039431514728644 
Car -1 -1 0 670.3593258930446 178.28054943151483 733.3775904484856 228.69288127157262 1.53852 1.6222548 3.8347602 3.0321662 1.736129 24.354431 1.5668668 35.356318490832486 
Car -1 -1 0 432.04726907198517 177.252836151322 543.8173713325964 218.33813276163346 1.5500653 1.6582732 4.233321 -4.721693 1.7298502 28.465746 -0.094053775 19.59400891901333 
Car -1 -1 0 389.86302697713535 169.80115525981674 531.3092342453408 225.15808737106252 1.7720793 1.7405945 4.3513308 -4.8655105 1.6743519 23.988506 -0.009408875 61.662583294039166 
Car -1 -1 0 635.9578040370069 178.9336832657026 668.165029379388 208.92750857908678 1.5415947 1.520128 3.6244543 2.294869 1.8909574 39.642563 1.560616 7.481301585976581 
Car -1 -1 0 477.53137263440817 171.80214608118519 559.8142244110287 206.87628697016555 1.6975632 1.6503236 3.7695901 -4.5058527 1.646654 36.015385 0.1476585 1.140130146812537 
Car -1 -1 0 636.4226061295489 176.20079850930185 662.8370399929762 200.19919751844355 1.584203 1.6245472 3.7207453 2.743252 1.8248006 50.010143 1.5709012 1.8351407797118475 

