Car -1 -1 0 741.0906618059732 174.7996660549334 1008.443776769781 365.1802160225551 1.5927508 1.6101046 3.8831968 2.5900435 1.6196856 8.032555 1.589201 114.06144898245405 
Car -1 -1 0 697.6494946955687 180.236720429071 824.391185567991 281.3646743987884 1.5083954 1.5714624 3.504564 2.5290258 1.6573123 12.78719 1.5898755 85.92343154791305 
Car -1 -1 0 274.56154511924274 188.34006519483995 356.81396949144965 231.17411316414166 1.4858603 1.6717951 3.9215379 -11.46309 2.138081 28.420563 1.5618421 47.486195174721495 
Car -1 -1 0 437.7472480322255 181.4548492265734 552.8393475159054 226.5570137737714 1.4809124 1.5853208 3.6632862 -3.9115572 1.7904745 25.012955 0.0914792 51.37237363067699 
Car -1 -1 0 628.5232456650559 178.62641807967856 662.0736039475656 206.98611606172804 1.4640081 1.604464 3.5198693 1.9281902 1.7961937 39.746567 1.5505334 16.37379658578912 
Car -1 -1 0 364.44383472665055 183.4768985245729 479.5480556614532 244.46346599340555 1.4501499 1.5905272 3.5699785 -5.1775227 1.7671667 19.669346 0.84566665 85.77294625707 
Car -1 -1 0 326.7115059351073 186.42000626210236 385.8476667917724 222.18579195680587 1.4821846 1.5174084 3.57149 -11.533947 2.1377616 33.06784 1.5509313 11.280523272642432 
Car -1 -1 0 644.8435845005599 176.77565775652195 697.5271309761996 218.5530908611966 1.544079 1.5815346 3.5869622 2.4009376 1.7109101 28.854156 1.5061928 9.13665460186552 
Car -1 -1 0 655.8628999205514 160.39204788823332 727.8126277790786 228.96503852944105 2.0158296 1.7920674 4.5484447 2.565744 1.6494874 23.491663 1.5634646 55.67100952302204 
Car -1 -1 0 495.67021096244537 179.78640873404547 566.7135913342448 207.29724780400318 1.4544834 1.579963 3.8230808 -4.4349556 1.8614753 40.677895 0.5582466 0.7970135479441425 

