Car -1 -1 0 181.17674253373067 200.4837340989258 373.18800351969526 306.7996829768953 1.4397693 1.5994418 3.844296 -5.5928307 1.9996104 12.695742 1.573437 97.14922686804458 
Car -1 -1 0 380.40479575351947 191.65826930846427 472.35296273942123 246.16221069843243 1.4323113 1.6444285 4.262059 -5.6083403 2.0781088 22.616852 1.6119025 69.54052825692442 
Car -1 -1 0 722.9558943422983 177.57112753235467 934.5260645124531 241.09271799615394 1.4230692 1.6896098 4.5356884 5.0911784 1.5413063 17.191526 0.021858426 132.4186532927097 
Car -1 -1 0 688.6671961111954 178.6983878470639 821.1397327753439 226.01705419544618 1.5072885 1.6363152 4.072551 4.771055 1.7089213 24.043507 -0.015560937 51.712180245175695 
Car -1 -1 0 651.6358236426055 179.78201956378535 752.91890207037 217.78206976882862 1.5006675 1.6418077 4.0583673 3.9518032 1.8173331 31.083061 0.66396093 1.8621760606765747 
Car -1 -1 0 659.2737078887958 179.0847375432948 731.949492982231 207.30137404480357 1.5165904 1.6082606 3.8190985 4.7289257 1.8690053 39.979534 -0.014208563 2.9512108627519757 
Car -1 -1 0 673.4169354689246 180.75799157951752 771.3349334506303 218.6249111204176 1.4610357 1.578537 3.6549444 4.5005116 1.7892927 29.086235 -0.050003637 1.3292178171968738 
Car -1 -1 0 639.7575571171292 178.48857964770968 665.7465559017005 202.37556725075822 1.5205591 1.5501195 3.595555 2.8757446 1.9140029 48.58141 1.5752187 0.9911624306030894 
Car -1 -1 0 457.25641868401686 186.87486990086964 543.4139217085784 223.4600276140656 1.4993074 1.5592616 3.4498775 -4.828012 2.146028 31.939646 0.3632884 0.2707918584346771 
Car -1 -1 0 494.66101368108383 183.99333676303402 525.5727506214806 207.3696308885602 1.4592202 1.6494074 3.5049555 -6.6450315 2.2350845 48.48972 1.5540786 0.26226335763931274 

