Car -1 -1 0 459.2720321664608 174.30266454513816 831.2766461664967 375.0 1.5463665 1.5850108 3.4638453 0.08727443 1.5634067 6.6208887 0.9409213 122.30741626028983 
Car -1 -1 0 310.95557800401315 181.5508345204804 522.3184375776383 314.82446226905626 1.4710749 1.5764761 3.707208 -2.8639789 1.617151 10.169075 0.915905 129.2011511553159 
Car -1 -1 0 259.9717829025821 180.10558652240405 393.83673674281164 228.94995802554368 1.4439027 1.593061 3.8027694 -9.204652 1.6987852 23.60586 -0.62191933 19.912644494693936 
Car -1 -1 0 239.9570889712481 174.1878074931924 360.0729451062553 222.41230292468086 1.612496 1.6221125 3.676404 -11.1159525 1.6638896 26.013607 -0.6820867 20.234785993863134 
Car -1 -1 0 304.102023276519 174.81929486712144 459.80891087730544 235.881407552732 1.5327872 1.6069844 3.8137193 -6.2686687 1.5926349 20.102499 -0.72959995 19.657019254932568 
Car -1 -1 0 296.3063003590971 178.32952636150065 498.32297123490895 249.21871257314717 1.483604 1.656509 4.420887 -5.032135 1.6323726 17.513803 -0.7290288 17.16331383019358 
Car -1 -1 0 176.96895152615764 173.6721024983851 233.71191965787975 209.03049182650534 1.5356272 1.5743566 3.785712 -18.734169 1.5756798 33.375965 0.8616679 9.374584957821352 
Car -1 -1 0 192.8441015956781 176.53872554629328 302.6614505541069 212.88987458213737 1.4726484 1.6240344 4.052536 -15.743534 1.6430088 31.485271 -0.6516076 7.181910811181842 
Car -1 -1 0 79.7898303672547 174.232053942564 109.2998302933988 196.2988781016084 1.5366722 1.6247633 3.722734 -37.467743 1.6406391 52.46426 0.91795063 3.41218379363099 
Car -1 -1 0 365.55435559330647 178.42135412701114 550.7433710244954 256.215228762075 1.4659752 1.5946623 3.6224043 -3.2066135 1.600723 15.659346 -0.7327123 9.643242382759324 
Car -1 -1 0 153.33196346191704 175.0810374253384 193.0449152910635 204.3380362143944 1.5017173 1.5652189 3.7953234 -23.821018 1.629305 39.33846 0.9498262 1.1905329077954692 
Car -1 -1 0 230.43455139466172 177.03505696119882 349.46626726696087 220.5489291125188 1.5263052 1.6241525 3.8601193 -12.136624 1.6963849 27.507214 -0.67892057 0.9155857066232085 

