Car -1 -1 0 663.0446669158382 187.49907980329291 738.6927677778164 245.11235293743195 1.4528348 1.6324106 3.8946013 2.577164 1.9223118 21.16281 1.5452521 80.06467707748108 
Car -1 -1 0 649.6724691092946 184.8057348621613 692.0452030078538 222.2282748905437 1.522896 1.599598 3.7903066 2.7031097 2.0922408 32.473576 1.5747819 28.57832386574426 
Car -1 -1 0 319.5694702962727 194.91588283709362 476.0160469289917 258.93541793628094 1.4406357 1.5784445 3.6626644 -5.5511594 2.0733962 19.036917 -0.5744393 93.40737394855255 
Car -1 -1 0 397.9308794247987 191.56402570906144 508.15827654405706 239.9201777276592 1.5174546 1.5758702 3.5895133 -5.426255 2.197894 24.94344 -0.3095281 16.92992961442697 
Car -1 -1 0 364.07227656626304 191.66611026521298 492.9331617888657 247.8106074863932 1.5285949 1.5902739 3.6046782 -5.540829 2.1424546 22.083998 -0.41971272 19.28662487050229 
Car -1 -1 0 472.3474331436827 190.33555325648607 550.7642977998302 219.10414872787774 1.4589127 1.6323253 4.04376 -5.47771 2.481975 40.47342 -0.5500736 28.822963956101674 
Car -1 -1 0 501.29697428123967 186.94334697755423 562.885230514641 212.4943896722399 1.5201733 1.5909777 3.5983758 -4.9637136 2.4566784 46.338295 -0.55272156 14.571088228537901 
Car -1 -1 0 638.7572973315506 186.76288163796576 669.8701652579988 213.71669385691087 1.5330758 1.5384109 3.379402 2.7278943 2.4252052 44.55175 1.5173119 5.901667500493219 
Car -1 -1 0 513.4557183755219 185.62049454370668 570.5546359511854 208.799813444472 1.563705 1.6091596 3.769553 -4.863427 2.5121498 52.01525 -0.4838816 5.591347057889921 
Car -1 -1 0 663.230664182335 187.63727915696228 714.4649834191486 233.14103966701964 1.5182294 1.6105739 3.6664743 2.9155393 2.1120503 27.13042 1.5955606 4.417077372776931 

