Car -1 -1 0 611.2968924483661 184.33002103603903 659.7839275340599 225.0711302873167 1.4430103 1.6665113 3.5387578 0.9627904 1.922683 28.363201 1.5383055 54.282088663462 
Car -1 -1 0 834.012812115478 183.4578111155999 1242.0 325.52059302501925 1.4981966 1.6294943 4.0003524 4.9121356 1.6357757 8.546323 0.0002601361 111.95129693265045 
Car -1 -1 0 730.758577492984 184.594653483821 974.4601126272144 266.87334684936667 1.4504482 1.6267848 4.135436 4.5551205 1.6910899 13.883494 -0.044944406 36.85282077136597 
Car -1 -1 0 785.7155141383225 186.15957315085888 1072.254757064471 287.90971505454326 1.4538925 1.5814903 3.8024151 4.864949 1.6778777 11.334318 -0.01120957 23.01199060070124 
Car -1 -1 0 482.12573619551443 181.67181671509454 526.1375120451502 218.50829953559284 1.5519923 1.5871255 3.709525 -4.7903314 1.9803863 33.176544 1.5407407 7.842052686509896 
Car -1 -1 0 694.0657677264542 172.27523544375882 847.217513021878 234.94399371912877 1.7384518 1.6870166 4.0462937 4.667263 1.7223966 21.156492 -0.15236416 21.232684787804246 
Car -1 -1 0 600.5628946702973 182.14935009992018 638.1631283207574 214.43107209504765 1.4433498 1.5705359 3.8369617 0.43161076 1.924028 35.35098 1.5125108 7.289765188390975 
Car -1 -1 0 709.6147082537558 179.1190837611648 878.9132660564998 242.33543846167834 1.5487893 1.6321514 3.9590468 4.69831 1.7186899 18.707537 -0.022094352 15.229152123028273 
Car -1 -1 0 414.939988846991 184.1597311781616 492.6615486871064 237.9438325533805 1.4806278 1.6269224 3.7731225 -4.7655115 1.8635266 22.547245 1.5670853 35.221776032986185 
Car -1 -1 0 531.0373350833364 181.52035923849684 556.9077867349683 200.22753685859425 1.4907086 1.5391803 3.795657 -5.536551 2.2501197 61.268677 1.6583834 0.8187623061414692 

