Car -1 -1 0 426.10619370005514 166.17631289568052 526.6202331932631 243.61007229925468 1.6227717 1.6464608 4.0632453 -3.0250802 1.482828 17.154314 1.5689752 111.67991725955302 
Car -1 -1 0 680.0835141468523 174.88281624753623 743.4047678080645 215.797526216598 1.430836 1.5550267 3.3921337 3.7796538 1.5122569 27.182964 1.4559342 67.56758177332698 
Car -1 -1 0 479.72161415274724 173.15990668764977 542.9228140649388 221.59075797683096 1.4667988 1.5857316 3.5947852 -3.144375 1.4775975 23.673288 1.5703344 27.020632638678702 
Car -1 -1 0 0.0 172.15256296919688 126.9641484365716 232.92386531973423 1.4524413 1.6636485 4.2630415 -15.164868 1.4356768 19.413336 1.5234535 48.77483176457726 
Car -1 -1 0 221.68616232648588 146.87010447019514 454.07867751054306 333.20792115852515 1.845097 1.6029336 3.808983 -3.1062927 1.5878072 9.075939 1.5358238 127.65372841193796 
Car -1 -1 0 909.1221139359078 182.41510545207004 1013.6008722128987 217.77497408310626 1.5608208 1.6450951 4.0026727 16.10722 2.0113654 33.15405 -0.012114665 13.24871251834067 
Car -1 -1 0 83.70540308308465 170.18202866299586 202.68097215438848 217.7609353934304 1.4896613 1.5539744 3.6838999 -15.660902 1.4060037 24.460787 1.6085435 30.22610750873725 
Car -1 -1 0 539.9331462577106 169.4558714040552 565.9890441435459 193.83473570066252 1.5567191 1.6608138 3.9442675 -3.7486043 1.3397304 48.09699 1.5042337 9.161009970506115 
Car -1 -1 0 673.1540461652669 172.64105722347705 721.2464089737905 208.45655076394297 1.4838059 1.5745742 3.6156178 3.7937698 1.4749837 31.723068 1.5411313 11.529954811804972 
Car -1 -1 0 0.0 202.4354907751426 231.87307017295348 318.9465851678458 1.3999466 1.5946199 4.184814 -8.434687 1.9816434 11.987815 1.74914 1.4078991043416111 
Car -1 -1 0 566.6834367763537 167.2840927828717 591.9663073640547 180.7560514276214 1.4561706 1.6707041 4.2013655 -3.392622 0.8541244 80.248726 1.2369044 0.9433920815979151 

