Car -1 -1 0 739.3282457886226 185.07122628765504 867.5007360518784 277.4391601430829 1.4667736 1.5949659 3.900672 3.5763924 1.7368839 13.967649 1.6166053 91.156215733665 
Car -1 -1 0 682.1805476449256 180.65737384060566 753.1375525663638 225.91346204196054 1.4716704 1.593612 4.2533073 3.8564787 1.7810134 26.411383 1.4769201 34.43564781064012 
Car -1 -1 0 718.3923928305996 181.12998832886458 803.0274421988399 246.0152127543292 1.5071216 1.6196471 3.8978195 3.916612 1.7507309 19.252596 1.6199764 53.073837370047634 
Car -1 -1 0 801.2115736647388 184.19444120821032 1124.5836194561932 372.29582918036823 1.4903822 1.6169499 4.1998105 3.485182 1.6506158 8.083236 1.5856242 76.4935921143629 
Car -1 -1 0 0.0 181.0245330440748 410.84436446452463 353.7883072895898 1.509011 1.6298006 4.0075035 -4.221362 1.6003656 7.224757 0.013938344 116.78351461604598 
Car -1 -1 0 250.7749124980699 183.2653939479683 517.450186095315 276.6625058000309 1.4641273 1.6252053 4.100842 -3.787785 1.6586262 12.503926 0.080765784 40.226096123072764 
Car -1 -1 0 112.51657521502855 169.29820070375317 469.94633220185455 306.6985143742364 1.6879356 1.6794395 4.088254 -4.099645 1.6442533 9.74213 0.01889065 90.67357508301572 
Car -1 -1 0 488.92295654457513 172.96508295815283 587.5627164604292 211.7876184756339 1.7389637 1.7357144 4.349299 -3.227725 1.7442188 33.2302 0.017344778 29.895819589161587 
Car -1 -1 0 310.17504999904475 183.4132601806321 520.0099472952729 259.1785778413471 1.4477074 1.6049652 3.954891 -4.0236487 1.6861086 15.191853 0.15527073 13.586158736309942 
Car -1 -1 0 452.8500662181264 177.30229709503752 566.9354357963472 218.55951314573943 1.5135194 1.6485374 4.132271 -3.7315068 1.688271 27.498928 -0.010906175 29.7476108902499 
Car -1 -1 0 514.1719685498838 178.8226405483155 592.8409560249943 209.5079448561221 1.5515928 1.6244376 4.0138006 -2.8857694 1.8706015 37.693714 -0.029304698 9.282640924621777 
Car -1 -1 0 676.9606482710385 181.25166202496445 712.1575057812079 211.46288569051825 1.4905913 1.5480773 3.6260078 4.4852996 1.9594926 38.45418 1.5994374 11.969100429421175 
Car -1 -1 0 533.9702274407172 175.80029348488415 605.0870979833721 203.65278233567574 1.6934693 1.6920173 4.195341 -2.4863834 1.8830619 45.273033 0.15393767 8.10403751300746 

