Car -1 -1 0 323.3116350822226 180.35780800820444 408.10471437447086 215.64504537691363 1.4074452 1.5747979 3.8009772 -10.599348 1.7509844 31.279175 0.6284808 34.710295158156946 
Car -1 -1 0 234.22874311635942 188.25051939278208 382.3484047386124 243.4595242468127 1.4272609 1.5512888 3.5890794 -8.450274 1.884608 20.34616 0.1814955 31.026044321598775 
Car -1 -1 0 378.80496295889776 173.88129829809915 498.74195888474884 243.0275891552646 1.6982062 1.8072253 4.442732 -4.585622 1.7301335 20.107134 1.6972377 93.06491284714919 
Car -1 -1 0 496.50273397517776 178.9299503434862 534.7254110383998 207.60119757228284 1.5312843 1.545651 3.7084892 -5.319145 1.8943064 41.222977 1.6156561 11.625825272390566 
Car -1 -1 0 98.01192386719535 186.33104047876932 308.76660672433894 265.7550940410302 1.5275636 1.5779151 3.554897 -8.393995 1.8261943 15.085871 0.06474909 29.268884554055607 
Car -1 -1 0 171.31220721743418 190.44150906647752 352.479089224524 254.7168511736924 1.434622 1.5660299 3.6569576 -8.342569 1.8826985 17.488337 0.06169644 13.938028328299108 
Car -1 -1 0 0.0 180.5772916628949 191.5205142719697 300.632550935261 1.6360995 1.588445 3.4520438 -8.412577 1.7598828 10.750984 0.011086011 42.0035070628993 
Car -1 -1 0 255.30583475472156 188.429582104196 394.12372455999514 236.04689576574089 1.4170328 1.5826164 3.8136156 -9.029661 1.93444 23.028166 0.07974486 10.245271408362997 
Car -1 -1 0 0.0 182.64500437160646 256.71996609171873 283.33952778410423 1.6533152 1.6125884 3.6776443 -8.527798 1.839849 12.880876 0.03245704 20.52511184834338 

