Car -1 -1 0 410.3777488293672 173.32978157167247 509.5003632218849 231.11844899734794 1.6649256 1.834591 4.4969573 -4.6551304 1.6817336 23.158222 1.6752992 85.91544589018059 
Car -1 -1 0 285.50324376250745 185.0649432116869 412.7054923824294 232.71419415905004 1.4336718 1.5520153 3.5589857 -8.369709 1.8458761 23.303295 0.16246825 28.774112268743703 
Car -1 -1 0 0.0 194.76112133783508 199.3658438672637 296.2154629806314 1.4091444 1.5833293 3.8627481 -8.7961235 1.7806355 11.3252 0.06226669 14.657507644961935 
Car -1 -1 0 185.30739427605383 184.42899967977698 363.43177812109684 247.1570550334648 1.4769464 1.6046456 3.7518187 -8.35676 1.7826397 18.183212 0.03770049 22.54846026823475 
Car -1 -1 0 352.7710996150202 177.91871239079268 428.4205207731021 210.39606026335647 1.4410923 1.5743463 3.7577271 -10.45225 1.6946869 34.349506 0.66474295 10.946702757138448 
Car -1 -1 0 298.7397828092677 185.3794016673131 419.8269615203919 226.83877818528566 1.4097401 1.5813663 3.824506 -8.997155 1.8793502 26.085474 0.09410525 8.698740092584282 
Car -1 -1 0 107.33127699065518 174.5732564671655 311.95320502463386 258.8031256102417 1.7428819 1.6460328 3.624786 -8.709036 1.7829695 15.89596 0.058764063 6.486421391109765 
Car -1 -1 0 36.38100093062302 180.19391005563247 276.6815027904151 271.8134664677417 1.6234581 1.604497 3.5871031 -8.50898 1.7719002 13.755857 0.01917969 31.74596409338547 
Car -1 -1 0 236.6312315746234 186.13631041787738 392.84671999468577 239.986441402243 1.4233427 1.5731863 3.80966 -8.306408 1.8180807 20.492062 0.08822919 6.169809298197607 
Car -1 -1 0 346.1731738146876 158.91656099432976 399.5833499248849 179.04379270480476 1.5810785 1.624245 3.71445 -18.866476 0.4862339 57.59536 0.056411214 7.250026003942561 

