Car -1 -1 0 620.3674497877554 165.8711085811981 731.6019683627471 205.1247552905477 1.5442189 1.6923751 4.388591 2.6943145 1.2695153 29.43013 0.09247281 86.29439551209975 
Car -1 -1 0 877.7824558090322 154.87018354654646 1003.614343996965 194.84750497686125 1.5571842 1.6860896 4.2891603 13.235903 0.856684 28.9922 -0.020621773 97.38996618333562 
Car -1 -1 0 753.9732053389149 162.69388637878083 874.0538781271305 199.66187799321474 1.4606247 1.6837853 4.4170084 8.251695 1.0591931 29.375702 0.011561293 64.33499728307984 
Car -1 -1 0 550.6322977712764 167.89143013904288 612.7376232603478 196.86672615721514 1.4659295 1.5357473 3.3521457 -1.4416006 1.214861 38.308372 2.2078872 40.93795791378046 
Car -1 -1 0 599.5128323849949 165.50428346615058 665.6484047071361 193.92363962561893 1.4281244 1.6203675 4.017125 1.2797999 1.0587876 38.375885 2.1662426 33.868135344629096 
Car -1 -1 0 310.74842813332424 181.65247691661617 396.80780047038473 211.9116596279931 1.4380138 1.5861495 3.6936383 -12.636401 1.8853364 35.756355 0.07391803 19.44456058857755 
Car -1 -1 0 711.8774456941642 157.27730767328597 777.3521277888048 188.33042326249526 1.5288756 1.706918 4.377245 7.1351295 0.76196927 37.805077 2.184523 17.69153326223931 
Car -1 -1 0 1127.9755464279242 147.017978800316 1242.0 187.47626531659375 1.5316262 1.6408385 4.008405 22.827593 0.5535538 28.183619 -0.02407139 47.34258037578836 
Car -1 -1 0 993.8453524215166 157.13895599267815 1115.5775346820037 194.2032062790958 1.4317594 1.5966837 3.8545082 17.624044 0.8247009 28.675013 -0.002234186 14.47156520043906 
Car -1 -1 0 880.1775503900901 154.0342548670302 932.3829928040063 182.28423078562656 1.4359707 1.6682299 4.1557035 16.018732 0.47934657 38.847984 2.198563 1.237108789371005 
Car -1 -1 0 920.0691509948725 153.11034124782105 1013.8762551376523 186.90477411749674 1.509023 1.5693207 3.6380098 16.4737 0.6274091 33.413494 0.2400726 0.3289189338684082 

