Car -1 -1 0 683.1804940421907 174.61806366299163 739.9922381886175 221.1687670031545 1.4318181 1.5692174 4.028126 3.3698733 1.4965066 24.403963 1.6270303 52.520281258008424 
Car -1 -1 0 138.31854491070126 202.2147121284976 367.29590126562704 280.48020884153925 1.4133389 1.6002162 3.9145074 -7.1651025 2.050191 14.697652 0.07946364 124.40141893635221 
Car -1 -1 0 721.6481239282026 158.12549098186275 827.1544439005921 250.0039030242095 1.7184482 1.6197392 3.7810557 3.384358 1.4429734 15.434398 1.6357595 127.27107442407402 
Car -1 -1 0 612.8474161081381 174.20991312675244 646.5734579449547 206.2561041422499 1.5565286 1.6282096 3.693831 1.0780375 1.6297908 37.09601 1.6273415 19.759852106964995 
Car -1 -1 0 306.77864268782776 185.926440887393 466.3333982302637 244.117694301039 1.6502763 1.7113221 4.326333 -6.734187 2.0685306 22.014677 0.10177637 96.11431165938053 
Car -1 -1 0 673.8153215344025 172.80335158750728 724.347096754451 213.49567590629377 1.5968461 1.664678 4.021232 3.6928177 1.5948584 30.333591 1.5810506 19.002631432907688 
Car -1 -1 0 372.60007443240386 186.08300012009235 485.5654443104464 227.8676416968507 1.4848857 1.5945264 3.8195236 -6.746374 2.000354 27.17531 0.07571339 10.70387114856442 
Car -1 -1 0 457.9230679195733 180.0632357050971 541.4541074512737 210.47868076103816 1.5532 1.6505935 4.1195116 -5.8865557 1.9536109 38.77005 0.24773534 7.3146853247656045 
Car -1 -1 0 433.1734558772364 182.66563045931397 526.4623477879809 215.4151785835979 1.5003859 1.6340688 4.1301675 -6.165098 1.9826719 34.5395 0.054024138 8.3981042180524 
Car -1 -1 0 419.76403102326316 183.6275037337383 508.7864608294483 218.9903716522531 1.4913073 1.5681646 3.561037 -6.4238195 1.985318 32.067215 0.13606302 11.298585730331101 
Car -1 -1 0 1008.9199575188069 143.4707189381214 1182.0883037308547 199.32009836222218 1.4199809 1.5575217 3.8060524 13.570375 0.6729054 20.399569 1.1397463 0.8267825988016549 

