Car -1 -1 0 699.6395030669426 179.95700636964358 770.3979699873004 237.62981349837102 1.5267274 1.5941085 3.6833115 3.634903 1.7561331 21.432533 1.6092929 69.5742950604492 
Car -1 -1 0 741.0543411121921 180.61964625211957 963.5992435094277 327.65186574262157 1.4844613 1.678671 3.498654 2.8326964 1.602581 9.222438 1.574652 73.04525928070352 
Car -1 -1 0 677.4506349538417 176.7159745290475 719.095143777146 211.70534168519524 1.5782316 1.6260273 3.648571 4.224534 1.7742954 34.791348 1.5899965 44.699309878666774 
Car -1 -1 0 245.6230901024084 187.5057317885742 349.7201658662173 248.78743426373825 1.7620822 1.6436012 3.9089801 -10.090438 2.2827601 23.666298 1.5964955 58.706749697569045 
Car -1 -1 0 280.37850644785453 192.36090169878798 504.17497874570046 320.064702594826 1.4405205 1.6685054 4.284391 -3.4718242 1.7957741 10.971109 0.8620537 130.41450656749683 
Car -1 -1 0 386.9731247510014 189.19618938650504 530.1803105259701 257.2723675176524 1.4096519 1.5482992 3.5495853 -3.719944 1.8456781 17.51334 0.70300066 49.92732682813845 
Car -1 -1 0 495.93182295170186 182.96825601815215 591.3700183618578 222.14819154641546 1.4258881 1.5779808 3.7373328 -2.6775908 1.8562977 28.938103 0.6577493 19.130419541740896 
Car -1 -1 0 459.64546423875254 186.5467433756055 573.1454628340779 236.92998371049762 1.4173008 1.5723271 3.7225676 -3.0390804 1.8910167 23.128256 0.7383029 28.790066798001735 
Car -1 -1 0 544.4755690098149 177.3630080959735 609.5109272901765 202.29923282051527 1.5029819 1.6097518 3.8144207 -2.052449 1.7994308 45.766094 -0.54098535 8.70635694119382 
Car -1 -1 0 668.3084686585596 172.34686574735386 693.600864166858 201.06432391738187 1.847579 1.6220323 3.956828 4.7893066 1.8149515 48.468216 1.6668056 11.2159715396531 
Car -1 -1 0 376.587994071027 188.35966218318688 430.32101100567587 221.66472706979886 1.453382 1.5680678 3.8718219 -9.995567 2.2526603 35.24656 1.556499 3.0445683878981358 
Car -1 -1 0 515.1448654515548 181.43290837520337 598.5008592043146 213.7563289598759 1.4548857 1.5768276 3.753684 -2.5598764 1.8883421 34.88381 0.48500574 0.5423767543857476 

