Car -1 -1 0 766.9702948059677 179.85090342904888 900.2847164136004 274.573532824989 1.4373354 1.5453387 3.384603 3.859756 1.5797689 12.94702 1.6390846 114.5649408031059 
Car -1 -1 0 737.1541218247612 176.4160505018014 843.8983887594742 247.66740607202732 1.501744 1.6231482 4.226266 4.244436 1.5989109 17.55154 1.5932832 60.77349327249337 
Car -1 -1 0 399.2997999429175 182.85978347599575 466.13499183614107 203.70654730997336 1.4385228 1.6798494 4.5279827 -13.04387 2.2019424 53.273926 -0.4722502 27.20692259748885 
Car -1 -1 0 314.98060289852316 182.38577771033036 374.5866463735497 206.19102508785525 1.4892359 1.5195625 3.6317132 -17.804087 2.1576831 48.650276 2.1041043 28.627381220522636 
Car -1 -1 0 136.7246417577572 188.0853051366029 230.816224886295 219.65367242748616 1.4576336 1.6607869 4.181217 -22.151154 2.3014503 37.728054 1.8875391 24.33727131396506 
Car -1 -1 0 240.3389360838359 181.9447831230253 316.6192211424057 209.03420475916877 1.4965062 1.5969243 4.214678 -19.930622 2.0744913 43.623093 1.9728451 18.19532215830986 
Car -1 -1 0 686.3167456649503 175.37787388228097 733.7202410299935 211.99906617167838 1.5852947 1.5829532 3.9785497 4.601161 1.7095267 33.513397 1.5534474 8.141073978843135 
Car -1 -1 0 562.750157895483 177.02220657729384 617.059347232217 198.121049040976 1.4829937 1.5823268 3.7477574 -1.4578047 1.7991211 53.049934 0.566612 13.408520893717277 
Car -1 -1 0 0.4696820491998898 185.83037035186135 85.35502702159903 216.65105600589015 1.635035 1.5630682 3.5788214 -32.800667 2.423133 41.87073 1.9375043 13.787890988156255 
Car -1 -1 0 70.86047639371711 188.60797767939056 156.5527861170007 219.92836724511614 1.505161 1.6062473 3.7510505 -26.47069 2.392819 38.66563 1.7517146 2.953261665906053 
Car -1 -1 0 613.245234543837 174.28192440775265 632.208858714538 191.290929921013 1.550958 1.5926274 3.5467315 1.2161757 1.68889 67.89671 1.5343364 1.1882099189507185 
Car -1 -1 0 196.68423587367445 175.5216947417354 267.41318506217937 205.01106851208368 1.7560548 1.6339836 3.7613196 -23.677795 1.9314451 45.387966 1.9706178 0.316758930683136 
Car -1 -1 0 467.03085799160954 180.4511361197119 490.714411339726 198.14305388377522 1.5223522 1.6911262 3.8352468 -11.875347 2.2352848 65.743546 1.5075463 0.28065595030784607 
Car -1 -1 0 631.0574859412167 173.8298454534479 659.0320193455316 191.8811731082383 1.5238177 1.5871042 3.6108983 3.069496 1.6116935 63.046593 1.366618 0.2738800048828125 

