Car -1 -1 0 775.226269717872 183.17822143204273 1204.4027338898745 375.0 1.464427 1.6359005 4.2564015 3.0035698 1.5938394 6.8687663 1.5076236 99.43662341484658 
Car -1 -1 0 642.378791916396 181.3649079947163 708.6025105921123 233.75737021191068 1.4793417 1.6097806 4.095943 2.0202212 1.77656 23.122467 1.5354885 61.06396594951562 
Car -1 -1 0 690.4493602969209 184.2361774867531 843.1735919241816 290.74146057143224 1.4528372 1.6024678 3.7864945 2.458433 1.6753969 12.181429 1.5262423 102.06782607389698 
Car -1 -1 0 226.6281628370617 186.5138402992417 428.2265690495859 255.93341995950206 1.4458745 1.62169 4.018855 -6.3041496 1.7782338 16.49982 -0.12551105 122.01411948608016 
Car -1 -1 0 297.22858331035644 183.17719242361645 445.85667572344596 236.7385117156131 1.5576112 1.6474586 4.092718 -7.267088 1.8911107 22.334435 -0.0753597 31.802297511596446 
Car -1 -1 0 627.253619417923 180.3437660627985 676.8041529161399 221.73349822145022 1.4934812 1.5918549 3.8822799 1.6250174 1.8120801 28.720928 1.5302696 26.149100555508397 
Car -1 -1 0 334.7611615784743 186.59539652290223 469.0708035641677 232.84013464217676 1.4979016 1.6392827 4.1803293 -7.0634003 1.9886129 24.843143 -0.050103784 19.863681657857963 
Car -1 -1 0 519.1415676417968 179.5986297297134 546.3257397748426 202.09394073177924 1.5376688 1.6828961 4.1046815 -5.5665274 2.0492454 52.648186 1.5363615 4.847836018389295 
Car -1 -1 0 377.0386438027611 181.08951084929743 474.28103524721644 214.94208467978248 1.4914083 1.6387327 4.1842327 -8.434509 1.8845391 33.375504 -0.121996805 10.268335580822376 
Car -1 -1 0 612.6873482550812 179.51502720919956 658.7855493934347 214.71135073411182 1.5223467 1.5957222 3.7047808 1.1734753 1.852972 33.87784 1.4478201 15.560223221372272 
Car -1 -1 0 397.7609871068718 176.818529620499 481.5638964850154 210.90986290520596 1.646672 1.6514014 3.985446 -8.467947 1.8519897 36.24059 -0.15689725 14.77700207449463 
Car -1 -1 0 472.3011576479648 180.59666938336682 501.3663395478075 205.48778004181827 1.4913971 1.562893 3.6101508 -7.8312755 2.0078936 46.263523 1.4796776 3.408015483322957 
Car -1 -1 0 607.6096343265204 179.3517206559396 646.8718752856306 209.42838737421442 1.4717079 1.5635386 3.62724 0.88519585 1.8311338 38.01845 1.4512177 1.5247752498093081 

