Car -1 -1 0 731.467309590266 170.66171467034303 1028.3406309729767 365.2546267725867 1.5433681 1.6161227 4.1940355 2.5027776 1.5259805 7.8270693 1.5615978 132.1169750840957 
Car -1 -1 0 693.1204029661995 172.93338453589402 812.5502174503068 268.0566992302636 1.5776417 1.6158725 3.8627548 2.6026 1.5793874 13.918916 1.5929446 72.46266267704141 
Car -1 -1 0 177.2051905568864 188.58034389612058 464.25622880483 304.88551317699444 1.4870965 1.6204723 4.097018 -4.5477147 1.791103 11.868127 2.2831535 147.50351878336568 
Car -1 -1 0 674.7185593191969 176.9820220393155 753.5260949019804 243.22425115675344 1.5359237 1.5572112 3.3801022 2.6079087 1.6522163 18.63387 1.5745399 50.54504468950322 
Car -1 -1 0 419.2584096096867 181.5467843480786 514.201445231104 226.4426020566281 1.4283102 1.614043 3.8242803 -5.144033 1.7614866 25.686203 0.8495244 45.814185096187515 
Car -1 -1 0 463.35379141361807 179.69503548203116 559.1074996378194 215.1072103559586 1.4540472 1.5972252 3.822628 -4.166309 1.7557399 30.901041 0.06394346 28.614181903224747 
Car -1 -1 0 647.9930097739613 162.63008019957783 702.5280595496945 213.51776180864846 1.9030297 1.7470137 4.4649477 2.5773654 1.520689 29.226673 1.5578829 31.467347105224537 
Car -1 -1 0 642.2124148056341 175.03932141102229 682.0282398241471 208.37826189283348 1.5067434 1.5394535 3.4538598 2.4730768 1.6168244 34.592766 1.5351851 7.545441525031323 
Car -1 -1 0 531.1840831078924 177.08663232734443 573.3916165958391 201.60292344431576 1.509665 1.5367682 3.6795027 -3.7782736 1.7977002 47.109985 1.1272084 0.355286568403244 
Car -1 -1 0 628.0521650441185 176.12105822367815 656.4327874294169 201.16919307056963 1.5084383 1.5495436 3.4004574 2.0335088 1.7228022 45.62194 1.5433047 0.5749783515930176 

