Car -1 -1 0 419.6575081979343 178.6275640549655 497.3857286963087 236.04889836513885 1.4323146 1.6151805 4.1177287 -4.1842184 1.613483 20.53165 1.5020845 94.74796104164211 
Car -1 -1 0 146.33071617711082 178.6622437682293 414.0765040496743 349.67835086539236 1.5021117 1.6332831 3.823298 -3.487311 1.5859009 8.440085 1.4938574 109.39145832656091 
Car -1 -1 0 935.6744694271066 202.60196301705471 1242.0 369.4979845941249 1.4105829 1.5715292 3.6922476 5.440171 1.7384821 7.166074 0.00074106164 85.96391122570553 
Car -1 -1 0 723.0757244633361 184.8978426334995 908.4038461589207 248.26679778855052 1.4039811 1.5976112 3.9593835 4.8525157 1.7079899 17.277365 -0.07014166 45.185108710967185 
Car -1 -1 0 850.1960512550036 182.1575498566323 1170.3290075927353 303.6809099960214 1.5328171 1.5944281 3.6362617 5.4688125 1.6748893 10.127896 -0.051940877 62.67496310181 
Car -1 -1 0 703.004710861388 171.54797996293652 871.68330995029 232.08636665731115 1.5985279 1.6790445 4.2423124 4.8723106 1.5640421 20.079994 -0.09043156 63.52743220928461 
Car -1 -1 0 591.0696178315798 176.43796652756865 620.3500266386683 200.89187206526012 1.5106189 1.5582685 3.6457586 -0.28601918 1.7535839 47.021057 1.4672859 18.076619097762826 
Car -1 -1 0 792.4929348032787 185.4132572321406 1064.680521798756 279.09265844801075 1.4588994 1.6090369 4.041005 5.4103823 1.6936975 12.496171 -0.095304646 35.09892794929992 
Car -1 -1 0 647.048798445138 177.63662569018877 744.0723947168054 211.71028639974583 1.4799951 1.6263987 4.087899 3.87574 1.7047939 32.78581 -0.16019225 9.562353002538998 
Car -1 -1 0 657.8258341947948 177.20202513377328 718.747497045789 217.2295319778775 1.4368579 1.6108207 3.7715416 3.0107477 1.6191238 28.286491 1.4657207 12.793363180973536 
Car -1 -1 0 342.5719912468987 171.4926735737736 424.1667621173194 221.11473047003074 1.4776464 1.586742 3.9506981 -7.2521887 1.4371086 23.496933 1.5230386 0.6072861674291856 
Car -1 -1 0 488.95227614104044 174.86585391663732 521.3479436912725 203.01742298769966 1.5264287 1.6065438 3.8793967 -5.9470496 1.6474617 41.40829 1.4880733 0.25135675072669983 

