Car -1 -1 0 697.4666641251744 180.37246907805803 856.8655968213279 287.045432900297 1.4264697 1.6141152 4.0773144 2.5636787 1.5729125 11.996321 1.5465698 118.2703852486783 
Car -1 -1 0 661.3019371125962 173.16795917522452 726.6700041068661 225.5341099743737 1.5475249 1.6213534 3.8094695 2.6357074 1.5584782 23.259462 1.5596812 55.140651246402896 
Car -1 -1 0 16.519889392123208 186.05809491029802 357.77914598961854 318.85044270978364 1.4244089 1.5819671 3.741406 -5.549571 1.6349626 9.792976 -0.6033121 146.7744028538677 
Car -1 -1 0 258.0265442030511 179.73881520776928 449.48186409950785 259.00031021716234 1.5146267 1.5970465 3.7205138 -5.4830713 1.6772686 15.546717 -0.42783758 41.85391923620622 
Car -1 -1 0 685.5575360152443 177.62481032605936 771.9288251699818 244.8821807286497 1.4686471 1.5603418 3.4455702 2.824597 1.5972483 17.725002 1.5732162 46.38478438429786 
Car -1 -1 0 154.7766366404206 179.1354646614177 405.11040282735746 280.89726277865265 1.5468689 1.6131498 3.7784708 -5.6750784 1.670846 12.699635 -0.4450601 48.05190918529756 
Car -1 -1 0 428.9383403013212 175.4001294288446 532.6748921407838 212.09548145621451 1.4828243 1.6443713 4.1029625 -5.539717 1.5993974 31.221779 -0.5811703 62.55586318113975 
Car -1 -1 0 647.8656522601888 173.3716746671305 686.014992458429 206.29011302043384 1.5223553 1.5354182 3.5216286 2.7526495 1.5488768 35.195072 1.5574037 16.2242437430096 
Car -1 -1 0 469.8203778190804 174.37211717956376 549.3425298793622 205.3674309251293 1.5119205 1.6036487 3.7092185 -5.1127763 1.5932868 37.01523 -0.55350757 25.299058322819594 
Car -1 -1 0 489.70169068534346 170.48061592994975 556.9170293236116 198.42340357216534 1.5943431 1.6190763 3.6147337 -5.1051145 1.4589237 42.81326 -0.5584152 0.5381961664576085 

