Car -1 -1 0 121.41523309377867 174.36012421454487 249.14886143954385 221.26673072050704 1.4597403 1.733649 4.5265574 -14.420685 1.5163698 24.86467 1.5726343 81.37025678354834 
Car -1 -1 0 324.00146126788195 170.79715594023438 513.8689351208517 303.79944472830135 1.6288108 1.647993 4.1420145 -2.6210372 1.6036216 10.936441 1.6078882 132.17430826639978 
Car -1 -1 0 458.071794160524 180.41016454191615 552.6282816877401 248.3849937573405 1.4381344 1.619653 4.240124 -2.445504 1.6478486 17.883644 1.5988729 77.02463981571928 
Car -1 -1 0 253.608244181278 176.64907099268427 330.18006200010313 210.47935924938545 1.4520787 1.673419 3.988993 -14.622221 1.638659 33.449005 1.6084802 64.98156930701307 
Car -1 -1 0 0.0 170.26729639521278 132.91489971195875 234.11820299708373 1.5410347 1.5506672 3.4054685 -14.587547 1.4786048 19.143543 1.6064765 84.35282376161744 
Car -1 -1 0 720.6286770517016 175.98990966820915 806.6348094690427 236.9079508590932 1.6498232 1.7282857 4.3113966 4.553259 1.754524 21.927202 1.579705 82.1954088961005 
Car -1 -1 0 914.9337164815561 186.84398945514218 1059.6438844905608 235.01765712842555 1.5808887 1.6824149 4.202388 13.107418 2.0874586 25.177883 -0.05167242 71.57929095504291 
Car -1 -1 0 517.3883807144975 173.44898223893415 565.9070745897519 220.79475482859755 1.7799265 1.6208225 3.8559492 -2.6746433 1.8055234 29.107933 1.5636735 25.76847192399362 
Car -1 -1 0 1060.2195559793495 183.87915198639325 1242.0 264.16805274768353 1.5965139 1.6654502 4.077711 12.19358 1.8450478 15.42214 0.0050916164 47.40377330722165 
Car -1 -1 0 496.5175485664492 179.83034054858916 559.4824286370904 228.04650599647644 1.455591 1.5992346 3.577098 -2.6492836 1.7063025 24.118444 1.6008401 37.9693434528049 
Car -1 -1 0 318.9925912015016 176.2300606206405 372.47652365589187 204.40070930237212 1.4524119 1.5647159 4.215971 -14.492196 1.6488819 39.85164 1.5297201 5.348975606348795 
Car -1 -1 0 669.0409756039703 179.8838271833753 700.8717977209094 204.38999522573968 1.5099497 1.4971008 3.3015091 4.890726 1.9858123 47.138668 1.4934725 11.622441127983718 
Car -1 -1 0 545.7043269975344 177.9739749392635 584.6873423363886 209.6559236053693 1.5208113 1.5635469 3.6141558 -2.2328987 1.7971251 37.087116 1.6338031 8.6044108221157 
Car -1 -1 0 476.66806220270024 175.22510328811452 501.2768964562576 194.64196687808433 1.7475195 1.6515272 3.9605236 -11.231452 1.9755467 67.40637 1.5668764 1.7841512443041234 
Car -1 -1 0 981.8881029409584 187.23904549740604 1130.7987429674133 240.0237528847758 1.532599 1.5977448 3.7272236 13.8322315 1.999292 22.442604 -0.09171753 0.2778048813343048 

