Car -1 -1 0 722.9726159825361 175.0639006126444 928.944676881833 327.81358687102255 1.5811229 1.6122113 3.8671243 2.563249 1.6161098 9.474217 1.5905809 120.00341357875465 
Car -1 -1 0 689.0421755404601 179.03931807140776 800.5328655327158 268.58218446536125 1.5146389 1.591599 3.6579242 2.53834 1.6530702 14.3041315 1.5905799 73.02969297763957 
Car -1 -1 0 0.0 193.90675837189815 397.5549760448815 375.0 1.4868559 1.5678334 3.7967827 -4.331976 1.7650108 7.5816956 2.279527 122.31849508620714 
Car -1 -1 0 446.71933693662805 181.17764508695583 554.7715696878427 223.2444045575009 1.4686582 1.5834208 3.656014 -3.952342 1.7855484 26.518461 0.08912808 45.49735386004391 
Car -1 -1 0 379.3779971095479 183.35852693319106 488.8309222121828 240.19534510895164 1.4606627 1.5985211 3.6402342 -5.2023993 1.795902 21.134722 0.8456603 81.25683669039674 
Car -1 -1 0 615.1143841120561 176.60045866402828 661.999698621588 204.31346079533017 1.4898756 1.5492697 3.428376 1.6097953 1.7133553 41.168533 1.2452099 17.066705269764007 
Car -1 -1 0 295.3246274643436 191.14403863843316 366.3130971550019 229.173800018187 1.3902205 1.5407561 3.5822494 -11.462585 2.1936383 29.899158 1.5765026 20.081359194608535 
Car -1 -1 0 648.759231781227 163.22151330209903 719.3874930513756 224.60839885056154 1.9296981 1.8157672 4.604024 2.4723039 1.6269006 25.014729 1.534824 59.58948348991486 
Car -1 -1 0 336.43536009640064 186.51447845420125 395.21136749985874 222.2599202177662 1.5438018 1.5437233 3.6876972 -11.552721 2.2304642 34.4217 1.5753978 16.27071923009504 
Car -1 -1 0 645.4741889348038 175.80033244988994 689.6473561115029 214.55365341692016 1.5218613 1.5626295 3.65232 2.3911653 1.6536272 30.44085 1.5686995 8.732131001694574 
Car -1 -1 0 387.51691716641415 183.69475337661618 430.9998736757019 210.78278050131152 1.4721291 1.5465517 4.0629597 -11.848225 2.1475198 42.90296 1.5465379 2.0785239961314783 

