Car -1 -1 0 886.7640360912533 165.06031258914598 1097.7724753874454 226.75530218409256 1.445763 1.6633176 4.3129787 9.331166 1.2631253 17.852747 0.052748814 128.42142996188966 
Car -1 -1 0 564.7328862066474 167.29785362329088 651.3110920211026 209.30124336740172 1.4842433 1.531556 3.31147 -0.0094509125 1.2879096 27.266743 2.247821 78.46462360340713 
Car -1 -1 0 671.0391952365151 165.8911710111127 857.3503898476127 231.20094431912497 1.5437202 1.6931012 4.394784 3.8002858 1.3791405 18.201672 0.14090487 148.23798710903728 
Car -1 -1 0 1051.5539589377324 154.17040879606887 1105.5696801950169 195.28088715492794 1.4150677 1.5807883 3.768718 17.381035 0.7719579 26.856213 2.1191702 17.433017267703207 
Car -1 -1 0 1086.975838322184 157.306733316378 1242.0 224.12649957182964 1.521327 1.6460314 4.080901 14.010791 1.1673527 17.28015 -0.014469659 88.56480182525543 
Car -1 -1 0 634.3070027511504 165.9970621079431 724.891467917103 206.65709504986864 1.419019 1.6126444 3.8589528 2.70664 1.1797144 27.205433 2.220695 52.41127917971267 
Car -1 -1 0 227.38739764408965 178.03486418343354 342.0283236444563 222.04613253595957 1.4728658 1.5487704 3.3325577 -11.335198 1.661053 25.28635 0.090900525 57.29600787481243 
Car -1 -1 0 794.8698965682449 159.68656526322079 878.243483293789 202.6156250583975 1.4316854 1.6373113 3.8701475 8.26896 0.99255097 26.094772 2.2292304 10.5881866298233 
Car -1 -1 0 886.7249911740423 155.5389984489721 964.0171761419748 197.06572361854663 1.4472874 1.6449767 3.7969718 11.922581 0.8438257 27.127357 2.273385 9.313035928323924 
Car -1 -1 0 1130.4836008632003 153.7434259084866 1242.0 204.4955946970691 1.4681532 1.5909588 3.755577 18.358292 0.9153245 21.952236 0.15721524 6.235786799850226 
Car -1 -1 0 711.3154074790109 167.53622904439788 792.802539286168 208.98262568818367 1.4204645 1.6259214 3.6470873 5.3291483 1.238212 26.689352 2.180289 2.3818112939690486 
Car -1 -1 0 868.4903354791174 150.68335964124822 896.9354848974288 175.31322886365692 1.7712038 1.6537051 4.160162 20.442505 0.17684984 54.115032 1.8491259 0.6813806892358076 

