Car -1 -1 0 668.6111451372902 179.22968467320035 741.1009176714865 232.6433280471844 1.4167662 1.5948822 3.8182104 2.7470822 1.6239138 21.520176 1.5532793 80.79134812010427 
Car -1 -1 0 720.0187382409625 189.2261623182857 932.919558298194 332.97945898755455 1.4025025 1.5874044 3.8367152 2.5454512 1.6596122 9.404713 1.560573 90.60664075110267 
Car -1 -1 0 243.35176358956915 185.89011951677324 320.35810142046125 222.43699283633788 1.4404162 1.6434402 3.9486961 -14.353901 2.0514755 31.837463 1.5587032 40.85840166501539 
Car -1 -1 0 696.0610885039482 185.75241746214473 813.5191613982739 271.46765928495284 1.3878064 1.5672026 3.7725031 2.6927915 1.6744525 14.143326 1.5777683 46.86278683881314 
Car -1 -1 0 574.7192999130405 171.70741735875194 631.083424792869 226.84464646887417 1.6373838 1.6741582 4.377405 -0.21106383 1.6033342 23.620983 1.5646285 36.03402455029831 
Car -1 -1 0 89.67073553755668 190.19340753052975 217.02102029472044 242.13130329028445 1.410824 1.5844648 3.795566 -14.237892 2.0041502 22.781748 1.5840294 63.591875272933386 
Car -1 -1 0 638.7701907670312 175.21014912733426 677.0916328960913 209.5851786654879 1.5902605 1.6054729 3.4219959 2.3238025 1.711271 35.336807 1.5581144 27.57455055538652 
Car -1 -1 0 662.0429681447993 178.79151269188 721.4251981407152 223.8239258934516 1.483104 1.5459561 3.4771943 2.893484 1.7118607 26.016155 1.5093185 9.062957108229012 
Car -1 -1 0 678.9665674665297 163.86251764340463 705.9447873297311 183.36992414544164 1.5136139 1.596947 3.4831116 6.60473 0.8159487 57.76473 1.5207076 13.40897788917479 
Car -1 -1 0 630.9242441874053 173.34671910048021 659.3013045418571 197.44532400122583 1.6329267 1.609852 3.9649825 2.5520046 1.6692137 51.05784 1.7221335 0.8416620109149479 

