Car -1 -1 0 720.035767813986 178.82234688521953 822.045392367222 257.68261328765897 1.522611 1.6106935 3.6576931 3.4664497 1.6710235 16.07782 1.6173985 92.87234590340817 
Car -1 -1 0 679.1644572162672 175.51447279330307 730.1334038414188 217.22514187358829 1.5808821 1.6216764 3.463443 3.8004055 1.695318 29.302048 1.5733291 52.82749019577937 
Car -1 -1 0 453.9217778471784 183.04943401972187 577.3478182796663 231.98648483194418 1.4180863 1.614033 4.100252 -3.129931 1.7787971 23.61637 0.6752088 38.18202714584772 
Car -1 -1 0 274.60028492327194 197.0360945487508 475.9918018850578 305.3700475479295 1.4218994 1.5542258 3.5767984 -3.9792647 1.8831801 12.008647 0.70980215 98.6353971046825 
Car -1 -1 0 663.195429683179 171.89062430484063 695.3054444289183 203.52843191754857 1.7988663 1.6230745 3.6148298 4.0979724 1.7440903 42.84764 1.5896105 24.66913016531003 
Car -1 -1 0 525.4302595638052 175.07227079101517 598.4085319696342 204.3055968285026 1.5572741 1.6335225 3.745126 -2.6508641 1.6865447 40.369667 -0.55275154 8.340025669395365 
Car -1 -1 0 483.59236513499866 181.54661524397235 584.2485806594041 219.8522315563594 1.4459629 1.5735844 3.7721581 -3.0729876 1.8166046 29.32738 0.38536096 3.8779591860842677 
Car -1 -1 0 111.69028953545615 188.82902123831505 269.99746435187603 273.77740053167685 1.8200336 1.6214495 3.930527 -10.346838 2.2669501 18.19648 1.6015148 18.219690526720445 
Car -1 -1 0 402.34897254799057 187.65713636479143 551.9221791635447 255.61449438259072 1.3977652 1.6102288 4.051393 -3.3428884 1.8024908 17.72102 0.790676 57.20639585977964 

