Car -1 -1 0 863.7597161237034 156.71330722912384 970.7611441051029 239.66867220790448 1.5930903 1.6338662 3.9817321 6.661052 1.2831213 15.990791 1.8317935 99.95961409533145 
Car -1 -1 0 759.7158124280573 143.2063678892513 825.799803720789 206.3180054805146 1.6475286 1.689836 4.2831078 5.3282833 0.8735774 21.116055 1.8085934 38.22986723028063 
Car -1 -1 0 142.11118508588675 144.91145774933867 274.89838457587246 194.0725653954574 1.5292944 1.6062156 3.7966776 -13.17286 0.66006297 23.740526 0.27913943 56.11480825078418 
Car -1 -1 0 481.5409463509585 141.59877881421744 541.8313696672568 172.02535305024153 1.4321636 1.580223 4.0341578 -4.8414574 -0.044080734 36.23119 1.8274568 21.409382200412097 
Car -1 -1 0 846.8327079754057 149.9915060449616 905.734464743709 194.4016720682386 1.4321662 1.6414675 4.171213 9.335085 0.6948824 25.499428 1.8491151 26.49240983265265 
Car -1 -1 0 434.5544877292444 145.124778138234 502.6158412535319 179.15108668920018 1.4251888 1.5302942 3.4702682 -6.204424 0.26375273 32.10354 1.8630133 60.39457864791225 
Car -1 -1 0 909.8105006903805 179.91843698161864 1242.0 328.31972334579194 1.4112327 1.6377392 4.3675685 5.874061 1.5116396 8.635476 -0.40896875 36.44011669797257 
Car -1 -1 0 534.9930577736544 139.561321502436 585.035782026302 166.5366647444762 1.4875033 1.5830249 3.957668 -2.8901453 -0.3943375 42.911873 1.8923612 17.93799473807083 
Car -1 -1 0 842.4400260814441 140.87172409388853 882.3623939693176 171.78970756873827 1.4944898 1.5639266 3.3069386 12.841427 -0.056897283 36.786774 1.7967643 4.342724078479959 
Car -1 -1 0 227.5245099399814 139.3208254793768 341.3555332554315 186.85557203818001 1.650171 1.6310695 3.7513378 -11.920763 0.48606512 26.47342 0.36081487 27.66104835351122 
Car -1 -1 0 39.97179201770966 148.12155891875614 201.3044864055088 202.25147456667892 1.4596391 1.6354382 4.178911 -14.1292 0.79271686 20.874475 0.31098744 6.0265790553873355 
Car -1 -1 0 291.93153149814077 144.2974911155834 399.8056727770374 182.82747742253164 1.4808869 1.619798 4.032759 -10.673901 0.38332707 29.2132 0.3680469 9.750501123591201 
Car -1 -1 0 853.0579314448802 153.8459572310759 933.3540420621067 207.62084663421632 1.3980782 1.6533108 3.7116964 8.048626 0.90389335 20.756783 1.8068933 0.7546104151003892 
Car -1 -1 0 829.5550486142712 136.00092320910989 858.4078150488489 159.6270533277024 1.5057676 1.557644 3.8515778 16.399727 -0.96175754 50.387756 1.98002 0.5603975431656771 

