Car -1 -1 0 495.21786520335513 179.56903469261746 548.2106675399862 228.94306467828378 1.7165424 1.6162684 3.8009806 -3.2800546 1.9904511 27.518627 1.5547935 61.89314327309574 
Car -1 -1 0 701.9024884296332 170.3065217663918 931.8221099106653 257.545083612859 1.6567948 1.6861562 4.1801996 4.1208 1.6084142 14.714117 -0.081782505 124.03641058033787 
Car -1 -1 0 689.9575506600853 180.7009058358963 821.4700464055157 229.39816082131068 1.462119 1.5994141 3.8431954 4.536153 1.7188598 22.770752 0.019518493 33.36315331295147 
Car -1 -1 0 528.691298838358 175.38897989927304 567.1519893136311 211.65237174876629 1.8010795 1.604139 3.9066873 -3.2018747 1.9418119 38.08459 1.5954086 26.18025926900075 
Car -1 -1 0 265.9140088557268 195.76752381128009 379.8934671674681 267.8116245784861 1.4441991 1.5893422 4.2748103 -7.010099 2.0888023 18.085058 1.4580439 29.81811386411811 
Car -1 -1 0 145.33804029832748 175.88611936905053 432.585609997113 375.0 1.809199 1.6830883 4.3241453 -3.4366226 1.8550375 8.716307 1.53389 68.32601680661638 
Car -1 -1 0 550.7196918712194 179.5314453819585 575.8287976250347 204.97761208919192 1.5614593 1.5541246 3.7947223 -2.995234 2.0162559 47.215607 1.5293962 5.823173972113449 
Car -1 -1 0 673.3116675455261 171.39254145594742 786.5828629903998 222.35720834895352 1.7478948 1.6557381 3.7182517 4.2154026 1.6977721 25.628286 -0.029464163 25.78494264746687 
Car -1 -1 0 676.2220292159592 172.70856161924306 733.574494338764 218.66808693313865 1.7541008 1.6635263 4.0023823 3.8295057 1.7485498 29.57299 1.5284191 2.9091215556243077 
Car -1 -1 0 561.6710465940431 179.4605958120451 598.126643223449 199.82945858896417 1.5341635 1.5513248 3.8809724 -2.3362846 2.0824258 57.789482 1.9220506 1.2019496375568293 

