Car -1 -1 0 0.0 184.30806119057186 169.95332754410705 288.4669101683165 1.6729867 1.685014 4.0883465 -10.386583 1.9178593 13.69742 0.5062849 82.60406288195175 
Car -1 -1 0 1072.3727366300295 154.406526844879 1177.5338542786467 192.32156564689214 1.6172762 1.6649457 4.0739813 22.95474 0.8303941 32.157932 -0.2902057 40.19304702413465 
Car -1 -1 0 235.14056230569386 185.02616926885406 308.8932056666742 231.0175024425305 1.4020138 1.670923 4.075001 -11.741421 1.8663137 25.337435 1.3058125 16.396743638600576 
Car -1 -1 0 308.5614785440241 190.86694614684 387.1368548661379 225.0247708449946 1.6211666 1.7242966 4.190407 -14.014608 2.64859 38.892967 1.9055882 10.406124780137379 
Car -1 -1 0 450.4883340780881 176.57949074541938 533.221599203137 214.05526781434227 1.4731636 1.6754467 4.176182 -5.112238 1.6440834 30.947554 0.8986399 15.499477475472682 
Car -1 -1 0 398.7998047155692 178.90569731090577 481.52717427024595 220.8627250265688 1.4692751 1.7048045 4.196229 -6.670499 1.723577 28.112171 0.96075124 12.584608223682801 
Car -1 -1 0 1030.8224428546416 159.31744520070305 1115.534900498056 191.69075846198646 1.4879221 1.6220664 4.0285387 22.369753 0.8657632 34.797234 -0.46932796 5.470689247174475 
Car -1 -1 0 813.8373886773339 164.1492460678343 837.5201405914491 182.00623754509897 1.5569224 1.5789174 3.891805 19.495869 0.79796857 65.00881 1.984699 1.9315956055022412 
Car -1 -1 0 82.37004683273138 190.09710990685113 193.4685216439125 238.73160873245394 1.450426 1.6328045 3.7719069 -16.098246 2.0911727 24.858017 1.4771563 1.567509611092871 
Car -1 -1 0 701.4294695863061 162.37780840094052 731.4543514071256 179.91140959800057 1.6387143 1.6895055 3.9713693 10.3371525 0.6595948 69.58876 2.0414143 0.9113171460648636 
Car -1 -1 0 787.8217033559979 167.12770215647842 811.4110555597479 188.86151286952807 1.5333924 1.554638 3.979907 13.931385 1.1293828 53.020664 1.7976089 0.8675402716713732 
Car -1 -1 0 170.829739938015 197.81932734667987 248.0761090669639 227.6913399697124 1.4968473 1.6006417 3.8398924 -22.119265 2.9258585 39.899258 0.34432793 0.5598503841258201 
Car -1 -1 0 485.39663901060396 176.01979902977843 577.510737546088 211.06837513958075 1.5034735 1.6076854 3.8462553 -3.536989 1.6533335 32.686363 0.38635007 0.7806492914402993 

