Car -1 -1 0 361.54708182335077 191.4431398789059 492.59004991476087 277.44984115056957 1.4235529 1.6631038 4.3692636 -3.615178 1.868512 15.080366 1.5633863 114.27361001109689 
Car -1 -1 0 661.1459555534699 188.83968085556208 725.8037086331299 243.245419206219 1.4266477 1.5982571 4.2829494 2.50239 1.9696095 22.34831 1.593539 79.03492957893158 
Car -1 -1 0 692.5322466476256 189.9471641554265 820.8989759139771 283.0311560514571 1.4682803 1.612551 3.768556 2.6882563 1.8449562 13.991339 1.5390383 103.55101520430603 
Car -1 -1 0 516.9993601782045 186.19979814106924 554.2124232388416 217.9196453110576 1.5719814 1.6044059 3.9784954 -3.9901223 2.33816 39.429573 1.5764124 28.630377181900258 
Car -1 -1 0 636.5861131945506 186.25203225583513 676.0792017667449 217.76821070295918 1.5264261 1.5982425 4.0113606 2.4586587 2.2841268 38.749634 1.5024142 22.574690400851505 
Car -1 -1 0 430.8829371242298 179.91775778416874 475.8219717441348 214.5130205601551 1.7879579 1.6986002 4.2137976 -8.65578 2.2032108 40.288216 1.5446072 11.000473619580749 
Car -1 -1 0 649.2048784912253 188.0488943456654 710.5301513627094 230.83514992153414 1.4954765 1.6242293 4.0675154 2.727555 2.1471553 28.83264 1.4572324 15.169384775290428 
Car -1 -1 0 550.9217376984425 187.85420454206033 577.3415021162816 206.08463031104583 1.5033536 1.6943586 4.144996 -4.068767 2.9035082 65.197014 1.680907 4.6365861010329805 
Car -1 -1 0 632.4156460625791 186.28580602314204 658.7625050549201 209.94046221901118 1.4852707 1.5184517 3.7214742 2.5013657 2.4420285 49.45336 1.6986117 2.4625554993960055 

